Waf: Entering directory `/nethome/gsrinagesh3/ns-allinone-3.24.1/ns-3.24.1/build'
Waf: Leaving directory `/nethome/gsrinagesh3/ns-allinone-3.24.1/ns-3.24.1/build'
Build commands will be stored in build/compile_commands.json
'build' finished successfully (5.465s)
Load generated: 808877 bps
Number of response times recorded: 19499
60
44
63
64
219
284
223
127
135
140
182
227
312
292
362
316
318
336
528
353
563
564
574
381
699
588
418
704
372
528
661
633
490
527
835
575
706
247
424
480
848
307
770
495
693
527
652
1132
367
444
376
576
672
358
1201
698
757
434
644
841
437
1021
583
660
597
609
668
546
646
1379
649
506
1173
1100
896
1863
447
591
649
652
753
603
299
927
618
421
432
449
859
664
859
1136
1826
717
1884
1979
1201
717
2047
650
656
1938
1883
515
525
1667
833
410
411
901
763
1268
678
700
425
632
725
501
618
1073
922
838
619
2595
2135
670
1128
1977
410
2576
704
2215
2270
2009
1316
500
810
886
2087
1775
698
511
2667
510
1913
316
686
3191
2953
810
2087
2692
509
513
515
454
2407
560
2514
2310
2118
2567
841
2070
644
2109
1847
2046
2217
3713
780
975
871
3468
3694
839
3796
705
2760
2493
633
579
3710
766
3395
1965
1993
2699
909
3254
3693
2435
3641
2771
489
4076
3527
2148
720
2006
2689
3412
823
2400
2673
702
3675
3612
729
2091
505
479
931
1649
3980
2576
3113
1048
1904
923
2281
2016
469
594
4084
3720
1954
651
4870
3580
2458
3229
3966
4779
3925
3962
778
452
3966
2762
3636
754
4597
559
3729
636
2454
3422
3369
2249
3778
3535
2714
553
2528
473
4247
3623
3982
364
3735
2167
3685
1953
2782
3609
3610
3613
3256
3627
3731
522
3743
4641
2762
3584
3581
1347
2590
3615
5637
5250
2743
580
2831
401
4927
2175
5876
787
748
4338
3055
654
4158
703
3429
2640
459
1901
5216
4009
2130
4150
3777
587
5708
3444
3845
3494
4696
3503
3871
3441
3721
5180
6172
4362
3591
5459
3615
737
2853
5333
3202
433
6006
630
6387
418
799
5467
720
1983
1708
6669
1537
3817
765
3696
6591
2225
6028
666
3892
650
3815
3126
557
3972
729
4008
504
2725
2774
4522
5577
4601
4554
6852
2712
4747
3613
3433
6712
7174
674
622
5570
3487
5956
839
3708
850
3079
3213
5731
7147
496
6647
6427
689
2569
7447
4013
2357
5955
2644
1834
3787
4019
6200
2580
4740
3039
2593
4138
2624
2662
2285
539
6395
5879
8195
7035
829
1841
3868
2464
996
7787
1833
8502
5944
5576
1921
8379
6761
3234
1922
667
8131
5513
4865
2482
649
8360
449
3781
3545
7076
5362
3900
440
3086
3787
2366
3781
4024
3278
6695
8641
498
2658
3931
5149
3980
5880
4979
2651
7192
6509
6633
489
7862
3716
5165
5232
3883
2490
6251
4094
5659
6309
3786
6688
6611
6693
1990
4547
7977
3565
598
7582
5321
3303
7720
3688
4874
7922
7642
5340
3599
5586
5320
3767
3770
5136
3526
9438
6336
4083
8998
6779
7216
5654
5659
4319
3784
3009
9723
4019
4839
2815
5376
6746
8801
4815
10101
9736
3399
3441
1681
7140
6191
4503
6979
6971
10473
5540
2673
7176
3560
664
3947
3454
5218
4015
3713
5158
5787
5985
6198
2570
7230
5128
3912
2651
6902
6659
10054
2534
6910
3598
1737
1887
3826
3930
5238
3662
6593
6437
5946
8638
8645
8379
6875
5885
6694
5377
5669
8317
8710
9810
3762
5028
5717
505
11195
2879
3688
8613
6590
5311
5526
4319
6674
9760
9747
2370
10067
5764
6827
2679
4837
4273
4921
8307
3985
2659
5489
3588
10501
3727
4404
5245
9977
5949
6664
7051
2474
10036
8212
5560
6546
5350
5824
11885
9232
10117
6988
5670
3636
11697
5400
5496
7479
12337
5856
6874
744
8251
6953
10241
7784
6962
4962
11669
11097
6078
538
12364
3639
5195
1970
4497
6791
8591
6881
7742
3539
8546
11305
2544
5300
3823
5668
9653
3827
9787
3903
5071
6916
4426
6622
12693
5185
11530
9701
3810
7207
12828
11948
3630
8704
9990
7801
3566
2749
7955
10169
6951
7904
4004
4032
2666
6775
12741
4243
6622
5297
5522
5504
5487
11500
5777
6051
11319
7112
10865
8722
6800
6542
9128
684
4686
2755
5497
6954
8021
5784
4792
750
9956
6531
12507
7214
7193
13662
7481
3732
7572
997
6033
10937
9580
8287
5728
12703
9676
5070
2278
10957
9063
4686
6121
10759
5619
9845
3689
13134
5576
5532
9507
5324
9538
8472
5549
551
6585
10058
12948
8990
14576
5191
8227
624
3757
738
3760
13045
10554
6543
2319
11257
5647
11358
9189
8135
10970
4026
4525
1944
13832
5531
11693
2789
2761
11193
6760
6773
9293
13689
13686
10060
15602
11073
9927
3753
4813
8879
10690
5743
14106
4083
14906
6454
12668
5794
8927
9804
13686
9938
8734
6996
13765
1266
8464
9378
14824
4491
5699
6850
10906
11270
6508
1949
8107
13548
6560
7226
8551
12085
3817
7944
14851
5739
11668
11484
9136
9564
10929
12185
770
8522
7013
8262
10937
6713
9494
9594
15795
10021
2660
16333
9432
7067
15932
9582
9633
7330
14965
8489
9523
8470
3706
11855
7332
11387
8351
9911
7936
12731
8334
13639
3998
8468
6474
8874
6104
9208
16197
14528
825
13066
6737
9192
9908
9793
7053
3857
9072
5387
2596
12033
13653
12374
6885
11689
15996
14201
11049
12428
14760
16301
833
15751
14816
15494
6506
15549
8313
9661
4520
5097
13110
9730
12880
11577
15106
14093
11163
8464
11052
9944
3724
16836
3723
4150
10433
10038
7268
2759
11191
10865
9361
11647
9355
12781
3965
9062
3867
5485
18094
3699
12392
15164
12986
9075
13928
14646
11526
12467
11636
13952
6867
9863
13207
9184
7518
14834
10961
16287
14495
5850
3545
5873
11414
14495
18836
9278
11827
10369
12473
14734
12636
15792
14375
10968
13065
13126
9678
12852
13184
10006
8112
10055
10400
3607
3859
668
16518
11001
17752
13321
17530
12647
10199
10268
2659
11775
14383
10744
15991
6704
19401
6036
3911
12273
3860
17534
11974
7765
14169
19213
9136
12754
12889
18181
9593
8224
17029
8391
11679
15401
9794
10923
16765
6744
9816
19726
5716
3858
4943
4191
11483
10142
12200
14681
12820
12725
11870
4322
759
19207
15081
12657
12579
13272
9812
13072
18147
11540
17978
8878
8787
14629
11705
19584
17792
7320
18795
13137
6562
14679
13078
9825
6618
6826
13234
14925
12878
14461
19138
18525
16421
15843
20605
17942
12412
19064
3006
15635
17880
14195
15649
9875
3076
12366
14342
9619
13867
20084
2831
15484
9727
15871
10787
16946
17355
8744
9805
16434
17408
16643
18288
12257
5110
21798
18130
17635
17981
12639
9803
19159
13021
14017
18768
3770
9180
7143
21858
20180
17892
18122
9036
3586
18386
20039
19547
15599
18131
17156
5854
3800
11916
13088
17715
21607
13828
14401
5687
9770
14740
18629
18531
16347
21858
20750
19334
12634
19759
15805
17658
17606
15104
11612
17760
14997
9922
13706
10762
12494
6879
18172
4132
653
15781
16904
15715
23075
13771
19180
10991
4897
17962
18044
7380
4193
8669
21133
9504
3822
14830
9172
15061
18236
17055
20885
10391
18761
22322
958
686
15545
18783
10616
16814
2823
3935
3808
14458
7584
22125
17134
20737
21130
22547
14362
17544
22432
11794
3762
2823
16097
15836
20061
6106
15818
17977
20803
6115
14609
10057
6430
12868
16399
9947
17984
9751
8944
7393
19731
15358
16054
11748
17012
15562
19078
18752
15550
21678
20862
16070
20189
6412
11351
21077
25045
8812
13504
11969
21767
19680
11075
20244
16644
18580
20955
9626
24152
20900
18174
19010
14605
21697
18403
12845
17623
11064
11318
14900
7836
17385
19367
4625
12180
14065
4332
16224
14866
13087
16042
22091
6802
6570
18141
7193
17832
18553
20875
19117
12958
3790
9714
21092
9742
16694
20944
23143
9834
7075
4055
16503
6931
6872
6891
17723
20024
24392
20132
7469
16572
12116
20211
7051
16978
17226
20685
4117
5813
7547
17298
10446
19491
25369
25642
20178
17038
17172
20487
23364
23580
16927
25724
20712
6824
22157
615
617
21905
9707
22037
22271
6103
19091
22079
3813
20908
2076
27117
23967
3624
10763
16308
25673
8788
25456
4088
4094
8834
11734
19388
18808
22917
12804
20813
23181
16102
22444
13996
3265
6828
10154
22980
20924
8842
11871
4079
20097
13823
2837
14306
19183
8974
8815
22857
13278
18240
11693
13760
13455
5883
14922
20358
21582
25367
26361
9099
24711
22203
7137
14054
22918
25388
10254
12194
20849
8274
21372
11714
26864
21445
22608
14207
19045
20879
25041
5625
20354
26979
6668
24555
9763
7588
24470
9720
21455
13002
7719
24318
24401
27874
19090
6836
18107
13414
23353
9848
15522
21026
21752
5816
12594
23895
14806
25118
5697
6169
5724
22592
6007
12159
24712
25083
22553
14572
20080
22055
27905
3271
27460
12906
21786
16713
5658
20227
18294
17893
21047
15013
23723
2105
4459
12377
23848
15532
23303
12895
9095
18693
10417
27812
26664
6083
26853
29202
21815
26948
822
6148
12180
24585
25356
22348
8973
29083
27936
2777
22172
22134
6839
6895
28639
3086
27994
19640
7125
14834
21070
21694
15856
28432
26458
21682
29386
14473
7577
9910
28654
23710
17733
11294
12867
23817
16437
14432
25121
13168
15621
17443
3685
28963
16448
23242
21596
6073
18890
12632
17255
11425
8025
678
9608
26618
22877
15868
15843
21515
6362
21468
18454
897
10205
20314
24730
26938
6540
3680
10869
28015
8824
27142
18905
12862
13154
17022
6623
26561
25288
30097
16522
14840
12947
12611
2889
12595
19340
14803
6184
25416
30000
17320
2680
25136
10184
5889
919
21479
8971
25588
21064
10125
27591
24429
20448
3203
7514
23018
17532
19635
25774
9083
28836
7040
16088
22656
20687
707
19881
28050
684
22595
17990
3823
12790
26763
19340
13896
20787
25139
31753
5480
25434
776
24319
21020
26923
21701
9870
28028
13051
17363
11138
16735
16268
30449
9692
18100
21842
14422
25770
27394
11938
27832
27792
30811
9942
11768
23565
15038
17126
875
14858
24267
6317
7099
29101
14755
15103
6842
25573
26301
31148
21108
19205
20738
30923
24899
872
24664
8603
17831
15112
3863
16110
6732
12914
9688
19475
26007
23644
22263
32479
3847
22883
13189
3608
10828
20496
5550
26836
3851
15333
18218
624
5552
24557
32828
28355
9485
27931
3751
10504
18336
8717
12088
4082
839
7926
2782
3301
11630
27051
26656
25097
691
12852
23973
13919
10312
26740
32238
3850
3505
18925
21856
10852
6456
5716
24841
20299
27079
18738
12671
28132
34108
15186
22309
3801
828
20046
2412
22643
27484
32018
6840
7547
17186
12879
9148
28999
34309
4165
5635
5422
1577
31229
30984
13808
14541
3710
17671
5950
15268
19334
13872
32639
24092
32953
5900
26020
32042
2669
5794
30746
28238
35366
4637
16752
16284
22194
22886
36210
2890
20957
6781
34094
10108
9659
12901
16780
21901
9735
10160
24377
25082
3825
31118
10390
14158
16990
28976
24456
30497
11735
15770
30952
18757
34555
3799
14429
4770
18230
27848
29929
30552
12672
15727
22836
6899
35826
8338
17796
25361
31686
19109
33766
27523
28804
25645
19420
37636
23570
12976
24831
9410
15144
30136
750
32320
22230
12929
15895
26944
12683
3877
6686
4585
2856
10140
1897
25334
31217
34715
24014
7608
15533
33545
7921
15597
33068
3219
12945
5055
30697
5870
38300
8211
15700
9763
4680
22747
18134
7282
5215
15726
13346
14213
35324
14516
24932
33910
5372
17930
28794
20191
8731
5650
23411
36386
38173
23250
18307
12181
12606
34582
16757
31476
2645
34124
5711
28878
34814
31185
21755
24828
33608
30379
20277
3177
10586
5486
39968
9213
5271
11730
16093
37385
14699
2405
9869
35272
7360
8719
35725
38782
2728
7220
14955
21667
32769
32780
37313
2750
10986
13096
11775
24484
19695
14672
34037
33802
21795
22142
28956
6688
6723
19085
5855
27084
19324
11642
28423
32644
18286
22498
15347
39257
16491
11165
38279
17746
14507
7152
34324
20592
12771
20079
8276
9577
31937
27006
39804
18990
18421
9738
12374
37411
18702
7259
39024
33850
11018
7342
36429
9919
35670
20387
12144
39064
18917
16645
19634
9259
31911
26460
13339
6545
33975
32434
35037
5895
5889
5192
12943
23796
34836
20514
699
24853
21743
5765
27737
39441
37064
26373
20217
29998
12942
4117
24046
32876
42252
6044
26822
4771
23722
11084
28799
9899
27078
27083
28547
9923
39820
36425
30921
6591
22509
16242
37063
12737
24882
1188
36223
41981
11758
37293
35850
43053
8428
6942
3758
24765
9205
3845
20475
23667
24608
9737
21712
12372
26908
25506
34238
9967
27752
34976
35684
26158
29774
9614
9629
41184
37445
15442
15252
41640
771
33108
9882
25548
11355
35258
36808
21889
16152
25226
2698
17411
29715
1071
38345
28886
7549
36160
36149
21259
5531
3200
24894
39207
44362
30210
34049
36220
5611
14225
21306
12867
23231
37951
41588
3915
45173
26175
26317
5445
24136
17766
15589
42671
13398
37048
39065
11320
37420
38120
42299
13500
6881
5895
20369
16988
37159
17658
18291
11794
24512
6247
31208
13074
13076
39562
16864
13398
21880
15705
6355
30012
20236
10991
21732
6919
23810
44894
23448
7156
9758
4399
13339
20628
28152
38779
27900
19270
35387
20955
23761
46725
40482
12609
16829
22335
42980
36263
34967
19859
9865
38949
21260
20349
32598
47049
5452
36934
19154
15530
14309
24772
15994
41355
8167
24229
20755
39274
14781
34550
25705
30280
16949
13678
35456
7321
26610
7991
37018
34897
20444
40219
3262
11734
17358
14939
21787
2925
24176
30519
17417
6980
19014
18976
46707
747
28640
28487
7897
14750
39268
21312
25128
5133
11949
8396
29928
27328
43234
17141
7165
3808
15842
40260
25662
11770
21427
20750
44167
16058
5734
18188
34427
4165
9567
9697
36138
15952
24123
6867
26604
22272
9492
35034
6778
10944
36877
20128
13052
19580
6053
7073
10171
40160
32863
41396
35014
4773
28041
41624
9710
18219
36526
26758
26001
16431
43460
28861
10698
19694
28576
6742
47923
7835
42137
45686
15863
45679
18985
3985
17443
10375
8296
28965
16689
32893
20983
23091
16742
14443
30845
48993
8284
12776
18116
45866
5656
41142
34414
19005
28033
32417
42061
38758
47818
42338
24675
42356
29857
3968
33519
13208
30892
13857
43719
16440
44692
41875
21889
47445
9773
9794
16721
8649
7197
9835
22136
22137
12148
7123
19162
40515
4039
21902
49664
46117
38603
29058
44395
18359
5982
3911
14765
26808
22659
33687
597
47570
35986
31278
21997
27281
12900
17194
2658
14078
6706
2984
48797
49243
23496
40023
44724
27451
19658
3824
21793
2837
38303
13462
3722
27901
15587
49629
8210
11926
24808
13488
6031
10947
34356
22772
869
30680
32663
4209
20322
19107
51576
3051
5735
21889
28742
8168
21948
45898
15511
21806
1485
49292
36046
43576
23845
22240
35485
21830
19142
20162
8773
30425
30700
32975
53687
44827
12183
33379
4163
6738
6819
14878
14218
30921
4143
40860
12223
3035
51126
8714
8646
33652
9827
46590
3313
24169
11259
6115
6264
51468
29950
27635
30884
47174
40819
4590
6935
33877
20735
47519
33981
10175
12737
20249
25044
15913
23788
36656
4944
18996
2839
16447
6492
21346
5851
25181
10040
48571
36315
11474
16614
901
904
22958
24968
39084
21709
25211
39454
50286
50370
16565
29267
5190
49854
50065
49214
11671
5750
11733
34921
20373
50983
47573
22108
12952
37587
52537
4428
49394
33840
16386
37056
3799
16431
31369
44861
8187
50237
14010
17115
25285
37997
34704
21639
721
14759
47395
47387
6874
707
11989
51584
24490
52443
21037
20661
18995
56337
18148
32872
639
12454
26765
35729
18119
18119
5740
53385
16637
12150
18110
43027
52392
20253
28468
18563
21295
38372
53753
16135
36498
9745
10075
5702
58252
16305
14760
12823
49810
7761
10107
34974
5552
5613
57110
17259
3689
16018
49112
16099
12727
9626
27877
48268
3143
49384
13888
53629
39556
23858
22951
40572
2733
4174
6805
19306
6591
34927
11456
813
49751
10329
39931
37980
3649
28517
43538
16109
7224
13065
6795
1190
48594
6841
6519
21497
3851
3867
5714
52649
49786
14900
7084
40882
3856
7800
34248
26850
4097
4098
12834
25852
9264
25750
30428
9305
6521
29709
12631
28099
15158
13876
2767
20867
5654
36774
52158
5897
8563
16368
8222
51718
2247
41542
5738
37064
30712
56319
38677
4223
26536
18501
14913
2722
7935
7848
46042
7820
45311
11274
6234
52156
6038
17642
9740
18910
3902
32682
10066
38181
38858
5669
27244
5687
18793
10425
3245
8922
46912
46708
40315
11651
15919
39742
59803
9051
5811
4091
7049
8742
6146
19802
48739
55000
39005
62002
15704
29125
55056
9206
53362
16198
30244
24217
24220
11802
9371
25889
6684
6694
57931
9847
9874
3101
30866
8024
9616
30889
9594
41682
30571
6982
6923
870
46007
47913
3930
13620
61497
19292
31446
10231
9940
48086
61171
38481
1532
7629
12855
9676
14914
11796
53645
38406
23676
5075
54953
23396
12416
55931
39939
9719
17479
39605
54519
17672
50147
5038
5826
45690
30848
57827
3790
10158
54183
59318
18584
30840
19400
3754
42228
54899
34396
26795
21947
43006
34192
7971
11866
24851
8922
28406
31043
8227
3748
31411
9950
8727
10420
20117
21303
34948
12016
47289
10496
25420
6728
21533
56618
50413
12634
14641
31170
47733
4622
25491
9751
1199
50715
51461
55889
63955
57076
12870
11001
53191
29879
5450
40402
11865
3871
18953
13095
5862
47125
44903
960
978
934
51102
58671
3331
6693
7697
3930
47246
13331
63656
45003
3838
13466
24518
51850
56742
15985
47504
4100
13836
21923
13837
31380
24979
65574
3672
13931
24161
59292
53401
12173
7518
16040
14773
14079
7462
16671
15066
23545
5969
9752
6797
57686
4821
55142
24422
40191
43283
36277
30478
6077
10983
4898
7888
34197
39548
14609
6694
4876
13176
13187
30667
35938
49684
9959
732
13087
7012
6853
65992
49454
56945
56546
53816
62067
62156
7735
63674
66431
22104
9740
21270
996
24697
5805
37106
12689
59573
39042
4171
22407
36831
12905
51450
63259
16115
12797
26099
16172
5614
53602
15936
10674
47467
67631
55387
44865
16427
30075
36133
4474
4024
64791
12611
11393
63488
32968
14982
3857
13140
56967
49838
57269
11994
6879
62714
62419
2789
13923
11210
23629
3910
23703
25087
8003
664
25382
18926
40336
40974
64387
30410
55130
12194
9681
9787
2950
3854
6741
46279
7268
15888
64559
54882
15147
56218
58428
6831
30830
22884
64566
691
49115
57811
7202
10534
40307
51285
23942
45495
4533
38565
15180
13322
3766
38028
4032
43446
15015
9906
4171
23782
29299
39191
64126
22863
62743
15806
21619
66094
67776
3451
16201
14303
32144
19418
5735
21701
71095
6994
10296
26737
5863
19685
11168
15105
26873
62767
49186
6269
32893
4427
6177
23994
43527
5512
6232
3769
4289
5802
11953
62034
72046
51380
10471
4057
20481
7923
38448
12848
20249
1644
54004
71479
70103
45322
7268
14216
27894
2835
44425
13505
5298
67988
63994
18986
18253
5902
69282
13058
4235
59458
17531
6860
6235
4005
11805
30968
6335
71950
31196
16933
9739
18686
70338
11897
21839
23309
7886
14901
7482
53173
44372
18829
918
16413
21784
18983
17796
47673
45264
6900
67221
15262
66894
28228
7694
39895
53727
16193
4501
2847
13481
48492
12593
19276
16128
61120
6986
6970
5798
72356
5879
38654
41424
66929
17229
7944
32061
57167
66880
9956
997
995
66505
10929
5192
41746
69086
2930
73144
15239
25574
42818
69494
856
6891
31262
3047
3053
23429
57759
5935
5946
69291
13536
45911
65530
58735
23866
21115
55149
4294
15228
69337
20143
65012
15698
74227
14759
44833
57914
12923
24264
21168
15879
67332
67349
9925
74691
50730
10959
25370
8947
66505
24842
24861
42356
16558
61999
68516
31992
19124
58445
10549
56332
23156
22968
25187
4086
64465
77008
71707
3918
5785
15451
3009
45107
7920
72709
63389
56159
10278
4625
68645
8662
7689
66756
5920
8392
16554
75656
2943
10538
22986
76984
26157
12034
26273
68071
74475
55132
9963
4980
12054
18238
6976
4266
57876
21880
26734
23703
45289
10230
12381
13250
46908
5535
63887
66111
60459
48598
74186
58308
3876
28659
17714
69806
27214
11546
58568
72279
21524
25938
5301
4311
35383
25385
36790
53685
24092
9942
1184
6974
8938
77777
26796
3924
72092
74722
4826
49797
75616
7007
66768
74683
7843
7399
13831
6759
5930
25494
8623
25658
2022
38914
25428
43053
13108
62752
5751
53183
26806
6005
6025
75347
78775
73432
28214
5660
29028
11253
73520
62884
2462
5961
58301
75456
15537
11580
69830
29387
709
6163
3961
34457
73393
7332
2735
31929
52203
29968
4835
13458
15595
28239
7827
15645
13035
7663
46506
4477
4529
24343
10292
3080
22075
10071
67698
55238
6732
3354
45960
30891
30900
20052
24012
52869
9994
81704
9928
27632
13497
73937
18549
4273
4770
28403
15660
2336
17110
67812
8442
26290
70160
21873
49905
74029
19162
12945
76066
15706
3006
28580
71432
18227
29813
51366
54644
50710
28826
7022
15274
76918
3818
84881
28042
76728
59870
8727
29436
80170
65234
9267
18749
6944
59739
11560
8909
24988
50279
5463
24622
16050
6903
62234
14906
32973
80651
30901
791
24827
3982
3699
6270
3714
3722
29917
16796
77705
3801
69414
53255
19266
3951
69450
3793
79272
33994
18336
33677
81741
5908
13202
40435
20233
14919
2934
62513
17370
49814
77882
65311
7229
15239
31204
47533
83094
3973
8473
72350
1192
9962
54268
29016
79524
14973
5196
24968
8269
71706
66304
62894
5431
71920
34275
50982
29968
18489
12518
54550
34161
8346
61399
1945
12985
72131
42095
2900
9732
26004
81607
82944
13307
10184
27319
38856
2487
32622
43622
22272
14229
57739
991
13295
43957
12880
85758
22340
13476
69928
21832
8787
8987
692
4494
22741
29784
25587
826
33806
79865
81254
10586
23869
13222
82859
13895
82269
86151
6754
6763
60399
19822
9967
32086
23575
30420
50285
11152
11993
9819
44560
34442
75275
23940
12682
3844
56963
31670
20505
68496
3928
735
4133
36101
74126
27489
1001
2807
9351
8275
49173
74937
75511
59174
22059
35800
35381
18923
11135
6280
58417
58485
18280
78846
12286
39400
16678
70344
34296
30791
8750
8785
28604
6286
67636
7660
1726
5792
31024
80464
23491
20464
48576
2538
7020
36501
25961
9175
18772
13713
12916
8530
13300
39668
20461
21134
25619
16449
87859
9794
87486
998
25009
7268
14931
9048
80982
23521
83303
37834
26005
14610
50833
10179
40341
4085
8849
24056
17500
49225
37706
2291
12823
30471
61673
10705
32769
10114
68714
3736
6128
12008
25014
88180
6961
6831
12958
17691
4005
82045
20603
11852
77747
60158
7964
18623
38780
34246
68809
60411
1031
78366
44180
14832
5495
67157
15846
49758
28343
18057
13732
27600
16310
17174
46238
21270
5301
90013
15671
14025
17036
34175
29777
7785
51061
5162
18856
5971
30107
32539
6909
21214
21865
76204
11990
28573
91377
34391
29325
5967
9679
3738
93615
5736
8521
38163
3703
29054
24482
16433
12517
43475
90164
3798
23990
9260
15330
78984
3754
10536
13220
40930
83480
4577
3950
19239
4382
4146
17879
9960
4080
6811
1457
30719
877
46595
22272
5821
24305
3941
82627
36186
26975
13179
14720
42065
4225
25992
6361
12026
3959
15976
45020
8753
96901
92158
23451
15782
14941
24438
8256
15154
45048
1285
9855
3804
9824
75760
43869
30275
66379
42498
51954
32127
11595
12227
5685
95196
85294
15166
1272
92913
2903
2884
5195
65520
25102
68959
86062
9925
7561
4301
3942
46458
6607
92653
37200
2933
969
7090
69337
32811
12856
89452
1082
11823
11574
70248
9751
14666
14935
1172
13226
45101
51063
40306
18605
92663
2970
97177
32819
13256
12969
13568
18864
46763
97383
5243
65959
10431
39885
5083
14867
25956
9590
35122
87735
34114
34181
6959
4018
26926
81777
87396
22251
9587
3926
17886
1258
10805
53654
90103
6423
15390
5910
8742
39423
97972
45563
29725
18314
90022
26456
48910
8784
27926
25163
69421
40666
74538
42421
31296
8364
18811
64990
9716
21014
88569
50961
12250
55985
100299
46162
6288
29988
6469
12466
7263
1035
8621
18688
11996
96980
98506
3295
81394
9750
5077
5923
9737
36044
9863
96863
48887
81996
27738
15961
15918
6988
11486
46766
5090
57707
773
19525
8937
6907
14321
6853
26678
38180
51503
24130
85501
17850
9591
6704
2761
6980
25988
96939
83218
988
989
30729
59175
102837
88180
956
6139
51649
18544
70935
22013
79531
92033
20878
21008
78864
9829
11266
11748
56405
83709
1260
86133
4042
100132
857
72167
5280
12741
4475
60684
99418
32052
11025
14288
22689
39583
87469
21301
845
36099
43776
87571
11115
8171
2578
18805
1115
12956
35045
98072
93892
10656
52337
23786
20136
84841
13654
2908
2936
24801
13314
9924
30096
43930
9966
14485
32288
50300
66691
4593
47928
103638
6219
101480
25891
17794
102514
61937
15398
6310
8916
4618
10739
9863
52282
10010
101712
9778
41757
27237
10364
100610
34718
30824
717
32804
2412
16704
95549
26722
47944
5150
100536
26035
9064
104389
22674
13088
11181
12578
63216
25298
2877
10577
12259
69768
97640
38042
27300
48763
7601
103202
101968
106908
11259
16684
49844
57455
6237
10935
8965
12619
36754
10307
1298
103165
30989
5801
31027
44116
1621
65203
16904
91596
106117
23805
72303
11990
4257
3989
93101
10035
50318
5021
101999
3916
5400
37108
7900
3711
2515
1264
4080
7717
96865
6209
29599
110018
95961
105295
58951
2972
6929
25505
14820
16585
2275
4367
916
98831
101508
5985
7741
9135
12675
20473
19006
17590
3688
6701
66920
83549
1224
32246
45912
22830
25985
16219
107845
4566
54056
9473
12278
4189
4945
61905
107779
7063
38091
8022
99290
70873
40665
2955
21873
38052
7258
20988
17555
11966
31017
106532
6966
100904
20077
57197
13774
3815
101747
7118
3893
51665
15977
2909
92418
2890
6757
100685
76016
7226
3847
12769
1035
1341
63052
19622
7178
3949
4600
96588
6793
83095
4175
9727
68406
1163
13549
39902
102135
15030
38022
12432
10421
6542
9336
26111
6485
17278
8147
4218
21659
1048
9621
99103
105105
97636
95394
33770
9960
4582
28148
6989
41740
9268
111519
8389
106796
26074
56134
957
9958
18867
16000
93790
98940
14275
36327
56427
11495
12905
19123
34570
5708
5697
102857
85327
95827
27810
9655
24919
118037
2729
1216
94757
53148
6964
8164
6905
23066
6999
97070
22347
96553
11906
7380
30998
5126
1176
97351
39256
10218
97390
99827
3547
8973
25061
15423
11206
40425
13581
104346
38253
2553
97200
11483
8186
26623
64586
12779
26708
9841
101059
9828
21024
116682
5478
18681
64217
2905
113588
20546
105230
15082
7236
3871
97074
8808
46980
24897
4617
8963
11643
21921
1554
117182
39905
7002
3613
40534
7036
8118
13485
99258
3029
4707
46267
42195
3712
47075
104595
3837
106208
13336
35614
68507
5347
7252
119761
2567
6052
4434
23167
113731
13005
9314
99980
2903
6357
1499
3883
15473
111620
14974
117363
100499
19250
61510
10038
13531
48223
2978
107105
98933
7631
27734
21213
26181
9932
116038
3985
53169
835
15993
101238
7303
36249
5462
11493
121267
901
15637
68424
11500
3823
114007
23211
23914
30532
38355
3545
19170
15286
25145
2964
11740
13359
3970
11368
119757
2868
957
25400
12243
6189
18000
4659
11205
15141
48620
50010
3074
47395
105143
42746
122140
91735
109132
27809
724
12908
14890
7108
98932
2598
5484
15215
36631
26368
103206
4392
46085
103061
26928
1285
20563
16077
123997
13486
95549
103522
4065
111200
4242
3882
32079
25688
6007
31595
17514
2163
63812
13892
98885
6245
13649
8901
7229
3966
32415
26858
101774
72694
25948
27068
103824
104503
14007
99957
124274
28488
70053
4003
3596
31955
33473
99238
9212
5970
6926
3929
3906
39846
14711
54823
57167
95718
29831
122745
110327
72027
100572
77741
17578
3962
14746
10024
11895
18941
37528
4652
6971
10695
8347
83967
75082
113561
65156
17403
1728
112465
4036
2990
97481
126061
3980
20901
744
93410
728
737
5451
11603
118236
6004
11618
2704
4491
9142
2955
1229
32320
6971
14057
937
9617
41894
4186
9064
5798
93896
6778
118833
107583
68214
109649
24183
96996
6884
6955
4112
3718
11836
36175
21453
7209
70683
40993
3940
107585
34337
6898
35796
46163
24667
734
34611
5989
13414
66130
4769
6300
6827
98140
93380
75028
20700
8708
12042
49907
6963
116948
726
7294
100989
14414
4941
128575
96500
109272
6826
39171
8116
7373
106842
73949
1631
15393
5359
14897
125145
122547
3931
19824
11640
3721
13323
2884
3745
17952
19264
6150
9821
116917
9335
112873
9352
3287
3599
62263
9314
117162
102864
11707
122930
36351
49101
18716
727
15968
101699
24845
110862
129767
952
13478
2699
4280
54333
53842
4088
16892
9893
20327
7605
4141
105747
960
2474
786
55426
5723
15957
89456
11322
56412
126859
55325
14010
11369
6335
5930
3902
9415
95820
6760
38664
5138
100427
25313
795
16346
86158
3587
18324
128805
1111
126415
74776
12276
17918
26315
16193
12930
16138
12065
18944
94039
11158
12073
8388
126945
7571
882
3749
25537
9009
38098
9973
68655
11358
28792
104654
10987
20907
5862
6493
19679
7556
13066
4103
114279
13769
48951
4197
8916
12457
9965
49299
62262
8726
7704
10536
3962
7150
833
2508
32070
3001
8757
21984
15918
25601
8925
4509
3783
44435
3802
24588
13099
798
10513
968
131622
14813
4065
9062
103260
8872
20713
10633
5922
2975
32049
9162
40949
29122
105865
125035
12666
116405
1745
95777
131340
2304
3537
44667
21326
6376
56003
27011
3028
9835
133225
6805
10375
16148
1182
15012
6906
2881
6841
2417
21243
7013
10384
127748
1014
40877
14402
7470
10605
125853
22927
13146
8662
16253
138788
6967
13320
4151
17753
1150
138251
3151
4552
71928
71880
12349
45020
11661
133579
122250
14147
28271
3804
119021
13679
33229
29089
11874
4082
52082
51355
5982
3361
8104
4048
7148
13716
46411
95992
46742
890
891
88676
13045
4555
135299
5744
5863
3754
39034
133145
20054
80297
2636
46635
8257
79601
9485
6766
75179
131246
66030
74757
42675
14542
102317
4316
7147
127267
3945
11245
15808
8255
10348
15656
129535
2497
14901
80951
17972
19648
28830
108241
121077
15265
20696
3799
19819
7917
11315
14089
56282
44612
90161
4562
19954
2894
118809
41666
26921
46545
3925
3926
12173
38017
15332
11455
15882
13322
55059
7006
7060
13005
3723
122108
10443
18429
38105
794
5852
18582
10860
7775
983
3903
7708
18919
22851
5512
38689
48214
62181
88641
140388
2557
3328
58196
45994
3654
65999
5954
13222
37375
1362
46179
9734
3629
13589
76730
22003
7106
2528
8778
19370
5518
2872
2713
18735
6491
7658
7383
11754
3754
1390
14359
30751
77467
3940
8898
3684
26052
100223
34907
14738
53713
7239
22804
52466
4312
4116
3043
25748
100571
6453
86120
14981
17978
24865
5561
7824
3935
4854
4038
50853
141025
23632
68466
24426
15476
12705
1982
146304
28678
15895
3891
36064
49177
7661
7222
25449
101687
4934
107871
3981
5821
108248
104714
25801
5446
1290
21418
9129
16655
5861
9145
9674
9905
24093
141824
6592
138857
10249
20333
20270
37822
51330
5790
7026
4260
36689
15715
5805
120171
3186
10317
76882
22022
6196
23656
3770
41157
45474
2584
135040
128430
7034
16720
128741
2771
10259
10306
16092
3985
16966
792
79045
10018
83568
19156
19210
1047
3945
7793
6454
9718
35842
77519
8485
12089
28418
32552
107819
22003
12981
28895
8769
6896
140396
7587
127393
147022
3034
9243
75217
8881
19098
9963
33354
9952
2493
99034
3791
25220
134819
41072
29520
34733
5542
12505
17067
5914
10132
99464
95455
13207
7314
96970
11602
5937
15578
3759
5754
107172
91664
147178
11986
48029
4340
50992
121541
60550
86094
69340
7188
9006
5988
15057
100982
92359
3762
3772
768
3780
4927
10948
1295
2136
17491
148448
82791
6525
14376
3958
22711
3422
134467
11536
11611
6870
4025
9813
11808
4217
9881
9885
9932
4635
116837
8095
1063
10359
12988
147737
5770
21639
708
11475
857
133726
21197
20562
74316
9939
33471
124149
59539
2732
857
5433
11063
2934
57135
102619
8221
102635
13604
10826
2274
9734
4555
148827
4750
13836
4150
13753
24485
7266
27555
2980
881
8854
4258
5929
24726
154575
23009
989
6103
5001
18914
8587
3952
139893
16247
13453
11910
2410
35856
34831
1509
12027
26089
95911
125052
4706
10558
42850
15407
16993
120329
88636
3758
20921
4365
45777
4933
2995
3375
86160
7193
104874
7230
104621
136151
10807
91229
12909
96759
5755
26196
100835
141290
5912
9718
15936
83738
3667
2601
7598
13481
83130
31289
18181
3925
935
13505
14855
13270
8072
5912
3797
25524
23474
4371
112955
1698
47368
2988
7748
12212
12121
17248
3944
51453
3826
4033
46031
2459
17789
11239
16689
6982
105159
133589
782
106889
13497
3933
6814
1594
5661
15623
880
9908
807
12036
39579
13455
10232
21395
2030
4306
5714
7585
9717
120702
5318
139279
35677
5885
104012
6688
3822
6013
23055
41128
108540
6841
36090
5983
18196
74506
154530
12961
4325
2318
4673
2986
876
6251
65933
3854
5149
124569
94666
5596
37327
4164
2356
18126
110223
141693
10982
9688
15997
158066
154089
13164
138763
18741
3277
148886
9357
32186
8990
24610
38735
19292
102963
2877
5663
36201
8094
9725
2889
157345
59898
7093
65950
3864
22351
3892
158570
7462
103527
22495
156695
2955
23984
9819
6483
121975
6996
6337
1359
1204
22959
2950
127569
6497
19684
23386
99012
5979
70193
4193
22437
5360
43501
1015
13796
16275
156006
6088
18842
3784
7622
46820
11795
767
57644
57677
3743
6148
4952
40641
5022
943
21965
69658
97164
8022
3711
9795
4631
628
4956
54987
123508
24382
46554
10839
15321
9988
9861
108536
865
1257
121828
17338
10669
1986
9457
17290
1107
146187
153731
2453
9216
101824
31242
10917
2783
96903
8387
107565
3330
6248
6874
27165
3286
8557
4687
115832
163217
13850
123847
16297
3128
44034
2892
164758
15638
9894
116238
1650
135116
46892
3747
24548
168699
3466
918
2858
156909
3986
116610
116628
72663
9148
3693
24892
5098
5918
10253
32553
117176
41245
7029
11571
4007
99614
127280
21874
921
19402
8465
6130
2285
11906
1029
148915
4295
5591
9898
10522
10298
117657
155813
19066
8998
83166
10320
6877
3967
6698
5215
43072
9337
30304
25592
4270
21600
13212
118742
159093
986
4550
3972
6310
23108
14375
14380
4003
2697
40244
159716
48992
24562
106214
102882
3851
31793
17518
4014
2755
8079
12864
34688
21786
30395
5734
28894
11759
10288
14124
3897
111702
3665
3667
14556
39769
12654
15809
21047
149750
126975
8581
7221
6765
969
897
12020
3122
36379
5854
124843
24337
13028
13169
98378
100111
55392
8216
29048
165188
50808
5122
55342
3939
897
24065
2720
55573
9884
17313
7042
18914
53942
14805
853
3726
11490
57399
4249
15331
6349
8691
4566
14837
167233
13282
6022
6842
173796
8479
8484
9591
5900
7095
11579
11806
170349
9236
97025
33954
6972
27213
3078
7479
9169
159423
101264
7274
7701
15924
12438
9869
2667
9610
9611
7571
9861
4269
33200
9884
123860
2905
33969
123866
2033
10170
19865
11903
171622
3845
8077
154125
25332
171133
13367
169365
2681
23237
10753
17147
34573
31254
16009
10257
16069
168055
6602
5348
3639
5507
164580
127354
4171
2718
9059
168738
5710
12961
2233
17892
8057
40600
22598
8110
6901
20191
5162
151340
11879
5953
3161
16059
6649
21823
940
944
96876
1323
5756
66924
5914
5952
18875
9151
9891
15370
7233
944
25855
35952
5889
158898
124485
5777
12821
5261
178486
5449
83102
5404
59048
17446
66765
48889
26218
7634
12913
768
939
7302
127755
175054
13455
20566
24544
5432
2884
132380
14029
20657
2237
13657
8955
2697
7186
956
1011
9297
9313
5810
18987
14862
14755
15573
2983
156463
31699
3750
33991
4250
4289
78605
4294
26159
13750
4626
13268
77949
3857
127292
182480
7685
59641
10896
3983
8571
7411
160151
152865
12657
1335
5796
14769
1310
10519
4640
4316
4320
8538
4660
2902
6154
1059
184254
34532
7049
3240
4190
10158
25756
10756
170351
10608
59964
5982
5784
3447
107938
4044
8804
109916
6016
7240
9293
183138
121981
20491
10446
88662
31030
132440
9334
934
939
13000
7324
4820
25168
16613
6672
4351
7002
6754
2498
3736
63691
3715
13040
8282
30079
41774
17373
186626
8913
1122
7244
9058
26156
5026
6141
29742
3811
3814
2643
120124
5947
8555
8072
141470
8331
4006
7872
15964
19449
23912
3297
1050
8127
88607
166645
21139
26414
3991
14666
11029
5716
8981
34204
2900
22707
3817
43445
174269
25031
5879
3045
19107
9550
6057
2250
16451
23241
10114
3858
2778
10761
10039
162270
2740
183158
10076
33068
11976
12052
48088
971
6922
5679
34265
5761
824
5095
12313
11543
1106
23638
34446
26555
75026
190163
912
8704
942
6227
9930
11769
17328
1331
7739
4015
1196
189071
8526
9772
4520
17643
19518
9896
7978
6822
7130
2612
10275
170111
9759
7745
34495
6163
146167
25123
17154
20743
980
13115
102152
830
28308
147129
50363
12575
5813
3197
1261
9217
22329
8891
832
2152
37512
33732
31098
185652
29952
32724
1015
14262
26343
5602
902
3261
782
999
14145
31983
2812
28237
6196
3746
4259
4040
6877
974
18346
120498
44181
27468
27414
5193
3933
16505
4018
5843
3789
3737
8792
989
15068
15697
146341
41678
160821
22420
4673
2038
25893
4320
142051
5344
5491
36679
142583
19330
1141
74094
183985
902
4320
34931
963
7529
130238
11667
15304
3043
4496
11025
11489
16296
187701
2459
25940
15135
15160
16550
5491
10359
5794
4034
3877
2394
3891
177914
5732
5261
25474
6400
189644
738
6323
799
19299
174493
6705
193093
14975
40041
16067
2938
169926
15875
157673
5782
18725
5181
8368
6829
989
1000
16550
18968
42559
2550
23460
8967
4203
1329
2528
8111
5749
6011
47829
43913
5088
53696
8896
4240
14273
5521
6875
33001
2729
169721
143339
4639
190984
196389
12327
14936
941
4198
9707
1138
6957
138705
10166
20741
1436
2967
138973
3735
78732
5515
10213
10292
196367
28600
139217
5777
21246
20959
11829
142023
106276
24523
20810
6592
6234
31645
9666
8885
61031
147861
3941
815
13691
9125
31933
5992
16631
5961
92734
10936
148777
1269
2243
2347
36008
8018
12665
33607
12009
9243
7255
2861
3739
70325
6939
3840
3955
9448
697
3923
658
7522
189794
85468
6689
187547
2251
4303
49332
31518
5995
1324
5684
1275
4841
23506
12299
10734
32870
7659
33269
4365
1362
5399
3979
1335
5418
5447
6993
23356
17150
4740
4279
5755
10001
22419
196993
189561
47008
9450
13064
202211
14718
2998
12020
30847
15288
1273
158877
12303
76365
5303
200383
20953
5969
6031
192111
6850
820
24037
6252
1021
6313
12933
14801
2914
962
16037
1636
9993
14150
13222
9935
2797
1598
52290
12343
8227
53545
29356
2086
3032
153992
50774
7208
15862
99073
15908
4086
4238
203231
188172
28080
146132
15880
5853
121388
22799
4545
4553
9286
7093
8203
8955
7134
5774
6031
51194
37093
3723
10191
153780
4255
2940
7779
48475
18050
1038
86408
13847
13727
5251
4471
41049
5190
9742
2326
1171
11046
4360
5028
207403
71967
7000
21783
4641
18751
128589
811
6073
3948
5375
2040
43047
8715
16352
5191
178647
17867
19260
17715
7503
4720
205554
5832
93847
2510
153645
19865
10004
11444
46985
20006
4953
20112
3642
16502
14819
13434
191883
5746
46415
36304
8814
25375
7193
48252
6841
4016
14380
19716
2239
7070
7874
3026
4018
6991
16949
2789
36591
2838
12733
826
3968
17010
3839
851
8319
3348
11621
15281
4240
34223
6903
18816
40110
18834
6748
32566
17460
1083
13298
7220
37820
184199
29788
39468
4823
140522
4837
19229
20135
12889
35406
1551
6304
50525
4014
22208
7923
143623
2159
48777
1236
36566
3867
9855
1664
15592
15960
5451
114858
28379
6660
31128
10057
135001
2993
10624
791
17150
5855
5928
21641
67507
17487
23728
33050
8029
16845
37566
13565
55523
5773
3889
19514
198418
10498
1835
3832
4202
3240
1135
17395
1264
211227
13128
1254
14196
4924
6287
10179
738
7193
9952
18223
6742
707
714
725
24091
54715
8772
52515
22042
1001
8201
1571
3295
12046
2458
1217
5981
1386
38482
5432
1623
9808
3970
5946
26435
11753
149899
19171
1081
42655
922
12161
3772
115961
9331
2454
3903
17373
9088
44856
2740
55513
12766
119329
7157
17158
50612
4425
4822
4595
9668
21497
7603
48783
6754
8601
21090
4939
14532
1228
3720
10044
208664
5968
3280
4229
2671
5422
2928
28635
630
665
906
5806
1549
2646
21883
21889
893
16025
20370
2557
7854
14427
14595
26369
183745
8249
20383
3318
4763
3495
11254
4941
14926
4444
1560
825
699
73664
5825
984
737
185453
8043
938
19267
1856
3674
9408
1158
12906
3823
198370
4021
682
5733
3963
1151
5428
933
5976
2315
4282
9674
5851
16817
5983
6963
4505
13639
792
795
796
2828
5970
2100
11063
12497
8059
14909
1033
8684
2929
217775
82353
2965
4253
26868
159307
4553
739
35812
13465
3747
3826
13877
913
914
23506
2809
1011
16240
5447
7872
902
6151
6170
4082
2922
4315
4136
7740
43251
1211
1351
4215
44894
4140
5503
7987
82073
2731
887
3734
8858
18210
4827
17894
861
3846
912
22751
3841
6165
18616
677
11951
3680
9062
7139
884
887
182934
46201
5338
3931
6978
9672
2835
7112
12679
22142
222966
7870
11593
6453
9075
13426
5938
7815
3034
12595
25435
4211
116086
4034
4022
160886
2489
14129
89449
23579
9922
809
11407
6652
115994
850
84594
10203
2322
5344
8817
3937
2893
3972
3984
182239
4014
9635
741
862
2900
2714
4181
4365
45987
13253
14894
11289
1861
5760
4726
22066
3632
2116
1560
41837
14585
13002
4287
1062
3871
2342
3843
2663
13624
2884
42369
81794
4145
7425
8797
4801
5856
3187
3901
3149
2302
5963
3289
5399
27515
6955
1533
7769
9325
911
921
56014
3211
5312
3801
4154
946
4588
6615
1194
3833
36159
12594
4070
67217
4118
184281
30932
9788
4154
5510
69614
226586
10381
56726
16311
6019
7351
758
859
6199
14192
15767
6516
11402
30294
11707
6425
8832
6348
902
5433
16881
8719
4800
9265
7387
11648
5894
1308
4536
7175
5910
13716
11828
18693
5968
2712
17595
1542
7785
17739
675
10088
12952
694
9250
49685
19846
114115
23832
680
685
697
38329
27716
6836
126146
96739
109735
4221
957
11309
10402
2614
27813
1302
4832
3968
21700
1400
2765
8392
3830
3842
11302
2508
8679
8710
8757
2852
210626
4311
11934
3102
11234
3250
22353
15119
1224
2894
10193
19214
15098
25469
6952
1145
20066
1307
2982
9810
9814
3901
3927
21402
2999
4340
10225
52843
1132
12881
4236
3445
10232
6835
708
4412
5834
3906
4556
4573
62844
4565
916
177238
10721
1239
6576
2395
3980
32809
7850
4875
5313
13669
2952
16726
8535
2972
3079
5196
10773
5297
9936
13408
27516
1194
2683
14352
931
885
7003
21456
1074
4107
24526
6211
7318
3964
2363
32490
2906
23373
1047
11407
7819
2952
12626
229656
9956
9313
2937
31840
2256
1190
9570
1146
870
1703
6383
1965
2958
8895
6524
9917
10973
950
51235
7451
783
2917
2708
21364
7718
4233
6167
3434
2919
20984
1042
12750
92926
1579
733
2516
15976
67384
137585
4509
4366
5596
8031
878
5165
3106
9776
94375
8748
4435
8429
10776
6567
14877
2978
44129
4279
897
4214
8852
16930
9722
7026
4338
24927
14248
9839
1032
1084
4411
4322
10221
5398
18574
11518
10815
20109
4333
7794
5883
12326
2482
2201
4863
3342
1425
11691
6114
13724
130895
19199
93030
9955
681
65658
80372
5361
2075
4214
235025
2878
7271
2490
7210
184420
6910
6915
3027
2510
56657
102209
9300
9465
732
14052
5152
69076
6893
6236
4372
4632
907
920
932
2709
86984
3367
4542
1418
5037
3820
1191
1195
235992
20985
614
3617
3713
7638
3738
3741
3744
2686
2502
5407
7179
3935
2208
5899
57860
46504
2885
847
12868
2837
6871
698
1982
16286
7169
5847
19072
660
1621
1098
694
9067
3614
2753
6747
15346
240002
1207
2729
101407
1682
2426
50734
186712
1533
3359
10015
3113
5500
28133
2298
5313
5580
4024
2694
99234
5697
9827
182369
682
8106
16241
2958
6122
3734
7344
5075
4102
5073
2870
4356
14499
6354
7351
3779
3664
3874
3762
4749
2887
150099
15537
3031
4550
736
32276
572
89318
24448
658
73106
3558
5637
11412
8092
30685
3661
201015
21875
5313
961
5744
12431
9103
786
17341
5598
4147
2933
5725
23736
2627
4895
4462
746
75368
11270
4955
8023
8001
4711
3689
9142
6240
8871
5391
7096
5417
924
6649
69402
13302
20221
9085
6808
6139
10303
5918
8090
869
3943
3642
13363
8309
4611
2966
104829
1112
9733
9737
2823
9690
105017
6647
245219
15428
14570
10265
6830
4005
2838
22610
1317
236311
19397
22471
7974
8717
3490
2077
5384
988
56994
3874
11442
70050
9255
4074
6279
9768
3902
3923
1270
20550
14598
12036
8584
5040
12124
5818
46552
2957
13117
12237
6425
8531
6985
9502
56502
4794
67798
11072
3574
124341
3677
1226
33179
22636
7313
5707
96632
12029
14389
4606
5614
50303
989
13699
4046
10662
962
14089
15851
13625
11902
948
8970
15425
1429
946
1270
15859
12408
11296
1255
9009
6998
4154
71945
12953
7770
1560
3957
3927
106505
13261
8583
15357
19393
2245
721
725
10134
6182
39462
1769
15706
252877
12546
4259
2933
5634
1137
92703
4178
10288
6435
877
4018
1568
7373
16420
13546
2447
31203
13097
46746
21581
2218
97059
5789
8955
8887
3523
7843
858
15503
58509
2626
877
8226
11871
12185
3243
245977
6646
2823
4104
59093
879
2840
1277
6145
14761
19015
1141
1151
599
611
13419
780
5365
19331
34403
3673
1036
251259
7464
2776
185396
23381
3924
1681
4964
5878
914
919
920
929
2840
2164
5545
870
1144
11407
4531
4351
19404
11909
3661
5511
17494
5815
6023
6050
2604
2618
694
6336
169613
3151
924
10501
936
5813
2661
4485
56388
5705
4405
3920
3923
3826
3827
53893
14065
7021
2893
7099
3835
14744
15269
23152
642
3557
2980
4529
4542
833
2380
2713
2889
646
2709
1125
726
17023
16347
6777
200687
906
2129
5417
6921
11628
40937
19859
4434
4000
3966
19237
259130
2704
913
9270
22349
3385
14769
4228
695
5629
5862
23459
3909
1072
3197
19463
2340
22752
5870
7604
2409
4563
4483
3866
16837
1809
8308
1170
2880
2545
16003
9712
3027
837
704
13424
2525
4193
2131
2334
2440
1145
12771
6356
10024
3521
1185
5905
1411
3834
3840
65382
18894
6867
25336
3710
5849
3207
16974
7078
10764
1066
17184
1342
1263
2891
2926
3962
12311
16516
8000
3732
18727
40145
56255
10280
1578
4067
3221
1419
8626
26202
12315
23201
3938
2631
5740
7075
9375
24575
2742
2754
24604
9986
2463
17425
956
5435
4481
3261
4199
7555
8668
1360
19773
9806
1289
143959
2870
97534
1675
7474
105561
5251
27602
32560
47649
9653
11902
6167
709
167985
721
8127
1007
1015
5772
1255
15585
12756
1597
11403
1165
2229
5193
2400
888
597
4076
1203
5476
3661
733
1875
5771
11608
12113
16057
44401
4541
3005
3856
47399
26980
44206
2817
2781
7781
942
5423
7767
30566
3674
13836
1280
3232
1246
10651
8579
3969
5719
68001
845
5823
3711
3966
4742
2657
2740
17893
905
11379
2827
1395
4215
3936
1194
1232
4863
6332
15504
13451
3126
871
963
14310
1081
862
948
917
11342
16688
717
1177
686
7888
1175
16288
13863
2679
33802
29777
895
1353
12011
5946
792
793
4278
133000
7973
1215
1465
1164
6672
792
48586
3427
17814
15941
1495
6629
5817
2371
31993
3807
3737
5312
1005
25521
6785
3970
3994
13185
206832
2211
5130
271071
2158
22210
2728
4475
15407
5284
3982
4657
11714
3636
18039
1109
21618
3004
1528
45094
4425
61589
221396
3780
7086
795
617
608
609
620
8780
2680
845
3119
21473
1250
4884
8816
2681
4377
19543
1098
95737
6944
3870
2991
33144
17362
5971
1154
8150
4049
1703
34448
22869
787
2713
1452
4213
3152
3624
4628
1061
2119
4829
17083
275631
2675
790
666
2452
1532
255105
44857
8772
10655
3205
30778
4150
1428
4017
3433
262232
17010
1008
3393
3077
15139
5826
11332
2688
3222
145673
3959
9929
47914
965
2300
1626
21704
8355
6604
9627
2535
879
933
4311
7645
2763
2656
4071
4497
37783
44375
117662
4318
908
5461
3773
10496
12484
5614
5688
19828
1114
1125
4754
109079
1201
119403
97413
5027
26910
1561
22837
24332
3006
13661
5576
83178
8729
6667
12106
4473
4137
8751
2877
5597
8547
5583
6467
690
5562
2702
965
975
38487
857
861
7245
18259
4123
809
10942
1261
1150
24118
7170
1030
11004
1280
7245
5391
5632
58419
2134
5674
1589
22276
2654
5992
2107
731
563
564
564
114022
938
514
746
768
789
4150
7711
7780
3781
1379
907
695
17810
6445
10653
1159
2977
3113
1263
1574
12659
2706
3012
873
1565
8106
3706
4753
1120
7715
9931
2828
263907
203285
7652
717
2193
12818
5573
2227
4060
111678
1183
4017
2913
2633
42262
3464
4335
14774
6253
3952
14924
1241
7090
6694
4005
38793
4242
7258
3751
22514
231376
3838
3912
3949
25157
2489
2432
7392
6289
3834
7572
46797
2456
27118
5107
7961
118428
29434
992
33411
580
794
34294
15620
2685
5379
629
18849
5733
1634
8918
2745
9053
1447
2424
4119
7097
15140
5662
1250
5692
6569
13192
5948
3420
11064
7689
765
42925
1357
6177
4482
7099
46167
2289
1087
2507
4910
46266
3909
64017
7031
2721
7181
7378
7453
2858
3473
10754
13547
885
20973
7782
2275
6382
2209
3564
249628
797
2816
9958
4258
1117
1006
5259
10671
10579
909
4529
4609
15256
858
42710
6032
3809
3839
8147
751
754
671
679
8012
684
1623
2186
3062
13058
832
1262
10108
4688
852
1091
860
4827
4394
49910
7624
728
21859
1366
5997
1838
152974
6080
575
577
965
270036
656
670
831
1624
1020
880
881
9206
31400
31058
10140
1120
283266
644
2938
628
631
641
647
1350
7154
2382
883
1080
26942
852
2335
8116
10368
35162
1471
1144
2649
2724
2853
2464
9921
3027
13030
3690
5639
222350
3870
3998
37688
3896
3898
3902
682
927
6941
11653
1258
808
1556
1210
17192
1487
4472
6949
4020
797
4600
54144
3142
814
2968
2892
3802
5156
4119
12960
2785
1558
951
3648
3651
2324
3809
3794
637
1113
5826
39860
5627
4029
10889
2330
4904
1463
780
5866
4431
790
1029
1746
815
1783
22982
5692
1475
4439
6515
107091
3879
982
58748
6854
1001
13945
6962
699
704
706
6053
7226
3163
2093
4058
5598
597
23398
2576
601
2654
6747
3719
2534
1033
1043
3856
1978
6093
673
279509
1296
3912
3918
8312
7422
283732
3818
4956
7656
4236
2295
15331
30893
8297
7268
5524
945
968
40523
24952
2253
1162
24824
1207
144243
4743
5864
1085
61465
1569
32482
9024
8305
3064
3144
9697
5925
38310
2113
3926
3927
3934
747
10667
3717
3873
1210
8630
9789
1154
4230
1228
5722
4104
6265
1464
9851
8088
1147
5349
673
7036
18343
712
11302
2749
5129
4394
3040
3556
7007
611
5388
9823
7734
16914
5613
2239
3779
713
727
730
40603
955
972
985
1072
3374
1246
1283
1303
7031
27572
6042
283824
1221
858
2063
1340
809
3320
13033
934
20998
2535
10835
6177
6242
1177
3037
4001
2255
13988
2710
4713
4420
786
3078
638
10521
553
3727
7628
26942
4250
11271
8468
3065
14764
6394
4348
9093
18859
2798
3961
877
7080
827
5276
1511
2425
2577
74643
1555
1055
1463
3983
187300
2266
1775
9104
5060
1031
16386
4183
1106
32245
3921
3671
3975
307047
1086
1531
906
810
811
3793
34775
2846
639
1034
1040
1047
1003
4253
3195
4290
711
752
11213
931
1820
4439
711
305420
1117
4651
845
2798
2511
1265
1308
57585
1316
208680
2727
735
774
1619
4082
2805
1795
295146
1094
890
1028
1031
9587
4283
3116
3118
2651
1173
20552
2218
962
4563
890
530
32536
3681
881
3848
5785
3919
881
9711
9724
4317
4614
9897
233714
6570
4143
7835
2774
1271
4442
10202
4068
4930
15469
970
2837
765
2912
3134
1013
10725
2096
1015
230934
6791
1421
3752
2587
6948
5929
18932
36574
1758
6674
1032
940
1251
906
313115
5735
992
2312
29350
2444
7162
1419
2664
33861
732
3123
899
914
1167
741
1313
1574
1165
1204
3874
680
2139
761
23454
2546
1452
7164
1175
696
1893
4677
4742
1250
847
638
640
2187
926
3220
3235
21991
1856
634
906
1647
767
18407
1488
2702
1996
2661
1145
1148
8403
13838
2226
3678
1597
8567
1406
1716
3724
1652
2511
636
5647
3835
316540
4011
4134
2891
2398
3941
2881
2929
3203
2739
3214
4252
5188
4239
4242
925
929
4389
5904
1196
2943
3913
1372
744
708
10976
3974
1540
5573
5071
3672
2570
1060
2738
719
721
3975
1359
717
12580
972
4516
5628
4123
4412
1776
4531
6518
4308
2830
4601
18426
5688
26103
1855
5152
12723
139877
1531
4593
1484
15112
1670
1215
5862
8619
27832
910
5756
4132
2820
956
7593
3716
3008
6564
1414
8549
717
1403
2663
836
840
7964
2710
1766
4756
4707
757
1561
1973
819
3012
1002
1049
1446
674
1448
659
809
16293
1236
762
1417
1007
4484
593
2215
2413
767
1525
2121
304572
3761
932
2318
977
5685
3075
4175
5110
1114
9983
3962
4215
2969
3474
2718
3505
889
3683
10049
48331
7306
877
878
880
883
19246
1101
862
4289
1455
11552
3893
1163
1071
5819
1415
4259
2162
2204
1271
318341
3577
5533
642
6093
6544
2522
6351
3857
9136
2734
2611
1193
4974
8394
3033
15205
7281
686
690
5505
3827
13499
4674
1035
840
1355
3982
37918
3755
3755
810
5927
3999
8979
1286
5120
38281
25207
833
4502
725
2291
784
10992
5069
5748
2894
1637
3528
2445
971
923
3152
3155
1954
30102
79207
5950
3934
4540
3713
775
5042
2779
2426
47079
1349
94320
10359
14075
4840
1215
4350
1551
2856
1071
3044
2319
7897
644
711
2845
692
626
621
1156
820
828
853
758
6115
10071
1049
1050
8552
5379
995
677
1052
729
842
1301
2819
1585
3619
3416
1548
1446
2485
683
6239
2093
60885
33188
742
89003
1901
2947
2241
4034
5806
953
2580
4200
1233
5660
3016
7317
2412
2534
20516
3499
2727
7170
2979
918
1005
5608
3304
7265
3894
3521
3535
3536
330487
3556
999
3692
3712
3723
20216
3754
6139
3911
4408
1305
5960
1865
1029
740
798
8495
4110
4410
872
3723
836
2298
734
1136
6050
20302
1178
1333
3071
3178
13413
87078
5834
3074
3481
900
7086
1920
5586
100733
816
817
1081
1388
2475
6048
3961
2286
1228
3856
2626
6630
791
10778
32401
2748
25830
3110
2876
6167
848
849
851
1093
3626
1406
4316
25548
7810
2632
2057
1721
3865
15864
1344
1074
2809
898
1161
244885
3707
974
1861
10877
1256
6140
8008
3242
22479
5184
940
2253
5404
841
913
915
871
581
591
584
3164
1244
4445
13763
741
1111
1127
10115
604
605
613
6012
773
1076
4431
2058
983
541
1549
545
558
587
764
836
839
961
4867
1309
20262
4222
1776
1259
1349
4059
1530
10982
123568
6308
2640
6036
4242
1818
5741
4044
2409
110748
2977
939
3370
2365
891
6910
1185
3848
3574
105099
2995
2572
1413
2788
2062
2925
4105
5802
665
12841
8589
4177
2212
4373
3373
74981
1039
4303
4081
3577
967
3732
2204
3771
828
1399
1414
2687
3992
4027
4036
1695
4166
4208
4224
4239
4255
2724
6684
1233
3223
4475
2523
669
66744
3556
3419
3724
561
493
3811
3812
3813
5899
5228
4049
4169
5416
974
5659
920
672
7853
2939
1100
1522
3277
5170
5300
2701
5360
5612
5527
5638
2593
1008
640
1979
753
2597
3836
1130
5563
877
6106
2451
831
835
1052
15126
2614
6400
1784
1270
1310
99503
1335
1343
8048
777
8051
1209
4808
6921
3776
3777
1415
1423
670
8357
313313
12534
2277
2643
23922
6525
4684
4169
4179
13683
9365
6229
9536
2647
4541
1007
5158
1577
3321
5684
2056
5679
648
2144
2505
1660
1766
1499
10771
831
3897
853
854
16937
10914
4970
9594
20426
1011
1148
2043
11959
762
767
778
1027
759
820
1363
2508
336919
723
1913
2945
1329
4496
845
1222
1594
2725
2752
18226
1419
2457
1430
18499
18521
834
839
2097
780
2864
3251
1110
908
11829
2543
929
3243
1384
1385
919
3710
1883
3818
812
1162
1851
4611
720
10077
10278
4728
4100
967
2358
2142
1498
4343
1062
4937
503
3900
3929
7559
655
4224
3013
882
4498
1276
4624
10182
1654
12263
1163
5678
2401
8058
32641
1193
1529
2781
2214
3836
6725
6138
7110
11133
9886
945
1221
3955
5712
1476
1528
4913
4390
1068
1762
844
4288
5044
4905
19521
760
2317
8716
2994
677
825
2879
8495
8388
2948
3061
1062
9542
10204
1125
4645
5266
2335
1668
3858
1278
1981
672
675
42462
1127
60045
3141
2451
54523
5495
708
42258
1392
3130
908
912
1098
1844
12386
3620
8882
476
734
922
20884
4116
1193
970
1961
1671
1305
944
1020
1048
1080
2603
40117
1222
1280
711
2327
2113
4994
15575
8052
3188
1778
3291
2355
357945
6953
3702
1511
1188
1189
1369
1529
7198
6324
4706
3887
764
1995
33030
8387
1937
4170
688
3645
19137
3097
3019
3862
620
623
625
627
3203
995
4068
1577
1148
2387
1266
4397
934
2821
3924
3042
769
826
3766
1119
7465
3829
5771
1433
4797
3995
789
2639
5204
2549
7497
6297
2716
865
866
3558
765
1868
4101
3858
3534
1268
2285
695
715
736
742
743
745
746
3918
772
8550
1124
956
2903
954
977
980
1008
799
1191
872
999
1251
1264
1284
4310
1116
1713
2965
801
862
1414
1775
19731
1213
1811
5919
1926
998
1605
4773
896
1006
981
2264
4673
2398
348
471
2633
2634
2644
2701
2706
6488
2807
8454
1876
2830
2931
2969
2985
2997
3008
547
560
772
787
9942
1573
2829
3146
11981
1009
1015
1031
6262
816
845
4594
2334
3884
3923
3696
3937
1486
6148
4140
4197
4217
4224
642
4479
640
650
657
659
827
4048
871
880
4784
2675
2409
1066
1307
767
2325
4153
11539
5240
5873
3158
5668
6822
5703
2065
5883
767
733
4156
5843
70670
9015
3746
6046
1063
2748
6321
619
642
2528
5437
790
4395
6140
2643
1062
882
1038
1076
1105
4087
1837
755
760
23582
777
32257
794
4043
3525
978
986
16661
112135
1028
647
1179
3695
801
5372
7737
7823
452
7889
2227
2241
2279
629
1597
8048
666
668
1106
857
3695
4207
863
865
6788
6626
1216
2719
8981
662
1071
1885
1293
3705
2520
1719
769
3170
2003
757
454
458
9699
2593
577
9897
768
4259
527
7006
3042
3598
3951
2726
7239
28241
2587
1609
4596
2541
4237
6816
3323
748
754
4223
1323
838
4204
1049
924
825
8890
1138
1447
15564
2197
1191
3893
1066
11432
32831
3955
1469
822
11817
5437
3559
547
550
3667
3671
3677
3680
740
699
3871
3723
3925
2914
4067
2527
6324
6101
920
647
658
6401
899
5175
2920
8881
16153
2794
1715
7399
13424
1399
886
4379
1132
3021
984
949
954
5423
1241
7897
1554
20996
1100
14752
3659
3859
1957
7121
3409
5242
15314
3246
3722
29520
9295
735
608
4695
2790
804
695
2563
3029
2501
19284
3344
819
2360
591
585
1074
7411
16268
651
1639
3838
16874
10377
1071
3607
604
729
1639
901
817
7375
3992
1145
6135
4850
643
17852
1309
3051
4432
833
2100
11884
4512
617
2263
1402
2829
718
3782
585
554
557
1523
3827
762
3079
812
7490
1444
1035
1050
1006
1404
5736
1517
4365
7553
6508
611
3817
803
1422
8805
718
726
1202
788
2720
1803
2503
512
7571
1141
652
95733
541
5119
733
1136
7798
12552
7304
3793
1929
37598
662
1962
5854
2467
1393
21240
593
1867
916
3374
3487
624
646
880
622
9026
3814
2304
1125
1157
1073
860
772
3145
902
968
1352
4943
1451
4810
464
1354
3745
856
1277
1058
1463
4382
1053
1037
4415
7725
8450
3163
6016
15224
1391
3853
5463
2063
554
1271
1250
5358
568
743
10630
566
567
936
2262
2290
5495
956
891
823
824
2740
549
866
809
1062
629
2340
1788
883
2599
8231
2728
11017
2833
812
2958
4889
2885
583
584
612
1201
2950
738
746
747
2419
365
3495
613
396636
457
1173
1167
3661
422
797
813
1044
794
824
1296
1544
3866
2982
1892
888
1254
1895
980
1616
1515
1121
1642
2718
814
820
2974
854
2304
1025
1979
2423
877
982
1169
901
577
579
581
895
620
517
521
522
527
528
531
548
557
558
563
577
580
585
735
749
755
775
823
1078
980
992
1144
1208
2828
1365
1379
2759
1609
1677
1686
1791
2296
3996
797
4459
683
2107
2205
2185
3183
2235
2259
2309
2509
603
8852
2581
2587
2609
741
742
752
755
756
764
784
823
960
1000
1027
938
1760
3827
698
582
3613
1730
3648
3656
3692
3696
3776
404795
3869
3872
3937
3973
4266
736
4332
884
890
899
4682
1446
840
1137
1143
1163
4983
677
844
852
855
5191
3278
5252
5259
522
5302
837
1264
5341
5347
1031
1599
1116
5445
1130
3519
1065
1198
3650
5571
831
5400
3905
2514
532
603
5117
367
746
6159
4281
6213
4330
2576
4452
903
398
12047
555
4634
2772
1305
5238
736
824
918
2142
2649
5133
7055
1459
1414
1336
590
894
830
832
832
838
3790
1672
3893
1092
1094
2925
1124
636
639
641
6148
8161
385225
10714
1406
845
1644
4080
4039
1124
1344
799
816
2110
4038
3434
1828
900
2036
867
3491
3504
812
4309
6206
769
1009
1536
798
3138
5522
2638
5309
1362
405767
2774
1449
2640
8322
651
864
2307
2211
2130
1018
1811
6089
3253
993
391
393
10819
517
717
7223
592
2880
73335
1483
8029
790
1728
1093
1220
630
619
974
1884
2541
909
719
1677
2206
280809
409
3669
2000
574
2008
777
1022
4364
2830
1670
1534
3014
2491
1275
3073
987
721
763
1661
1843
1187
1899
1019
1688
5662
1204
2206
792
546
604
10309
866
156841
3003
2022
801
5495
915
2100
463
2263
3051
921
362
372
707
589
1711
859
485
2786
937
657
14489
1002
701
1602
10202
1151
659
236918
4782
5919
5381
1531
1139
801
8241
8282
1642
1141
406
839
1400
1414
426
441
442
451
452
460
462
464
3714
3716
579
596
1100
606
724
879
685
565
3516
1051
868
479
1130
4626
13485
678
987
764
1666
1686
4144
407
691
706
2158
3891
5690
2142
404
405
2654
688
694
850
1810
1822
3408
2214
876
3199
1113
3235
1092
790
904
1345
3684
5239
528
2259
3533
2119
2014
1273
963
615
2269
14052
574
579
2316
545
554
6056
772
2266
941
3765
738
1871
1220
1638
3439
4325
656
780
892
1925
780
785
4062
1061
662
95048
1050
838
850
2751
1327
2059
1052
641
1268
1286
611
611
7300
1949
1995
1589
652
168055
14841
2164
6014
2285
1030
6353
3089
595
2566
54019
616
904
813
815
865
2184
747
642
925
1112
883
8264
1206
612
423239
1079
1091
3483
795
702
1758
2696
4265
432
913
543
593
594
598
601
3619
1101
1347
760
4162
1055
2601
5778
985
930
5412
4200
911
958
7499
580
782
1282
489
5913
507
508
511
512
3918
652
826
844
871
1302
426
3035
1365
1461
1243
1588
698
703
9100
2690
951
19873
1372
7601
760
763
696
3636
2390
1394
1403
1273
1159
1178
1138
3620
2845
224896
1417
2963
1050
1196
2215
688
1027
1640
1339
2261
768
4961
963
1163
626
628
463
1404
981
646
479
993
1025
1444
454
665
1203
2237
990
2926
2319
888
1577
2798
1096
1130
753
3024
1116
1360
3086
1457
4729
658
639
315
3695
707
1158
774
581
297
6909
385
3659
1966
545
599
376
678
1125
724
5274
1009
299
414
552
1398
1475
757
587
7556
940
1950
3515
754
410
341
18411
742
1049
417
237028
987
380
1471
831
609
617
1111
1163
620
1597
973
1061
3986
32897
1360
1328
745
746
679
681
682
1494
668
918
990
768
867
1759
436333
1077
1205
1086
1066
393
1531
350
619
1478
1465
2114
1641
749
756
3539
7313
541
1121
602
604
2527
7616
1223
3639
2071
2774
620
1664
1050
2390
889
3264
3185
608
1233
891
2558
1813
937
559
3537
557
527
531
549
4666
611
472
725
607
1303
923
969
1013
3575
1039
448
3958
1160
3794
1213
669
1428
1557
327
1577
1579
1645
575
274
278
295
393
399
532
1224
594
4117
2259
727
860
914
921
1209
6641
1391
916
2418
1948
1657
1662
624
559
366
500
2055
423843
607
1027
1482
780
431
314
327
333
1331
428
434
443
548
568
1531
506
511
510
626
640
977
563
572
477
795
372
926
1098
397
320
328
338
340
344
348
351
354
355
361
365
373
374
376
380
399
408
518
555
568
617
270413
647
538
747
750
755
760
783
812
850
892
909
911
917
924
1012
1042
462
1148
1947
1158
1284
766
546
544
812
1489
267
352
1580
366
1042
197
1715
167
386
1795
1809
497
498
306
1920
215
279
3418
2074
2182
2185
571
620
680
2353
408
2610
570
555
741
489
437
696
808
489
4249
3725
1048
3853
1299
617
784
775
578
823
770
4561
955
1102
1107
4159
1674
553
450691
1445
807
711
1018
264
535
348
374
437
2654
508
889
648
771
3328
975
522
524
2514
926
2693
1447
685
1110
1316
1330
885
1368
1028
4413
329
3010
283
1840
1897
512
558
297
298
1848
470
538
2437
657
679
2399
835
861
917
950
1559
1118
1296
3020
1630
732
1287
4030
1695
829
601
648
3900
414
419
421
439
607
607
4319
3950
743
765
1021
2227
818
872
881
516
2267
1249
2968
693
795
1170
352
1249
2353
418
800
1716
799
981
3246
3258
3269
341
2226
2571
523
2149
3648
704
430
502
1399
2454
815
881
882
543
968
528
757
759
773
775
779
545
1715
947
465
1148
1296
1425
1564
739
720
1300
4973
2546
471
1037
662
2284
656
657
674
2693
1046
2821
1427
1144
1953
3055
1232
1413
1417
1440
1665
489
1725
3666
593
642
530
3709
1083
1942
920
2158
288
406
2385
6709
214
4146
2643
742
350
608
456
472
961
493
588
613
617
619
347
901
1018
1025
1330
590
878
8276
610
389
391
5271
817
648
653
890
1374
560
910
632
636
1534
1362
545
528
647
1940
1233
2013
1045
603
1009
1241
671
360
1740
526
534
2154
248476
899
520
463814
1484
1539
677
681
499
784
328
334
337
348
852
380
390
472
1278
479
519
4204
2217
2254
502
1247
762
767
824
830
1501
1066
2688
743
4149
2613
1570
504
2223
1474
812
1893
299
308
491
2491
379
537
2664
3952
289
653
268
889
530
345
4502
7889
489
387
1306
6439
795
3477
4707
803
632
4485
1440
5278
7701
818
168
614
237
310
378
574
929
545
928
474515
461
913
188
231
379
541
355
438
921
494
496
1058
235
435
442
301208
538
260
798
1016
962
476466
422
1275
824
306
1351
488
938
1453
647
286
605
489
1083
1126
1313
1492
1448
1575
1226
480213
116
236
173
850
834
283
291
304
308
411
387
1032
654
785
152
1024
333
1165
1219
1220
340
258
181
118
119
161
162
207
212
241
267
279
124
310
403
479
552
425
186
399
540
606
226
265
471
476
727
840
395
985
273
313
310
416
169
123
173
306
307
142
146
342
424
427
515
197
255
335
197
780
422
165
695
330
535
421
520
1247
1227
536
451
333
334
616
133
134
140
187
376
515
404
547
707
1198
1211
1536
969
3729
156
145
145
153
270
284
324
367
656
693
622
531
401
561
361
525
544
530
688
650
661
666
291
1239
3384
3466
3468
347
3298
3565
973
294
1867
983
2022
578
710
207
131
120
126
370
308
251
277
9379
411
380
462
231
2409
195
752
329
610
776
277
246
252
335
1197
424
430
437
443
325
317
506
693
1441
507
9232
3659
150
469
179
187
144
236
359
327
146
375
238
510
639
660
683
688
810
1121
236
241
277
644
1414
349
1204
569
480
320
326
212
589
242
730
753
372
245
381
508
213
151
164
11729
157
264
172
169
207
211
222
269
274
280
384
295
301
308
313
330
201
207
371
390
340
266
455
505
436
531
382
263
296
344
359
153
502
351
177
636
425
914
350
396
349
362
584
454
469
472
473
569
187
888
259
342
310
146
735
557
242
469
142
375
185
1157
272
277
386
449
722
1048
854
699
305
296
353
466
466
474
198
248
260
713
516
520
213
727
185
219
227
1064
285
317
531
402
177
179
182
185
190
236
247
833
855
348
252
252
466
345
588
168
440
263
636
162
123
899
595
225
598
138
226
444
338
337
439
502
160
502
332
384
580
309
257
203
119
205
443
336
893
584
345
125
124
133
179
221
224
721
395
199
252
287
132
169
260
291
365
1527
245
159
160
161
207
263
350
370
543
725
832
213
132
138
140
146
179
196
219
289
318
476
515
524
737
286
640
285
463
377
378
346
348
768
293
457
340
110
314
106
313
246
167
195
170
198
230
413
308
1217
834
116
142
435
525
377
702
2139
367
217
911
537
413
355
495
539
190
192
247
297
304
410
425
476
352
831
355
350
783
283
300
486
290
349
391
398
408
411
422
423
169
544
323
310
556
558
371
605
616
629
683
439
447
448
788
766
838
878
394
645
647
406
665
667
486
509
1067
846
1211
1213
1294
1340
1159
1400
1413
899
1464
1019
1566
369
428
164
849
1560
166
172
173
351
967
698
187
359
466
604
361
729
732
878
196
1091
196
1228
420
411
1037
410
379
347
261
528
638
659
348
777
539
629
1309
480
450
836
271
274
360
348
348
352
355
829
710
366
1094
339
293
296
366
706
352
367
391
396
405
409
416
418
431
432
441
445
473
480
482
495
496
499
525
606
607
610
612
446
642
650
681
963
749
775
790
823
844
849
867
883
889
904
914
915
922
924
930
971
978
989
1006
1033
1048
1123
517
1164
1224
1281
1379
829
1483
1522
1524
906
1533
1549
971
1878
186
187
195
1729
1761
856
1938
2049
384
2398
635
632
1046
1050
637
646
655
3491
919
3517
1079
540
539
125
316
324
260
538
224
280
875
250
284
1108
372
270
1439
553
638
264
275
373
448
549
550
979
106
302
428
319
80
30
978
113
153
693
245
777
340
346
551
427
436
513
328
587
646
563
316
693
223
1010
1593
376
1313
786
341
567
1175
305
122
586
974
552
42
281
200
40
328
286
348
388
409
257
296
341
215
156
160
168
224
228
897
447
272
291
708
782
621
671
396
397
388
616
897
633
1183
267
143
187
345
256
816
522
832
691
377
376
378
383
384
392
516
524
587
591
418
776
446
895
1066
1077
437
588
874
298
1710
739
912
321
540
361
249
250
251
450
232
322
339
347
477
106
461
658
666
323
1101
875
267
1080
1719
553
339
686
338
196
265
192
205
170
172
231
246
2919
843
322
480
197
266
270
316
323
480
409
3355
559
407
492
1149
299
189
651
992
200
151
693
407
499
406
148
460
507
341
614
743
467
1013
794
299
1432
1066
386
312
282
318
319
349
387
404
478
596
741
117
240
323
536
465
483
864
924
949
653
1140
730
813
824
1299
633
639
1646
1239
1124
314
587
1329
202
265
291
308
1204
530
1297
575
890
14525
246
417
419
3291
346
987
702
193
244
259
139
145
152
155
159
161
183
185
186
187
194
211
232
244
264
265
269
278
295
302
304
309
326
337
345
359
365
389
435
468
582
590
601
652
682
363
824
341
175
350
357
361
371
382
468
477
483
172
532
386
639
679
696
712
758
833
531
551
904
576
356
456
1215
1122
548
1182
1216
1248
393
197
201
493
957
270
148
317
320
164
430
299
657
746
751
766
392
295
555
345
485
685
436
693
705
973
688
412
344
196
142
144
146
147
153
156
202
209
989
417
569
839
989
998
522
415
743
680
459
463
469
470
476
490
496
786
544
561
567
498
578
585
588
589
595
601
615
624
636
654
665
678
681
704
724
725
729
749
757
420
773
813
819
887
934
575
577
589
610
611
613
628
635
641
659
1056
1084
1090
561
574
1167
1195
849
1235
896
908
1321
946
950
821
824
1366
833
841
1377
821
1503
1146
1173
817
1219
1224
1242
1297
1774
1798
1862
838
1732
1746
1925
2312
2348
2436
2438
2516
2145
2619
2259
713
2299
2309
2896
930
2950
2622
3010
2543
2561
3107
3110
2780
2666
2672
455
448
450
3353
455
629
587
2736
336
734
736
3111
3284
761
2643
876
3243
403
3903
3420
223
3444
347
1169
4078
1194
131
134
4148
218
4811
5948
317
316
1346
238
242
980
322
448
347
692
896
258
265
358
342
345
345
348
473
547
1212
566
712
828
1162
451
1049
1399
383
363
1682
726
388
1103
360
396
317
171
695
400
206
680
118
119
124
125
129
146
150
261
189
209
239
251
255
392
292
332
355
373
178
537
356
764
998
1300
1011
1032
1052
371
574
692
429
485
345
346
596
433
430
668
260
261
644
448
339
1011
584
847
804
1264
1323
906
425
313
218
1674
2125
1084
1317
338
270
333
412
194
194
974
979
422
554
528
694
275
818
696
277
282
351
461
463
579
725
617
1103
358
601
1488
456
541
342
216
167
120
125
319
319
607
308
346
511
342
313
310
320
321
330
219
332
333
137
176
216
226
769
944
1015
814
1364
224
106
351
352
353
315
213
262
538
260
341
214
268
985
609
489
270
218
126
1267
962
412
414
557
348
340
587
341
542
297
630
196
265
1073
341
306
169
362
135
136
179
182
232
264
503
541
715
601
349
426
1178
633
143
159
223
242
522
786
375
376
383
422
449
490
272
541
636
691
248
311
278
323
94
359
39
186
408
284
159
168
159
716
205
590
127
128
134
138
147
585
198
217
225
260
293
310
400
402
408
445
600
678
760
872
888
917
955
777
747
239
1497
350
1827
151
411
338
464
716
554
465
785
41
40
43
48
55
82
717
108
169
109
95
637
1193
637
559
132
133
145
194
411
391
409
1015
544
670
308
310
312
317
317
319
324
325
329
331
555
1957
569
561
662
658
962
990
346
1340
346
349
191
679
308
106
246
940
344
413
414
583
617
897
246
628
434
249
709
318
258
260
526
556
514
44
334
470
29
72
556
346
352
375
376
418
377
378
379
477
484
502
589
609
626
639
730
742
951
986
250
444
536
316
317
718
171
322
344
129
284
661
603
760
725
470
146
281
169
184
209
279
1228
335
612
440
454
716
877
670
2570
1017
443
602
625
897
307
312
1058
189
189
726
631
594
245
384
369
369
374
375
379
516
157
228
475
480
488
507
387
275
311
646
537
906
516
498
325
1154
1219
305
653
321
630
116
149
192
316
241
746
142
146
248
413
758
599
1506
614
621
194
144
201
253
346
702
165
355
467
468
470
599
507
354
166
131
718
257
361
633
524
205
212
263
344
351
355
503
605
363
766
931
277
280
280
281
937
196
409
1557
411
412
647
625
523
317
410
793
529
804
549
1332
755
530
416
1659
951
199
1171
239
347
350
723
505
447
248
275
470
245
153
471
1113
807
952
262
338
744
586
555
443
466
350
1056
198
1133
523
828
523
463
348
355
585
444
448
621
363
476
169
226
263
264
214
403
534
167
891
345
439
441
559
574
197
145
817
322
218
383
746
197
274
289
1239
474
491
590
1039
913
2134
444
249
122
198
169
170
193
172
203
772
394
188
295
165
176
199
208
200
305
317
271
387
788
386
519
526
587
409
477
1052
768
127
1205
7012
396
1203
522
655
680
447
319
320
321
325
325
329
336
336
337
946
247
251
780
569
327
329
700
832
1090
417
456
551
538
734
4562
1591
636
1072
331
1291
321
322
1633
460
467
864
865
757
530
2007
977
1516
1136
2391
446
2123
24
549
906
1408
1016
574
659
673
533
261
29
382
80
563
520
1061
280
9670
539
279
324
337
350
591
414
653
371
378
474
476
488
488
600
602
723
254
803
1492
463
230
324
295
1609
709
455
456
383
409
365
539
550
558
797
938
783
797
947
1466
1513
1089
1110
585
181
649
509
525
458
651
1394
382
197
532
534
286
295
183
475
277
336
395
436
563
888
428
653
380
954
1546
934
792
320
321
524
931
237
392
424
494
501
503
541
269
264
360
1114
480
773
465
903
1341
882
1439
1570
799
547
562
147
134
129
180
1716
976
235
510
123
248
332
917
4113
467
841
772
4653
928
284
1262
1466
467
1318
453
522
1080
512
487
763
412
416
421
671
585
727
897
914
859
1094
1109
1107
809
608
1432
538
353
353
355
360
1678
411
987
1044
331
874
295
492
929
976
1030
1260
675
1089
911
918
276
1237
1251
254
440
158
145
146
14990
247
345
315
326
432
434
438
5850
312
313
315
331
399
406
400
405
667
422
482
1196
734
186
400
1321
1062
1401
1226
456
560
552
931
835
842
381
1289
355
1476
144
226
119
144
182
234
425
439
894
192
118
318
322
240
423
525
856
336
1435
134
137
238
325
341
346
555
285
150
850
313
394
966
774
1009
627
116
322
161
162
164
181
201
203
206
212
215
216
235
248
249
257
266
344
400
434
436
501
526
559
600
627
659
688
729
763
794
1120
1195
1247
222
344
216
207
309
643
552
642
592
596
1053
293
1119
222
464
407
844
630
686
408
420
421
432
438
444
573
624
642
813
821
948
965
1173
1174
1347
1549
1709
303
777
466
470
592
423
693
875
620
604
833
1133
1007
500
501
715
559
573
753
595
940
950
957
961
537
539
465
637
514
768
914
1486
301
385
387
493
185
466
419
348
595
352
365
476
605
618
630
561
740
333
1126
1283
426
264
272
277
385
448
461
471
477
578
840
504
347
514
677
693
700
854
860
670
483
1395
603
614
616
1755
828
1341
465
1272
877
426
489
1110
464
1830
595
621
552
554
905
710
770
948
1192
1454
1042
1362
1365
1395
1304
1611
610
610
1024
1787
590
594
603
489
749
570
268
867
155
479
396
2664
1442
2665
64723
1513
351
706
349
3844
590
287
169
225
477
817
350
465
407
585
306
473
474
701
837
308
125
407
183
109
187
583
349
355
356
745
372
376
383
587
587
602
641
303
764
507
840
855
872
204
328
330
343
524
137
1094
467
442
875
510
580
584
775
781
1729
1937
1032
1359
1092
1094
428
845
1671
166
360
168
492
223
269
265
265
513
444
262
387
513
348
400
509
484
351
474
474
206
214
276
587
154
156
160
170
379
353
240
328
372
379
404
608
761
942
960
267
1212
417
426
346
347
584
210
352
364
125
478
583
153
726
505
243
267
1112
526
384
570
1232
513
1300
530
317
334
342
688
385
396
402
403
422
444
451
455
459
500
501
502
538
630
565
567
568
574
476
601
617
618
619
636
641
693
766
188
789
427
819
925
372
1128
1149
1255
1189
1204
268
308
246
685
316
317
398
404
679
732
750
842
1202
356
261
839
249
635
267
157
697
706
1287
448
352
373
360
418
276
610
388
434
438
447
1477
535
504
390
391
500
336
345
177
344
1019
648
312
181
508
173
177
179
191
353
556
522
1384
717
1738
898
1255
2329
2406
1748
993
1528
1926
1215
1478
612
626
627
784
1063
783
387
909
736
221
261
1090
296
361
392
413
572
751
2448
535
1165
541
402
407
410
2195
436
554
1028
541
546
553
2421
572
644
692
863
895
441
902
876
1100
336
1166
216
301
440
1271
3663
660
1781
639
563
345
1188
982
487
489
613
727
1893
555
422
423
425
433
598
811
579
950
898
493
534
542
2871
607
747
830
628
420
421
1195
1239
691
824
866
1508
11531
74
846
1794
1238
2166
1485
689
460
125
577
574
211
225
612
601
143
414
151
738
535
215
125
263
643
648
201
271
514
310
514
217
128
379
219
260
202
696
383
382
642
552
575
340
340
823
305
582
415
731
407
257
238
224
355
1256
890
356
196
415
552
219
188
223
837
164
420
514
566
241
633
934
589
495
300
805
624
118
351
463
307
428
709
512
894
372
1494
588
589
1516
109
560
197
320
414
1355
537
229
2250
113
2210
770
415
257
399
239
1311
2877
64
589
58
59
70
107
108
127
139
154
197
329
388
389
436
453
459
567
687
688
690
702
793
1316
786
1931
406
510
512
605
714
226
603
175
258
270
650
651
758
841
534
155
26
58
58
76
85
325
286
313
291
717
727
846
268
895
112
466
889
296
357
357
357
369
538
407
500
508
519
615
743
555
875
304
111
514
228
152
189
706
273
308
414
421
593
563
697
265
947
118
118
262
168
939
172
280
181
1337
609
1201
382
924
1043
159
232
242
301
417
143
187
320
507
414
772
502
417
413
384
395
896
665
906
917
1255
980
504
214
170
310
377
312
322
1041
421
534
238
393
401
292
403
404
416
419
419
422
426
458
459
489
513
527
529
564
185
190
957
603
615
617
653
256
674
717
723
736
739
741
1127
770
779
806
913
927
1132
1172
1362
1927
461
311
540
182
187
190
239
252
306
350
415
425
432
24
29
35
44
53
71
907
542
644
379
129
509
131
131
630
533
385
835
917
41
37
50
318
75
103
450
252
340
1400
717
679
826
940
319
45
47
896
631
321
239
250
118
120
168
689
218
225
344
302
148
369
247
1253
499
503
627
1349
642
67
313
316
34
342
79
109
587
29
49
84
524
365
216
507
519
819
945
965
626
286
541
1140
590
694
372
525
1003
291
841
195
348
146
194
220
276
293
360
494
519
322
575
395
401
407
386
642
915
442
543
390
970
161
328
278
553
1002
137
598
225
1009
460
463
565
572
601
1339
264
988
400
348
543
709
1513
219
299
946
131
139
182
589
591
343
395
294
1471
823
873
885
534
224
444
111
1139
150
231
250
516
304
419
846
1304
418
477
524
193
248
856
361
474
480
504
718
964
362
1124
1445
472
1481
122
30
191
461
256
261
123
131
134
168
177
1051
387
387
412
414
415
419
421
424
425
432
519
535
559
671
677
693
791
825
505
947
395
403
428
532
554
601
764
1713
1794
1075
1096
1244
1257
209
1432
1603
267
1753
801
687
2020
2170
462
964
2185
1447
364
365
366
601
717
654
844
331
1087
376
312
634
582
776
260
744
617
69
24
79
304
182
709
621
307
118
119
130
132
345
155
159
161
174
200
213
242
247
286
287
290
293
376
598
409
616
453
669
474
411
469
836
846
590
651
802
1113
1143
1181
954
996
383
412
423
430
567
703
541
714
720
974
995
322
521
1429
574
251
624
285
355
492
581
400
881
333
330
335
61
347
351
353
358
361
43
49
75
213
121
493
160
175
183
185
248
341
686
745
406
782
454
493
477
945
952
992
134
1059
179
1141
818
829
782
328
342
448
582
1289
814
910
551
777
334
617
676
474
307
516
477
865
633
1392
862
863
1118
858
516
272
358
782
635
329
178
452
181
185
252
277
311
803
1363
265
272
273
429
444
473
698
567
730
843
946
380
605
1049
227
1144
767
313
314
1048
429
657
735
745
1039
1230
785
2118
1455
27
23
44
46
585
647
479
595
605
385
387
709
253
125
843
473
660
276
1208
367
1063
603
607
718
22
40
43
54
54
104
115
168
1050
1318
460
433
142
249
3102
654
749
698
593
2661
634
440
442
362
362
472
476
480
613
556
630
623
183
331
209
91
66
80
90
91
102
113
127
129
210
651
225
272
1215
442
291
354
405
506
525
552
1152
723
1028
184
854
69
140
39
47
55
83
1511
282
301
346
426
2110
1485
1429
313
250
855
307
249
366
368
368
823
1009
1935
730
731
6607
866
451
284
605
380
1232
1450
407
437
347
351
549
455
695
939
649
1067
376
483
56
74
88
124
150
700
989
388
416
444
450
452
594
701
835
423
431
110
571
583
587
588
116
120
151
720
740
266
284
474
488
579
1101
1852
2030
948
585
2786
487
494
497
498
510
606
611
614
615
505
744
712
839
960
965
1047
1183
1345
304
723
1072
349
352
517
705
701
304
849
347
356
731
587
480
25
945
59
86
1070
216
166
217
350
347
461
524
817
146
110
111
198
38
29
30
31
55
1134
412
1082
249
692
256
833
340
691
801
283
170
218
277
515
305
31
86
96
121
123
127
132
134
362
258
261
335
422
492
381
701
508
512
522
553
1180
496
500
304
585
147
547
603
831
539
402
650
409
982
934
453
245
488
981
364
373
484
490
331
452
585
592
596
597
625
270
363
1012
715
1448
1560
716
658
1049
586
189
347
187
838
691
427
305
347
426
304
466
1196
273
308
108
695
783
306
420
333
725
841
537
302
188
170
237
173
269
205
496
283
970
1044
341
200
350
388
722
820
390
395
623
637
129
126
129
132
150
189
189
196
880
215
228
229
781
266
456
145
748
363
464
594
346
908
386
905
561
731
216
308
446
176
228
129
131
132
453
553
840
475
128
261
703
346
285
906
168
477
274
646
553
779
465
353
1061
1097
659
382
392
392
393
397
402
526
644
669
688
691
805
963
900
1183
1207
1227
512
304
332
1359
555
205
208
274
280
344
423
633
701
681
463
717
352
472
483
587
602
1077
964
775
337
583
331
342
212
275
276
283
459
562
417
810
815
770
960
1255
367
1130
391
1066
343
465
287
329
471
552
1188
352
171
172
267
203
204
212
213
291
402
429
543
670
355
761
437
2342
330
2412
551
382
676
2109
283
850
1021
133
337
267
365
374
379
427
403
536
553
555
595
797
810
821
1132
754
1234
1926
1744
1746
677
55
42
47
230
196
2456
2589
347
346
2582
2828
2846
745
362
474
3110
3183
168
187
188
199
242
246
282
506
985
547
1289
716
185
187
193
110
112
146
580
446
694
277
606
615
370
628
486
9754
623
106
309
679
706
219
1259
358
142
346
351
463
286
266
130
132
141
147
175
185
189
189
580
232
217
243
310
344
350
163
615
195
578
584
238
304
305
519
271
346
331
404
596
393
416
420
627
990
681
1019
1567
1093
121
1586
69
181
183
342
514
799
1003
3425
1517
145
497
505
3628
205
902
986
1198
1093
1250
1302
1409
1481
1543
1566
2706
146
1680
495
907
380
517
355
487
611
622
631
1020
3777
4334
638
285
1200
921
490
659
663
695
1358
891
723
952
1146
922
298
300
309
506
1346
814
167
115
130
512
559
735
696
483
12856
587
304
54
137
173
469
149
238
337
389
390
524
537
726
1199
313
151
484
505
691
602
452
279
399
236
125
270
963
673
13882
542
644
202
199
200
711
558
556
789
630
264
1036
443
388
391
346
193
1194
201
264
212
173
173
352
433
257
408
409
396
197
217
549
449
442
22
22
283
154
36
43
67
415
337
339
341
523
549
1454
640
262
857
634
308
47
40
41
42
69
82
313
126
212
550
1096
160
163
347
216
39
41
510
382
389
393
397
514
521
777
918
348
345
1572
422
472
199
200
213
214
260
343
419
833
549
417
256
359
434
461
465
469
545
624
718
267
447
275
277
361
371
450
453
821
568
826
340
280
469
764
352
353
353
294
1082
1096
171
315
400
307
311
634
839
166
125
277
162
169
228
618
259
262
521
1155
1093
217
1066
131
133
134
145
182
229
233
280
311
512
894
387
286
645
389
575
590
597
963
65
72
197
366
315
612
124
697
697
979
341
110
557
558
278
1530
265
263
40
150
156
1509
67
34
34
37
178
448
131
157
160
161
163
213
253
328
286
298
317
327
338
374
387
490
627
782
861
807
849
979
423
1407
346
340
469
627
585
465
347
513
216
217
495
142
197
134
52
1186
355
466
596
617
475
722
723
940
346
595
71
33
1227
835
127
663
497
675
1079
2504
304
170
329
126
184
641
324
325
335
348
353
354
481
553
575
691
697
745
547
910
960
997
582
389
390
401
408
409
412
423
424
438
446
1227
568
876
932
676
7292
1070
602
1121
586
156
1226
165
254
213
308
1329
385
1385
320
324
469
1588
24
25
39
75
100
133
565
756
762
60
219
97
158
201
1737
818
355
854
456
577
813
353
581
342
305
42
63
449
313
301
723
636
159
216
246
942
1134
500
618
756
1116
335
347
204
1552
338
354
1560
596
261
233
131
132
134
38
242
97
159
169
171
173
176
299
318
729
1157
780
787
800
806
932
1134
1146
333
1570
1191
1382
204
1397
374
348
958
2826
2247
359
478
486
707
343
352
353
359
1114
459
588
890
713
737
981
981
845
862
1087
1130
1001
712
1252
1321
939
486
340
986
808
1249
350
1550
1510
356
293
1635
656
464
715
351
355
375
384
394
463
480
492
512
604
616
619
626
628
633
490
884
999
1003
1251
771
1019
303
231
2647
486
160
298
310
125
933
347
346
193
925
7177
349
1071
701
585
518
946
586
315
252
378
406
306
723
125
261
216
110
110
112
423
314
408
514
309
342
420
146
515
523
638
727
853
439
384
517
1694
731
64
31
68
303
408
310
311
414
417
43
56
347
973
729
483
1222
417
1072
31
28
33
426
34
423
644
823
349
351
471
856
701
318
319
828
1484
425
273
324
325
326
228
231
434
532
654
595
478
216
124
1182
361
713
817
828
84
350
33
1032
347
306
689
935
583
731
718
194
475
192
198
28
28
263
697
246
142
156
164
166
172
175
305
310
319
352
386
394
434
435
460
466
201
471
601
166
3352
138
139
153
154
175
216
241
273
301
5357
324
797
522
148
114
156
192
880
524
660
1643
144
108
73
42
44
72
86
91
96
121
130
133
286
409
551
566
463
362
496
633
776
484
496
673
1456
1897
2034
290
32
158
41
351
556
662
789
726
960
976
1368
635
1088
618
519
685
357
746
878
790
806
425
382
385
402
412
420
430
587
627
662
821
830
905
992
1199
1301
1364
1501
522
2051
607
556
348
3721
306
315
336
423
525
549
560
568
640
2413
773
188
1015
1269
1005
1085
212
357
2008
435
261
289
116
187
193
235
295
303
318
846
370
650
726
357
309
319
355
483
588
617
626
494
617
663
676
852
884
875
134
49
84
123
125
142
171
182
184
205
276
298
363
413
523
569
259
262
45
358
61
319
219
173
355
588
891
355
356
411
404
414
488
324
609
247
178
822
1514
292
178
275
320
376
517
267
197
363
387
1219
1020
531
532
542
890
557
1479
751
250
283
413
728
1070
1084
746
1274
2151
1300
306
671
253
487
2855
365
267
862
610
1334
649
584
909
483
467
646
996
49
90
607
362
162
284
247
192
53472
423
443
594
357
445
369
483
488
592
597
598
609
904
1349
642
1520
318
60
330
808
826
196
115
156
197
322
592
353
477
272
216
234
128
167
267
107
473
595
169
287
289
45
22
586
329
229
284
342
846
358
393
262
466
270
280
283
294
297
364
390
390
563
573
643
646
889
1121
1336
1578
354
633
274
354
377
475
913
227
547
558
118
120
185
732
193
236
395
265
584
794
361
352
541
161
372
239
832
282
408
860
868
884
1888
1258
1457
966
265
470
3666
1244
325
1435
290
417
420
653
674
879
388
391
6436
217
474
907
166
726
392
399
518
524
310
781
472
1052
353
262
643
263
367
371
562
640
748
522
1211
792
421
1446
512
522
634
830
864
272
140
147
299
360
457
568
718
587
286
436
259
440
221
216
412
423
431
607
156
179
189
191
192
200
202
213
229
268
275
298
393
474
1042
2280
2338
2739
415
3403
244
329
338
343
346
1347
462
1021
1654
1311
383
825
927
811
1453
761
10515
549
646
864
1062
422
514
305
409
620
733
775
344
463
349
514
346
464
130
124
126
170
965
129
280
183
196
196
199
205
209
214
218
228
250
264
268
269
272
278
297
298
311
313
315
316
361
388
391
392
405
412
416
424
427
468
488
552
553
554
618
661
694
700
706
716
727
742
806
850
893
911
954
1037
1045
1177
1275
1332
1481
1508
1638
824
1857
1980
2067
693
2167
2266
2282
176
578
172
186
200
2657
317
576
396
910
481
529
664
666
681
690
749
3129
3154
436
278
216
162
128
259
707
1213
473
1061
1686
988
583
595
720
853
1090
1108
1331
352
449
161
475
543
360
193
300
857
361
363
364
1168
345
260
433
131
443
185
289
375
472
358
286
369
491
605
260
719
260
1119
1214
349
599
357
359
835
852
907
347
703
2375
2562
2569
3170
3401
126
213
265
349
6030
145
269
294
730
2020
377
293
389
389
243
463
191
511
123
128
383
216
242
193
341
262
263
168
819
996
183
949
956
657
776
515
1332
836
261
415
417
418
418
279
429
435
292
177
466
470
899
524
539
558
587
588
594
614
616
620
685
692
699
712
725
763
771
796
804
877
385
912
926
989
1009
877
1059
1094
1301
1471
1499
1712
270
442
836
424
734
871
382
436
124
257
259
260
132
133
142
349
174
239
242
269
276
537
404
718
352
336
841
927
931
1014
1653
684
145
3412
3415
3418
3419
3516
3638
404
412
769
3687
3701
138
3804
331
511
836
797
236
812
271
287
322
432
468
284
641
771
139
763
1779
2221
6451
49
59
64
532
355
436
472
194
257
142
146
593
1001
192
799
356
356
361
590
257
266
276
337
338
352
353
726
430
524
539
440
619
553
691
346
347
266
814
353
457
149
219
254
147
153
155
208
428
214
314
557
600
629
271
32
595
71
600
659
597
317
609
912
523
644
362
498
167
191
387
265
772
244
145
124
216
358
262
259
304
124
133
135
269
555
625
343
803
733
341
352
466
596
352
170
43
124
95
141
2261
518
244
202
344
360
143
346
352
462
262
267
448
706
329
442
1066
260
216
264
578
571
243
156
197
205
218
255
296
379
413
507
193
215
273
301
317
470
717
334
408
330
210
210
280
417
433
477
495
633
124
404
456
340
456
341
342
344
346
359
480
482
488
608
714
1090
1178
712
358
359
477
169
440
814
376
344
572
375
124
124
473
600
346
347
356
353
477
596
196
275
257
271
286
346
351
356
357
362
461
464
624
685
756
808
335
1205
352
245
143
152
112
198
353
391
599
389
121
350
462
378
540
141
223
247
850
457
1514
482
1062
466
469
346
470
471
590
702
595
592
400
193
119
127
168
395
143
147
150
153
156
157
460
725
791
444
192
3130
2481
146
148
153
119
122
124
157
174
177
252
284
250
266
369
431
1395
420
223
106
380
1150
330
515
764
593
387
393
411
419
426
524
562
572
450
462
643
676
709
813
832
964
965
969
994
1127
324
1331
1212
1213
1277
306
1677
1564
1640
1859
1070
376
671
832
281
124
129
135
169
218
278
310
366
692
173
132
133
174
175
215
412
698
442
553
672
300
130
177
350
349
358
597
128
751
1121
346
588
245
596
600
593
417
1776
593
685
377
160
122
773
378
381
504
506
1033
1050
484
280
287
571
264
128
134
139
182
282
1500
352
771
282
569
834
475
483
600
859
300
28
54
59
227
124
456
167
145
149
281
569
471
478
377
1051
349
226
126
257
173
346
474
830
361
350
481
468
696
477
594
621
625
747
286
853
423
309
312
425
1374
656
671
1507
1527
279
112
473
988
1013
479
416
353
557
698
1187
475
246
147
141
143
1064
584
594
709
730
678
1274
337
343
1369
354
359
531
565
565
732
883
1094
1170
1369
1420
1444
1397
165
246
281
421
312
118
212
385
54
29
276
160
160
388
114
83
192
195
720
473
839
32
23
1368
341
144
158
160
162
192
200
203
254
314
455
244
142
344
149
513
521
191
143
148
149
196
343
292
522
714
697
471
962
510
388
1329
442
330
335
459
463
232
891
935
236
278
1137
297
302
307
419
619
416
556
412
355
583
365
471
479
971
1103
288
172
239
297
411
420
524
597
349
256
841
96
46
328
780
399
473
1126
330
441
22
45
151
633
347
893
454
328
335
563
567
573
1040
1418
1030
244
246
894
553
280
290
308
311
396
402
422
481
490
518
569
608
616
677
698
929
1528
410
1051
248
142
143
149
199
426
427
429
296
391
392
270
519
525
647
222
689
1128
1133
620
1296
740
896
217
172
187
190
196
222
230
265
366
431
474
603
627
633
672
676
726
322
233
287
482
332
245
852
261
223
347
400
508
719
788
54
355
362
66
369
374
388
395
883
600
629
636
256
646
648
714
258
727
731
564
249
902
911
444
926
462
1169
453
541
1294
1389
381
292
156
157
1237
288
292
292
296
381
483
488
692
699
963
277
417
163
301
557
263
268
272
1020
361
489
557
584
826
215
494
161
215
229
398
419
598
292
142
345
709
472
807
206
334
472
772
1091
1138
1228
770
1494
273
275
362
444
2153
301
193
311
252
345
625
4232
342
245
250
457
933
194
144
341
1011
149
218
133
142
182
246
166
289
366
160
453
1112
538
195
196
151
254
256
319
360
134
419
434
216
242
254
265
339
715
886
686
697
958
1201
551
1100
444
347
479
1266
622
854
453
1574
144
148
193
454
776
632
439
513
416
247
206
412
1168
1184
169
836
699
1424
301
200
208
251
256
345
293
437
616
141
192
277
344
280
330
345
443
695
712
482
441
330
668
1124
367
212
607
614
885
968
685
533
539
193
1707
1088
193
364
244
519
247
3472
561
366
1064
540
714
1431
856
10883
1166
256
260
263
349
405
892
264
294
350
192
194
347
184
187
188
312
318
608
788
478
280
147
245
144
141
447
830
146
155
202
205
326
593
291
634
184
251
257
894
235
442
507
523
277
288
289
379
305
470
477
173
525
544
769
495
845
985
244
1157
125
137
731
634
963
521
611
613
445
404
783
426
637
157
207
251
223
1069
355
365
1157
376
551
761
409
142
413
338
551
169
171
216
276
428
430
431
446
564
575
628
682
745
763
881
896
920
998
1008
1414
599
306
353
124
219
123
313
304
249
129
130
157
162
166
168
170
192
198
211
224
261
274
424
511
514
539
952
564
583
202
566
97
164
614
2000
551
221
969
159
361
345
368
542
469
474
485
659
840
942
390
108
106
63
23
1171
22
24
809
22
29
30
451
187
254
585
453
526
691
524
651
390
391
527
531
773
783
805
956
1073
221
1445
172
565
519
618
198
150
195
200
615
356
260
171
881
417
123
124
134
137
152
153
155
160
166
240
275
280
284
383
423
497
523
536
605
586
921
844
533
260
196
271
358
364
367
146
270
293
901
474
533
273
166
345
219
228
214
488
536
331
558
447
266
436
443
447
449
699
984
1023
1048
1071
1170
1310
1338
1417
1492
1547
1772
525
310
166
259
465
151
252
294
553
522
311
445
351
127
94
164
176
308
215
362
836
426
554
561
854
993
340
1118
349
355
628
474
328
355
329
1195
1648
1662
310
311
323
326
542
551
640
748
1103
276
126
127
200
854
224
289
299
421
196
456
198
201
207
216
289
446
350
505
599
615
657
1030
231
187
187
1671
335
440
526
322
415
536
262
644
354
974
258
438
168
553
224
352
266
267
271
275
276
286
450
455
480
549
810
1318
872
943
217
219
197
238
412
261
131
346
445
263
353
357
417
223
227
283
285
289
291
297
283
350
417
515
275
202
163
614
122
125
129
161
206
260
264
357
174
440
388
559
583
597
808
443
431
707
731
841
1005
954
1420
1210
1595
144
109
297
813
575
936
131
361
145
245
334
197
198
264
266
459
193
191
558
336
342
343
1278
456
458
561
566
407
1012
271
227
224
927
351
850
947
1066
270
1199
605
1049
1452
334
198
262
617
233
436
347
351
975
277
342
591
745
269
130
133
124
214
196
401
106
106
553
202
418
553
637
695
1447
408
166
172
288
305
308
360
573
586
433
445
274
52
42
45
46
63
442
445
750
351
246
446
249
512
591
697
53
91
1265
32
71
262
741
354
315
495
421
963
425
273
321
190
691
404
2741
409
1124
692
596
755
410
312
417
257
703
733
744
260
260
1058
594
204
204
204
205
785
527
719
698
384
12705
1497
165
290
486
753
771
1072
738
109
109
109
111
145
537
746
863
216
755
174
178
181
1260
299
416
457
161
161
260
220
161
173
179
257
222
240
355
436
597
463
622
649
28
43
51
52
68
77
92
104
465
493
1798
2239
418
202
206
565
742
633
428
256
564
22
72
88
537
323
329
341
343
447
546
546
570
916
1033
1193
1248
328
217
431
263
347
585
513
195
353
194
411
411
582
700
558
692
1347
1268
256
345
303
163
407
308
311
316
337
522
545
555
569
617
648
683
747
763
779
478
1098
1187
1478
2106
1329
31
190
832
431
256
285
286
295
1269
446
454
656
720
1137
989
533
311
413
416
715
747
847
1300
413
415
419
428
431
571
711
861
1300
866
1469
1514
39
34
106
625
775
260
350
223
106
225
166
167
166
526
167
166
304
129
219
223
276
309
327
283
341
356
471
125
168
171
486
108
410
554
59
55
412
558
596
692
142
200
210
246
247
958
1344
203
265
222
204
336
406
201
203
555
489
785
635
546
552
557
631
637
967
342
343
902
442
1659
216
128
193
392
268
332
298
286
143
149
152
154
283
172
177
202
377
297
304
317
332
346
517
653
699
703
726
797
297
297
415
231
551
131
698
191
143
145
191
194
146
147
294
194
192
143
143
263
197
404
411
346
465
585
843
586
230
352
401
615
364
206
855
493
495
592
615
279
349
439
1001
1456
1082
1352
522
316
320
426
764
862
1158
29
130
130
178
948
515
177
290
149
150
185
238
248
254
293
301
339
236
434
351
171
778
146
187
161
158
247
764
638
642
316
533
347
346
409
282
308
284
832
466
707
316
346
200
536
349
336
1179
348
193
395
829
143
191
146
347
476
584
588
969
403
197
334
832
593
593
376
465
377
643
288
469
124
181
324
210
212
259
757
595
354
472
748
827
160
922
242
925
1085
578
515
168
408
161
223
228
290
1186
338
378
379
382
496
1312
272
148
868
886
449
1208
1621
1382
451
142
1050
396
445
450
451
194
904
1043
317
297
119
121
536
169
742
226
339
1197
420
420
316
305
306
1050
305
407
1041
455
773
409
743
1059
212
1349
364
318
596
309
1682
291
306
317
1056
611
538
472
318
535
352
328
444
264
779
197
197
544
511
408
970
1040
744
451
621
591
279
597
769
174
179
190
329
237
241
243
300
921
628
634
635
517
666
764
131
414
532
475
426
329
472
257
1108
330
144
972
565
360
595
304
459
275
515
623
452
648
532
592
353
319
443
191
157
356
598
597
128
125
745
746
721
195
305
410
119
409
200
741
730
1510
285
206
616
310
340
343
345
426
434
435
440
445
517
550
772
772
784
1019
1062
1079
623
304
305
649
448
209
356
333
347
351
373
374
375
376
377
382
383
399
401
455
476
502
604
517
560
581
582
592
614
640
667
758
763
803
807
820
837
850
1362
1457
481
169
224
418
1064
223
167
348
242
255
299
617
593
245
208
409
122
247
444
209
832
430
572
582
859
996
256
146
723
1480
1725
290
388
584
174
126
195
252
166
608
176
210
125
695
252
402
289
147
197
201
122
124
125
126
129
175
218
418
328
696
113
119
813
285
341
194
246
172
124
515
305
1043
577
704
1045
244
162
535
1111
722
954
693
825
569
311
328
702
451
519
523
538
644
660
983
771
904
1322
346
1134
152
519
423
303
306
319
326
329
758
335
978
1146
591
304
1043
195
133
170
208
251
325
341
344
398
456
534
1400
353
129
131
176
218
472
447
178
166
227
231
294
556
1289
229
515
1102
575
340
555
330
562
195
111
363
561
671
444
560
684
335
942
201
1136
258
300
166
166
126
284
478
626
294
130
780
246
357
328
669
893
378
383
384
385
386
394
510
662
673
678
774
893
908
928
304
215
166
407
622
328
837
413
336
446
451
678
560
922
1116
1742
307
124
217
724
312
726
192
1298
239
310
300
142
193
193
409
345
406
327
247
327
908
279
116
428
351
202
416
410
980
306
323
334
338
420
430
432
448
534
536
538
563
650
730
844
1063
1361
371
374
477
615
844
1087
1353
412
245
193
196
415
194
143
304
319
639
761
782
834
266
1117
1169
459
255
342
317
420
511
317
318
331
605
335
340
513
425
440
649
674
312
803
790
1438
1288
261
1159
646
507
2234
1627
420
864
449
520
626
778
591
440
442
328
297
144
243
248
338
256
257
264
265
266
554
338
357
439
526
421
448
173
181
182
892
1302
619
428
824
958
268
644
616
376
376
230
728
689
402
418
293
389
251
602
167
192
193
194
225
226
229
233
239
240
252
280
286
293
360
272
344
352
354
357
381
404
437
449
554
616
645
719
722
534
841
911
947
668
1033
1060
1577
1044
2708
576
824
288
497
842
198
202
210
215
219
225
236
550
387
585
689
749
972
1040
814
789
1060
1560
1253
1633
1928
1999
648
259
418
415
311
316
322
333
334
338
518
539
556
548
577
359
625
661
677
1143
1352
1583
4687
5904
352
533
623
4291
287
632
510
634
522
273
369
445
541
588
1081
402
1084
527
752
887
370
382
391
393
494
516
623
663
717
756
842
874
948
966
1134
1138
1170
316
265
267
328
163
220
282
633
347
346
830
589
334
604
1227
884
1548
464
441
349
473
438
215
821
234
1079
506
632
246
142
1374
256
40
55
266
196
318
132
272
444
165
595
285
286
408
535
1504
271
174
177
690
196
346
255
437
365
178
274
161
332
518
309
410
941
167
165
193
196
210
358
402
256
591
442
329
332
449
793
1104
1044
481
291
1367
905
1675
272
257
3999
391
344
251
340
282
345
215
178
222
303
349
237
410
426
783
274
215
435
511
929
1131
321
1025
173
178
248
288
296
426
570
423
338
939
413
514
298
145
245
617
308
430
1244
352
431
408
544
421
223
256
168
169
172
173
179
242
284
293
346
357
778
245
145
145
404
1020
519
191
193
515
190
246
250
263
303
262
262
263
262
266
269
273
283
289
292
299
307
366
377
387
393
397
475
556
636
658
846
887
506
762
402
606
258
468
226
167
379
1249
266
432
447
773
551
331
554
143
191
335
266
342
167
241
196
145
149
153
156
206
216
423
261
379
264
591
766
424
424
306
125
128
403
518
255
29
693
41
166
172
350
399
116
42
35
84
105
135
594
583
582
52
33
40
123
305
316
426
725
734
1154
195
112
772
277
336
435
600
616
1041
1854
8303
108
183
191
147
154
203
230
238
265
467
605
632
527
1158
275
276
286
235
167
168
184
123
245
164
165
967
321
209
227
344
238
239
282
315
344
362
385
593
527
559
419
820
728
924
525
1145
302
1352
642
319
379
370
767
467
267
634
266
192
118
122
133
134
196
160
168
222
345
471
499
559
1008
618
613
701
112
110
152
199
246
364
1092
431
444
461
579
197
362
233
361
705
347
480
349
707
718
826
584
196
216
198
344
