Waf: Entering directory `/home/flaviojr123/reproduce-red/build'
Waf: Leaving directory `/home/flaviojr123/reproduce-red/build'
Build commands will be stored in build/compile_commands.json
'build' finished successfully (0.629s)
Load generated: 516073 bps
Number of response times recorded: 12808
34
29
65
73
79
170
83
87
94
94
130
146
236
178
180
199
313
347
349
464
448
457
470
311
421
392
489
661
661
652
333
795
799
345
585
320
814
655
351
250
604
368
665
652
257
242
449
438
1060
202
467
474
1065
558
584
841
600
647
761
692
443
445
721
386
387
387
785
552
420
824
441
844
442
491
768
781
513
865
579
638
792
615
633
530
689
837
999
691
854
811
866
849
869
1507
1354
822
713
812
1330
1180
490
496
647
1031
527
717
788
962
1224
569
741
607
1548
1225
1242
642
2016
822
1163
618
444
1234
430
851
847
485
1948
2068
2274
1084
629
1048
2199
892
2152
852
2251
2775
1700
661
1947
2673
962
1355
705
938
2490
2397
1664
2638
1941
1091
2087
2434
963
795
1244
2278
1029
1050
1273
2353
2708
1854
1225
667
1011
1056
523
1254
736
2853
3102
2646
986
476
481
999
2296
2656
2342
1192
781
332
2707
557
702
626
672
1434
3391
637
638
2085
3475
891
587
476
592
3459
841
969
503
3124
886
1966
2028
2111
3128
818
3142
675
561
563
2062
2468
887
660
2462
2207
1811
2355
1921
640
3641
3846
1176
927
1717
2280
2041
1001
2680
2266
2167
1028
2350
2862
3810
807
4272
3687
2786
2815
3846
933
3932
1151
3919
787
5745
1262
2159
1278
1075
3806
4202
2409
513
1142
2824
2788
4328
2759
1597
890
1848
5115
854
1353
2502
2641
3616
558
567
5330
407
3173
3648
3623
3872
627
1144
731
738
707
631
4353
2183
4190
2554
639
775
3360
2500
2339
2565
1208
5323
4311
5013
3747
5531
4603
3771
5454
2863
1109
5052
2285
2386
4505
2766
692
5829
857
3493
3604
701
3575
1005
1064
3770
485
3705
3554
576
451
2751
3805
1880
2934
736
902
469
4252
4010
650
583
1163
2097
4933
1833
6175
569
4996
581
4045
2592
5892
3631
4116
679
2569
912
5524
3810
2042
2287
3019
3520
6291
515
720
1218
2949
3960
4517
2400
1211
3663
770
860
5547
6761
775
829
4049
3830
4163
2325
2070
966
6888
4100
4002
3218
4391
4173
2774
7817
944
2561
4546
991
2374
577
7273
2745
4778
6400
5001
3260
860
3644
1922
7065
3213
5887
4193
3228
2924
2560
5175
3837
7537
1772
5586
2686
5661
4040
4862
6145
640
555
1028
1082
4006
7379
1892
864
3551
3898
6672
700
2182
6549
3986
6986
827
1900
2289
777
715
8450
684
2462
5497
3917
6909
4977
956
977
3540
1960
5913
5279
643
724
3924
4306
2415
8655
4460
4248
2793
2607
9254
5887
8532
962
3417
2796
4805
8681
553
554
4506
1295
6238
2610
4671
2820
3757
8604
2213
7609
6920
9654
3786
2823
7614
5953
1814
4737
5608
5698
2617
5205
6880
8487
1781
6835
8411
5664
2182
3145
5946
5801
757
763
2553
5807
3683
2709
3735
939
3731
898
5908
10287
2103
2505
2484
3840
3479
549
8221
8470
2553
485
1294
3663
2347
3968
2633
5656
4024
2193
2679
4149
2439
5324
5926
4255
2838
6700
8163
6937
728
963
1921
7925
4189
5767
5260
2831
2788
2860
777
4303
3662
3759
4177
7289
1076
5766
10976
3911
6016
3088
6101
8827
2366
5358
3081
4080
7728
7245
2512
2019
2108
3692
6643
3699
5349
3736
5634
3766
3158
2341
6118
4864
3383
4239
6770
6235
5616
4137
5269
1894
7100
5000
5270
3648
7837
6793
5142
4843
12125
8808
9891
2719
3686
7074
4052
4074
5145
5043
7839
2764
3957
5752
9554
7478
2946
5089
1138
7466
2513
3753
9790
3944
8823
5596
7644
4418
2097
4080
4918
7644
5579
3093
6122
3550
1068
6382
8602
3744
10266
759
3612
12085
8081
3211
978
11359
4288
6866
2822
5683
2825
9417
4398
7404
6581
8001
6909
6954
8590
8606
4298
3659
3814
7279
7024
2796
2796
5780
5522
5935
7514
4172
5576
5388
7116
9649
8171
2557
5244
11810
5777
5694
5720
5884
11676
9182
3886
2601
4733
4652
2032
7274
4662
5881
6094
5355
11487
3023
8389
2377
3809
3119
8642
11672
1057
5613
4092
3773
5493
8467
7436
928
4539
4540
5253
2868
7502
6570
8619
6796
6764
6644
3837
5682
7013
7684
10088
8834
6798
6801
5758
7125
7111
5488
3798
5748
3882
10147
8439
8129
7127
7132
7135
673
3426
7966
5894
14867
5642
3678
4215
8148
10443
12495
3740
11290
5080
5755
7820
9890
866
3750
7802
9596
3802
3645
3442
2486
8635
2880
7905
4533
5026
3571
1075
14953
939
6740
7791
7820
6752
10383
6528
4728
6061
4179
14919
3975
8337
2911
9718
11897
6748
5794
767
15782
5809
5478
10441
5147
9881
10634
4389
853
720
16300
8371
1925
904
5205
8192
8331
12700
5768
10194
1427
13015
12771
7446
4333
13990
13723
1948
16146
10493
9744
5725
6988
10169
6622
7529
9046
13369
5849
7012
2717
5866
2720
5169
8334
8870
11501
15135
7568
11802
8533
9339
9863
8987
2707
11615
2643
2649
11994
7983
7898
9211
8571
4036
11384
3645
2825
807
6214
13884
14447
9393
2348
11028
4210
10166
6847
17754
9530
13850
2812
3918
3550
11248
12131
8479
9767
7912
658
9778
6590
10408
6297
7056
10994
5776
9799
9838
10197
10013
11554
11752
4449
10123
10141
16388
9939
9531
13531
14322
2314
6088
14292
6320
10681
9996
10353
10591
5737
1127
16862
2857
3759
1164
11802
10179
934
942
10291
10708
17218
9074
3480
11424
11913
1966
3835
11645
6985
11770
11517
12237
13002
11487
11108
5478
10665
8887
11190
8874
9252
763
3793
9903
4475
12031
684
10072
7730
10076
3940
2944
17401
11609
12622
7675
10097
8753
3934
11009
10270
11385
17442
8308
13120
9818
9947
11789
10794
13973
5280
9852
8170
5114
4470
4269
14786
11816
13935
19207
10149
11771
8963
11880
6866
2774
9840
6509
4630
11463
9880
12260
14166
11402
15265
7115
9838
4093
3985
911
14674
8921
4159
12768
12603
8553
16706
8317
19056
8835
782
2857
6725
12520
11019
2635
5837
3897
6482
2785
8748
6011
10705
14387
9866
21437
6661
17353
3880
9333
6657
9411
13214
16494
14842
14038
12819
6827
17409
15401
19168
9724
15074
19346
12080
13121
6560
6958
10071
8672
16784
10054
13041
10699
12005
3318
7312
10876
4266
2920
16686
4033
3900
8819
1257
18039
17408
7119
2817
808
17563
3700
6837
10384
11531
10160
3797
10425
10908
3041
7287
5544
13391
6167
22776
13637
10995
14703
17971
15915
18749
15783
1387
14467
3564
14823
14864
12968
21349
13007
12672
3922
11374
8781
19476
5575
5803
12770
5594
14672
21143
17683
14682
12256
2728
11115
14786
11876
15869
14908
17192
8971
5932
2580
9186
15619
23069
7213
3043
15865
7951
11813
4556
6856
7096
3997
1108
24415
7071
6712
15919
15254
20711
15967
22600
2045
12652
12942
12637
11379
3696
17802
5147
3191
21906
18483
13118
20969
11606
4642
7432
2791
12999
16413
4068
19447
1008
13892
8778
12741
16914
20820
3993
10051
7152
7438
13390
23194
1029
18279
18818
6668
6701
13315
11658
8776
8376
15543
16170
6202
4247
888
12936
16380
15513
16218
680
4566
24058
12046
8871
17758
14180
14383
15696
9886
17458
20675
26050
12345
12375
10065
861
11642
14973
4846
21341
7718
5988
18156
5409
14850
6295
13647
1183
16725
4178
14493
5604
1698
20709
21223
26136
15098
3813
10519
2714
20318
19075
13182
7419
5819
12224
6078
1966
20206
18501
5971
26404
12926
2878
4698
17796
10878
22443
5841
5966
5988
17640
19443
10628
14737
808
25249
2593
2762
22417
15619
19884
2938
643
11244
2311
2950
9991
1027
5690
8780
21889
16706
16209
896
6826
23750
25844
17792
2733
5837
3509
3063
14823
17031
5777
4805
741
3112
11689
21800
10533
20245
11838
19552
20331
803
804
16867
19050
6779
976
16815
7131
2554
17253
16902
7305
3921
24673
7198
21781
13878
13896
19667
10964
9335
15446
17986
23879
11465
20789
966
11134
23820
22992
9740
13445
19126
4465
18667
12643
26870
24165
1269
26065
13983
13252
16504
12086
6991
948
1533
7037
21467
21798
9029
1928
4952
25860
21981
22643
12300
30241
17818
20852
20301
3476
8624
20922
20985
2656
24440
6932
18655
969
993
4192
769
5270
9617
8489
19881
3559
11003
3877
3938
5920
12145
10535
9783
5697
4800
933
6006
28836
16461
895
28883
9874
1768
19487
3947
5960
3703
4396
8762
16357
5969
14769
9890
11850
5782
4671
22431
21107
15899
6258
20332
508
8776
24096
3223
5563
6498
20018
2220
3914
26216
25545
739
747
23495
23096
7402
9382
1130
20172
23680
20049
3796
12913
10646
23302
10070
6904
26849
3967
24258
24170
23717
11875
29601
17953
3642
7278
981
5509
22715
14821
6788
6844
5964
5843
18592
2931
4346
1343
871
6049
8527
5676
16547
6196
8088
740
21826
8180
4689
3668
17454
16495
8715
23267
23136
14655
2276
2903
22966
12230
26610
1475
3428
844
4032
1151
1201
8223
1048
6934
11582
2790
26931
11897
2732
5150
26017
2663
897
5874
13369
7642
18567
4460
25571
9074
4336
4340
27720
7783
33091
1754
19493
2332
4118
4561
19986
28094
4656
32654
18070
1324
19700
8050
22610
5169
8101
7037
3722
6652
7848
13604
3702
4894
17903
20432
16220
5879
33707
6406
7477
9057
3351
9923
4139
5501
5929
4086
31153
26875
5840
5210
3633
32404
816
28199
21285
2512
4378
17675
2896
27440
12723
594
9572
9521
622
4083
23856
2845
5691
19613
2982
31053
22695
23879
13039
6070
4010
33991
1373
4360
18306
969
17141
26804
6686
18395
21060
6261
1012
8587
1237
27508
4621
4385
3503
1017
30430
3653
19776
680
970
30335
15978
1588
1143
22471
10145
8139
11883
3639
9752
34471
2996
5187
11882
5861
1585
36591
1181
2225
29353
12507
25732
9237
30147
28285
23028
7786
30791
19116
16900
2551
7746
5003
7772
6182
6754
4312
29419
742
29259
4214
22900
37197
3791
26916
8274
21657
1040
21326
8830
10253
5541
9510
13494
12762
3944
2643
13698
24146
658
668
32877
7468
3935
3404
6995
7251
2049
1947
3840
1448
22297
4013
2849
31274
2420
7094
9902
2243
9999
10024
4485
32141
33902
29684
2206
919
30398
33875
5784
28670
13089
20451
783
7582
4072
7784
5929
5589
11640
29641
15026
2582
11797
7387
17709
6322
2534
2893
1098
15876
5588
8446
1331
1742
2302
5698
2630
5458
29609
623
4044
4819
2573
7595
6557
1643
3363
32128
13372
4279
9921
21427
24592
851
1465
6321
3973
3978
6777
10266
33741
6199
3919
41991
31952
13837
5118
2796
4481
27054
4372
15417
15586
5991
5213
1314
5369
789
2470
5543
33943
10963
21469
1000
1006
10016
14792
31742
750
10124
8469
1229
1252
1284
34185
21881
36409
1010
3947
39601
38973
24677
8794
932
34533
13336
36146
11930
4936
27183
4310
8316
2926
9068
2840
14420
6142
4053
32232
14330
8627
14573
3126
5983
4915
5221
4732
1139
1036
991
995
626
3016
9728
740
22216
317
323
327
14168
463
549
21050
4069
2280
6808
14838
30807
36142
9667
20164
1292
2603
27217
7314
4924
34474
20350
11080
1125
12805
15994
24023
27378
1569
6570
33733
33549
35587
6252
24187
2372
4889
19699
12268
4042
24660
9940
6035
2893
2893
8207
2000
24902
29467
709
13184
28748
5164
2409
2576
32034
3466
2511
3543
35631
1218
3752
883
6690
4495
5435
7098
10148
20291
8234
42365
1025
9623
689
6759
4149
3769
3770
30334
11403
9798
37395
14760
31277
40118
6005
18537
16481
40004
3130
8445
820
6573
4372
4709
7743
31114
12191
535
921
449
37562
4981
20414
7134
233
234
237
5603
5517
5647
3998
9806
11003
596
9806
919
922
644
17873
3694
11945
14203
25821
7653
7674
25013
769
7610
5482
1033
19154
16939
2065
48083
18118
36583
5168
4938
23266
3081
3266
6262
5384
6109
3374
4624
5531
15316
1421
3463
4221
6535
6679
2282
13717
3295
3296
18158
3395
574
48479
3642
450
46375
50601
8422
3669
39595
8122
22716
8884
4461
3087
4707
3927
8772
13217
8513
7433
21940
52186
19306
871
8697
4120
41683
8275
49344
1896
8344
4423
23879
16975
14530
2044
2765
9586
2034
12187
43255
46880
23744
10308
48659
10136
374
2509
547
13665
35233
488
3489
22996
13779
9128
690
11277
3825
671
5526
45238
3696
3866
11016
1390
14890
14427
12884
9448
2712
2685
9566
32446
9901
4033
9800
861
699
9177
4992
26451
11886
16168
4126
7176
1918
13213
1100
8536
27547
7681
10535
3524
40211
4796
8365
3397
729
891
639
1000
414
431
432
452
469
469
22884
24196
11306
44139
5666
617
37896
1399
691
2254
612
779
786
944
966
1027
12100
927
5844
3943
859
39177
5049
15211
4216
54095
19027
4136
46433
3057
24220
1249
4000
7088
21739
4190
1686
3286
42594
1853
6498
19684
1913
6510
1970
459
5988
3238
745
20906
2289
433
51261
2443
9228
475
3644
2704
48481
16856
30326
859
3993
32867
1247
38691
18022
1387
5731
15402
15970
10194
5934
3593
15390
16859
17862
33990
1346
36358
4417
6440
4436
2405
4009
5638
1520
56032
3171
526
5002
11558
50638
56775
14017
2061
31095
4580
4101
2917
11072
11436
47680
14493
10650
597
20601
1223
5061
9462
52480
4605
40225
767
793
4808
9977
21848
1144
18440
56365
11245
39741
1089
1276
59889
7665
4410
52390
3607
1789
60343
2404
574
9941
615
24326
6990
465
707
2077
5141
2273
2078
2615
5166
6907
54268
52535
1492
6447
2513
7080
2541
18784
4047
1909
777
58833
24693
18708
11049
6661
59051
7881
48131
6049
59664
50650
1176
57297
1212
4520
6450
2547
6605
992
51910
485
25694
3737
57281
3825
3763
45667
448
38465
3316
468
3948
36986
8612
3528
3359
9787
36620
5961
771
3985
3374
4262
47304
48727
63266
11195
3970
1046
526
549
581
4571
628
651
679
702
4623
5132
13291
930
934
17095
966
9801
5078
9879
6506
53768
3414
54507
5891
10003
8985
678
4293
15121
4094
1685
3314
5714
1748
63152
934
1911
403
405
53474
1971
855
1997
5976
5579
2022
2686
3562
2085
2145
2115
610
616
742
639
2314
2320
10848
2348
2362
2411
801
2423
2473
970
2486
2462
1044
1047
24952
11642
2116
22095
2774
2791
51790
9871
39675
2940
18759
3154
3216
11212
3374
2932
5585
14403
4062
4999
811
6576
14474
3547
756
323
2124
3411
384
2803
433
2488
6960
2203
740
3928
3936
4014
2636
532
534
48469
559
12814
63773
2818
823
718
929
4496
947
4159
4290
36470
3719
1108
4702
4711
2713
4742
11223
1011
4884
1330
1337
1355
35516
3396
4993
5043
5123
5216
4814
3919
1142
6411
1311
9726
15450
706
977
5426
660
9950
4428
6352
511
512
520
523
527
531
5335
6208
555
495
588
4692
6946
479
4728
2667
22869
6989
9422
17402
819
820
934
2255
21815
1317
6654
5566
45365
1155
1850
717
6963
6574
3342
8103
1451
3855
1584
12111
65298
7302
22252
6940
22084
5995
58469
5044
3147
7584
4034
3682
44429
18794
11765
4250
3645
2280
3530
752
60903
14774
60777
1207
8097
582
711
713
723
57812
2201
682
619
620
4638
7418
28638
6944
1022
67272
8703
2946
69702
1448
9039
1055
7594
71075
45973
7640
10285
62979
6123
18190
9764
2783
1059
651
1360
3574
403
4205
2757
266
287
936
300
71617
411
430
3827
11664
64051
435
6796
18924
8915
5311
11523
10574
3955
839
69267
7032
71160
4716
7307
29353
12488
4877
3907
7551
798
62598
10340
2725
63603
6085
5210
4047
3308
66927
4411
23714
1108
1164
931
934
1271
21131
11958
2279
1994
2395
666
2353
6636
4684
10774
3275
2604
843
2050
2382
6617
13399
12826
52936
6349
2038
7288
2807
21583
2617
2918
54362
22422
21601
17980
4793
7648
3563
3375
2917
2919
4613
2960
62391
5217
1898
5190
3542
4660
3925
7248
3106
4169
7088
4259
4264
3359
812
975
993
1022
363
306
1182
1208
4151
4411
5724
719
1130
611
11162
1275
617
24143
2263
65075
2325
52110
2081
4784
16159
45013
7077
15660
3421
62381
1027
38935
2756
2529
2563
2584
3144
50150
940
469
3317
18686
2269
3527
3532
905
20488
40004
3299
3095
17367
15286
36710
13254
3640
3692
3705
3710
3717
3718
3731
3735
3750
3734
1473
2688
2692
4508
4084
16732
4350
4314
4429
3250
4638
4438
3624
4636
79829
4604
26724
2648
4843
4849
5668
520
793
48952
5041
7992
3626
3422
7384
4050
10152
5606
16202
5477
18878
3837
555
5590
617
4290
4335
19910
1211
5584
9289
5705
5711
5472
14191
3599
5699
5822
71589
3637
5885
5905
44884
47564
15609
38668
20148
6086
6094
7896
6125
4312
3865
6225
6249
4428
14082
6092
10116
9295
4661
4269
5193
10101
6511
6523
6614
983
1363
1080
1866
6602
20343
6743
6997
9914
27198
2566
7152
758
527
528
2890
2387
7320
1010
3674
656
3781
7448
8488
33648
3575
541
2243
7710
7659
677
474
3802
852
875
680
684
3722
710
730
742
70337
32491
20043
1049
1015
1187
887
6134
1001
21532
47562
16357
8560
1648
1150
8722
5050
2584
1155
1773
37672
1198
7648
2669
9175
1858
413
9668
2511
1737
1065
9505
440
23192
8118
2171
5808
1251
406
436
437
438
443
4171
702
3596
10033
773
9975
10166
4321
3802
949
993
3205
3808
16207
1113
5001
84676
23788
10455
4184
10589
10673
1428
82911
10818
3694
325
2810
1064
1069
1998
4281
4435
3426
561
569
572
4657
2030
13339
4396
789
815
58754
13905
12020
4595
5516
1166
1087
1103
3803
5439
2866
7773
26309
80849
2984
50068
3026
12460
4940
3235
5892
12628
60074
3430
3866
12961
821
46364
1301
23429
2399
1568
2282
3507
3367
4281
6026
1834
2684
5158
6121
455
5471
27264
1752
5987
508
91243
2033
37366
13826
20907
8575
3975
858
737
6928
793
15931
3915
21552
843
87604
10255
4589
4619
1322
3990
14977
9354
1522
15270
1771
858
1699
5813
1014
88806
6069
7005
680
4458
869
5270
66242
1958
3778
23299
1633
6761
34958
8870
63409
53358
16053
5108
573
36170
2274
21566
82848
15008
7375
88272
86387
30143
16770
5849
91114
5893
6770
737
885
746
890
4983
7769
11005
1008
89310
3140
1388
3043
4100
1568
3727
17680
1445
3825
6885
39769
522
3052
1167
510
4780
64513
2015
789
531
3525
371
376
1041
1778
970
6280
3190
635
90497
8543
18577
4352
615
621
18703
750
670
677
682
6913
2987
4422
62153
2870
940
944
983
4406
992
7071
76422
5176
5250
25186
1227
838
1422
4184
1427
19573
1594
12371
955
732
2488
2611
1434
1831
5244
11436
2208
685
2227
2203
475
478
42386
2915
19097
2352
5605
2343
2462
2525
3728
13358
1195
2654
796
799
2641
21132
20669
2578
8887
2971
72990
10870
945
4232
10451
2417
2064
3804
3818
1125
739
4112
5394
2914
809
5749
2062
90937
93713
4253
4389
3445
2731
680
687
94750
2692
583
1394
8146
1352
975
799
2881
5711
984
2728
874
875
1612
1259
1586
2892
1297
3697
4268
4276
15759
3421
32114
12618
23770
922
717
720
634
4414
878
1976
5901
790
796
764
6892
1366
898
856
1120
2922
946
984
575
10275
230
1257
93980
2912
355
358
6746
6647
23437
1739
498
500
4992
67302
578
581
23359
2161
501
3069
1449
5605
1824
830
5151
2783
969
531
2228
100064
1082
798
2166
2385
858
11658
1144
3674
20374
1756
1026
3022
3026
17988
3694
1091
3672
2169
3016
3799
1698
597
2055
4019
3767
4277
30861
863
4017
9225
4038
629
4340
5037
4838
834
736
3060
861
26719
99127
1016
3860
3034
1030
18922
4102
93954
1088
2917
5301
4286
16529
1282
3174
3886
10431
28544
28600
5653
889
883
596
597
3792
8503
546
1431
17393
3777
3761
2037
4210
5838
669
1015
8825
1335
618
7886
810
511
5146
422
398
11391
1683
9395
621
7800
97701
7219
11922
80144
981
104333
47535
1332
95949
1217
52885
4174
4182
1359
1377
831
4823
41767
26627
7359
1526
102074
3675
2030
1410
633
6677
1967
748
2227
30032
2310
7705
8639
2591
1014
1401
595
38962
657
665
666
4627
4920
8630
31921
2737
4017
5084
1194
3892
1844
3183
4495
4064
2793
7049
3535
864
2310
8836
1335
2701
7284
34350
4884
4181
930
8814
18180
105260
10208
4258
684
921
692
70180
1243
1249
5558
892
910
882
2696
831
5944
1349
1418
3559
1425
11408
677
48576
1220
3966
2095
2826
3895
1487
11265
3512
20445
7744
2764
6569
8131
593
465
1525
23497
2683
870
879
887
979
1410
2891
4937
2757
2812
1094
1202
1329
1981
5580
2711
4424
22064
3945
408
2180
3471
7058
973
3365
1983
10589
19977
255
1015
3763
3767
534
494
43640
7751
499
275
18149
454
7941
4237
472
2379
10540
4218
639
2510
665
1214
2770
6900
4808
1093
937
5164
4103
6709
3156
1111
1065
3252
887
1526
2515
15018
1639
7928
3843
1245
1383
1426
11269
1520
936
6046
1404
5899
895
6092
1789
3825
1947
87647
748
2552
471
3499
6409
2821
596
409
415
417
982
6649
504
620
5042
46778
9389
43857
966
9624
566
613
7321
918
7334
1203
764
12600
12480
1162
1073
780
1090
885
1471
3666
6176
1362
3425
46908
2461
41059
1929
1208
952
2009
1594
4082
821
1512
1034
1745
1979
2398
720
2065
49421
736
7245
2658
1350
989
672
684
692
979
706
707
708
710
1067
930
1315
905
960
5730
1332
991
1338
1214
9620
1166
66188
839
1466
3219
1432
3134
616
618
2185
2197
1673
1877
2047
3562
601
3490
3981
1152
2784
2310
1405
4290
2671
10014
2680
4418
3026
3395
114329
1562
16262
1177
941
1078
3308
800
81076
3973
3778
26897
3888
2840
5123
120675
3108
3535
544
755
4243
502
2816
777
778
3443
638
4010
695
494
903
1157
792
922
3696
716
4660
6028
4157
6954
5005
538
5743
2463
13136
699
24039
4709
25924
923
5756
5475
1759
972
11301
6711
5966
2264
933
2431
1496
2538
5386
787
2482
20332
2982
6384
875
881
122899
11571
6942
2536
2012
2631
3321
4259
59696
3673
3319
700
701
2414
638
1949
4801
2215
14827
6938
720
727
4534
2416
13569
2050
960
2703
8252
945
4766
2820
1639
2916
655
8609
1473
5140
1267
969
901
901
9277
714
1685
1594
1617
6406
5570
690
3855
9469
1045
11768
2647
2773
5065
6545
3424
7452
4735
3049
847
3225
3711
2040
2502
104872
2529
1099
6055
14361
5083
6931
2993
775
5670
52289
1191
954
4386
4386
7914
558
1340
2412
18197
3228
11619
8536
59922
1122
799
806
11931
819
840
840
844
992
1072
1078
1099
1105
1123
9215
4998
3172
826
3743
1288
9851
624
627
632
124868
1181
5632
796
826
839
1655
545
754
1396
1903
3706
1194
4441
117615
2049
4263
849
11123
861
581
2420
13377
548
5558
551
552
558
565
570
584
2627
727
1159
594
790
2530
866
704
2589
726
6766
2648
1051
2613
2345
1125
2703
2882
2892
2898
4160
761
3778
3133
10704
1947
767
768
1616
923
1274
3455
1209
844
3649
5781
3585
1456
1414
3711
3715
2669
4545
801
3638
418
1199
7509
56494
4066
603
2490
15414
553
557
559
560
3464
1327
2450
5071
4286
2747
699
4535
4410
2719
6651
10282
3927
18833
4706
2868
479
484
2435
1086
2682
703
928
4318
3839
6037
661
2658
3689
3746
862
959
864
865
3297
1521
11272
132435
7609
1150
1178
112391
1446
3504
5766
1587
1982
884
803
2035
8576
1844
1943
754
3600
2098
2798
2658
4777
5062
1435
1291
1004
3601
2406
7272
2638
4719
5155
4427
2811
777
7530
943
16417
18752
5548
2143
18812
969
18843
718
1380
3583
58136
1214
2877
5738
1200
8434
26111
6093
11105
1891
8805
1006
1024
7261
2447
810
811
831
1248
4511
1257
4577
3648
5552
889
896
1390
7774
1334
2135
9809
4755
1442
6914
579
4041
547
567
10305
766
800
1705
807
1285
749
8082
1049
749
1109
38073
10891
2211
5612
6844
1455
1810
17758
23782
3135
1019
4381
3618
837
1640
3489
3350
1959
1433
861
486
914
93813
1106
2261
1119
1123
758
4431
562
2503
14552
1445
4610
544
2387
3843
4296
2871
1615
484
3071
658
659
662
664
669
4147
837
860
820
849
84496
1094
865
142445
3727
594
1101
608
2793
5400
482
483
1744
622
6197
7582
1016
51993
701
9619
3801
3707
1192
3652
2906
1044
2350
20366
141938
634
2939
552
144895
554
3984
1265
788
744
1105
737
409
961
958
964
920
3049
5817
1499
2209
5589
584
660
3921
1048
17923
1540
2850
1069
128444
1158
1754
1755
790
5721
4647
1612
5062
496
1296
1281
657
1528
2801
982
875
1736
4549
2733
689
5235
2201
672
556
557
3635
3741
3791
3369
1152
2774
85751
6318
1137
2875
400
304
324
502
434
1002
351
1284
554
465
678
691
982
3595
685
693
695
695
11718
4091
815
12630
922
3981
1152
601
603
1062
10110
1339
796
801
1412
801
26394
1145
865
1180
1116
1827
979
794
670
485
2567
560
571
578
555
604
501
510
524
794
816
840
586
804
682
683
755
1877
782
2723
1040
1051
931
34465
983
908
679
1005
1040
1415
1426
1909
3548
1777
1861
789
2027
642
2633
1658
2508
50661
42616
606
3760
1313
2782
2784
521
526
541
710
469
3041
3683
1016
638
2013
28092
2099
3330
855
3439
472
2592
1497
1161
1565
462
3603
3630
2666
3756
404
525
205
266
3452
161
5838
358
2018
414
549
16729
33147
55794
470
437
3068
5980
367
368
517
547
554
598
744
785
1462
17128
827
982
1008
1046
1761
1207
870
1216
1249
633
3833
1529
513
516
371
717
1601
429
1776
892
602
541
552
548
551
553
554
1116
682
554
642
2061
1072
827
840
2172
874
238
271
2442
442
2496
227
1212
38219
523
480
2721
1449
761
722
1378
1199
1966
601
603
1963
1968
760
3480
3575
976
758
3627
327
2405
1831
832
331
575
775
784
1852
3600
912
2009
967
953
1133
1319
2917
563
961
648
373
528
2170
5866
1102
1254
507
342
984
6073
568
763
36996
424
405
415
627
633
538
1028
5405
686
716
1121
1036
538
3024
885
3435
1230
466
1599
1014
468
1291
705
201
461
1666
635
2334
3419
2305
2928
3591
850
2370
467
298
328
441
129348
620
784
370
507
1058
639
346
706
1262
408
409
1273
4623
4160
855
871
1756
1957
435
602
13016
725
724
2232
130425
920
102640
781
537
278
279
620
621
622
624
626
5249
956
1962
334
598
1586
885
784
722
863
2554
343
477
1635
771
894
742
599
678
399
1618
979
580
830
7320
487
689
1191
1045
335
336
558
1510
597
413
609
1518
760
772
970
944
742
769
1162
3669
668
1137
1288
598
598
2071
1312
1402
1463
401
485
957
817
164068
1090
510
1173
827
843
221
757
2033
568
505
23853
1356
281
641
2699
531
419
677
50
3206
804
1546
825
647
375
1159
386
375
2419
595
471
272
278
318
321
337
340
350
510
438
448
449
584
587
558
598
536
4450
308
1298
259
858
867
352
3673
419
422
358
466
555
416
1210
616
171
300
67
1087
858
365
250
252
257
257
438
451
527
669
689
125
175
354
1029
728
377
435
452
455
459
460
462
569
596
495
701
579
964
1013
1047
1188
1066
1246
1368
665
1179
1702
956
255
595
1689
389
417
335
461
395
412
441
448
454
456
492
496
510
511
542
561
565
571
574
561
574
716
695
763
764
766
774
798
810
825
828
851
861
925
1045
1056
1091
1093
1124
1134
1216
1069
1227
1229
1267
1275
1264
1353
1374
1387
1413
1495
1607
913
1663
974
1706
1037
1396
427
1798
1935
2018
2068
468
1094
2173
505
88
103
104
156
2368
164
171
761
223
416
424
2544
2554
2609
2586
581
617
634
2679
804
808
675
815
854
855
864
877
2939
3005
3019
1333
3062
1025
731
3218
1021
1209
3381
3549
491
1689
1795
422
1570
331
164
476
4198
566
336
250
285
4424
292
269
4901
3288
5895
835
1135
3607
694
1321
361
1423
153
3490
434
732
427
531
239
5911
359
363
1087
744
363
497
633
247
1047
342
390
237
4450
348
350
858
468
469
363
217
241
262
846
351
375
412
439
522
531
560
519
631
679
860
747
826
507
950
1032
1044
451
1056
558
1242
666
669
534
1310
388
317
1579
359
391
379
1184
1214
523
539
1159
560
631
633
633
1516
795
903
905
939
957
961
1071
1137
1185
1769
681
689
693
604
604
623
544
807
596
983
1016
1665
622
521
1747
1135
635
1179
1294
1305
661
296
383
294
2117
1505
864
366
367
1799
805
493
529
865
682
2736
1272
1536
522
2517
959
2677
2780
928
525
1491
195
446
211
291
295
3380
1801
2314
688
2342
3121
155
166
205
278
371
468
1059
6355
3577
777
501
512
3873
549
1529
1014
739
771
773
1005
711
590
1483
1499
1585
730
1483
734
735
736
688
2046
1139
891
831
1300
529
2297
550
558
653
242
411
323
738
868
105
107
873
481
373
243
387
390
403
407
2649
487
492
1148
561
2497
635
1202
644
291
295
695
3762
412
477
480
856
496
538
583
584
3970
663
2964
610
690
82
809
29
26
4191
449
196
2245
580
1963
514
524
563
700
2677
1718
596
608
609
843
1177
920
319
1009
1078
1121
3337
842
411
423
324
3592
450
4598
214
399
313
554
918
394
710
544
3581
1052
988
378
1494
388
413
414
423
432
436
340
668
854
868
631
1062
507
580
851
1436
1032
638
1090
487
1128
977
589
603
604
616
626
826
747
783
796
807
4262
847
1101
927
970
687
691
420
383
396
1129
1135
1172
507
754
453
1329
483
680
706
906
808
1699
690
1108
392
933
538
1988
705
526
711
724
203
299
493
823
755
804
954
2440
705
2551
989
1172
1392
718
1855
801
554
751
759
452
3123
607
610
728
305
14055
176
4365
184
392
248
369
1357
337
621
555
575
482
339
28
45
90
738
740
527
535
552
704
868
929
1269
1301
1313
1097
545
547
547
549
1158
1122
609
1431
1434
169
230
1572
360
398
4583
199
390
256
574
420
426
2040
254
366
875
933
2360
301
2525
200
201
204
2609
314
1053
1169
402
411
55
3796
274
724
412
842
709
1053
515
458
465
476
495
616
624
631
263
679
760
764
805
4021
245
955
963
1008
1074
268
249
1451
512
193
175
219
409
333
632
226
220
459
218
219
557
322
716
1348
432
446
306
495
1187
498
894
937
947
967
703
1151
1160
1180
1287
462
541
927
894
1585
742
547
982
1508
873
882
2037
536
730
573
426
2487
467
626
1097
109
406
148
216
200
103
284
160
181
198
997
234
173
256
379
554
640
1128
1048
1202
1721
3777
753
652
945
728
3959
1298
831
1207
1224
672
1653
147
742
3411
857
534
453
374
1860
814
158
430
757
99
177
2080
320
322
1497
2395
181
432
214
401
239
98
773
76
898
355
533
709
754
649
768
632
1449
2142
6093
235
1552
439
264
351
404
917
699
656
209
1628
244
417
418
507
571
515
967
742
710
715
1104
1335
2054
2656
1873
481
754
182
270
370
967
236
440
329
392
349
762
225
184
185
437
457
268
805
491
509
395
392
417
425
503
1463
364
689
416
783
406
587
605
1540
773
1645
835
837
1938
905
1088
1105
1110
713
1436
2272
1445
1187
806
259
189
3732
97
346
70
98
288
128
202
564
219
274
288
174
852
288
640
216
137
368
296
646
349
647
450
501
786
1180
471
339
102
152
402
639
270
289
307
453
469
475
479
507
527
679
1529
1100
1112
1167
916
1198
1551
631
704
764
627
1434
1439
846
2606
2658
864
1863
139
2946
44
170
175
1210
322
402
480
2305
333
2463
1446
947
1044
1083
1038
1486
1246
1576
610
3390
306
476
429
431
709
431
519
552
521
430
666
676
734
782
1810
835
367
993
696
600
377
284
302
486
173
275
290
467
727
4762
257
430
368
51
239
46
86
1298
562
587
269
273
273
286
289
292
689
886
405
866
346
245
816
711
1059
436
625
412
205
158
647
217
353
471
482
973
451
440
331
337
343
209
484
339
574
156
363
289
754
777
660
820
888
1057
149
1184
228
314
1259
1517
452
349
239
795
441
179
243
307
410
505
537
650
663
667
1072
665
810
786
1310
761
782
341
345
355
355
356
49
602
127
1022
364
284
794
323
462
467
467
469
653
795
1102
933
348
788
494
260
923
397
241
250
254
432
343
193
622
185
454
650
449
223
584
777
829
476
708
798
949
2165
943
635
431
444
444
266
335
728
594
801
817
490
493
726
779
1111
955
934
680
1202
1386
506
1243
597
1635
1469
657
1952
559
214
846
347
244
574
1192
175
320
177
190
212
239
1858
359
352
58
58
62
90
107
142
211
237
377
457
484
2503
554
356
281
370
285
415
423
66
202
135
490
319
337
598
602
341
405
869
566
440
854
472
573
1257
672
1036
497
723
448
387
614
327
410
467
832
1101
644
687
228
322
395
512
485
482
1544
1195
441
918
1339
409
240
484
699
492
1263
541
371
371
232
234
492
493
782
491
627
520
1513
883
878
1669
631
555
1078
225
112
1688
1236
329
177
425
435
511
480
284
733
498
854
826
466
874
1211
1983
1974
1740
574
481
138
139
172
283
816
2927
770
935
393
348
532
348
683
394
985
1102
620
1027
696
519
847
1089
635
642
650
1143
1014
522
1420
441
917
251
252
564
454
468
725
743
752
935
1287
1069
692
1018
666
280
310
313
314
398
414
417
433
2517
550
586
613
953
627
353
72
588
154
235
329
264
701
965
1110
863
519
688
240
490
1766
2012
890
841
1049
1105
1221
664
666
781
999
771
1121
917
825
209
725
755
525
313
169
174
625
217
234
321
361
444
484
490
499
3356
631
842
876
846
1073
1170
1215
962
1408
521
691
1633
1766
908
389
2074
1240
470
589
287109
1337
282
1130
486
1193
1965
408
408
420
429
453
482
519
524
526
534
548
601
595
612
622
1141
670
822
663
841
260
676
968
619
1149
433
1185
708
534
310
1221
405
453
1627
163
37
41
47
84
189
212
487
766
1299
420
1145
167
127
166
173
185
264
247
276
425
388
529
300
443
465
478
480
482
469
671
675
676
1540
469
373
560
1361
1006
1402
477
1104
656
129
134
240
396
731
503
527
1729
482
483
490
108696
501
503
979
669
370
786
827
522
540
716
973
1024
668
701
591
783
1130
1041
785
1814
1468
1887
367
698
1685
1141
229
1819
224
175
95
445
173
174
191
457
861
256
546
956
336
339
321
742
580
642
1310
1514
1631
276
597
465
534
196
408
804
405
598
368
1047
339
355
125
434
448
279
282
69
336
601
543
120
147
664
816
245
884
894
911
344
347
957
635
1039
346
360
471
478
648
709
721
306
1399
1073
834
653
634
351
509
160
463
121
160
426
432
414
711
373
321
485
1444
321
323
908
599
358
502
446
633
744
366
278
279
376
281
512
514
520
367
512
459
511
605
632
797
974
1029
795
1179
1085
654
457
190
252
2328
221
1375
127
133
501
521
528
546
164
120
192
899
212
197
311
193
196
207
250
252
255
273
276
241
733
744
169
207
260
369
1265
518
407
557
329
505
248
894
249
250
250
337
413
512
512
166
385
1203
351
704
169
452
602
586
971
1144
1307
643
481
120
288
234
1111
351
1015
447
457
368
441
593
818
351
353
410
467
304
309
516
409
819
518
522
203
1338
182
461
357
452
1458
812
1067
427
471
240
543
307
361
375
424
438
541
284
222
224
405
773
377
85
28
29
50
509
334
301
170
600
252
254
255
159
332
341
722
168
369
371
386
385
1199
1350
299
267
2456
167
168
1224
224
523
347
590
247
188
195
198
327
453
837
328
223
328
228
559
431
597
513
614
1093
320
1144
640
1203
320
119
223
250
762
909
584
441
254
273
393
544
799
1758
631
841
194
209
726
279
819
1062
1111
1189
760
385
1873
798
353
156
391
671
240
241
1529
388
391
509
568
292
305
384
388
471
543
47
631
30
464
739
343
344
363
466
485
585
586
590
595
605
607
812
52
471
61
730
515
574
783
168
128
130
1042
750
319
656
417
35
98
164
472
402
252
253
255
255
258
1155
380
240
125
128
213
254
308
852
336
122
165
29
39
335
622
70
47
54
245
146
477
415
251
265
120
247
363
374
379
272
257
270
273
302
491
595
742
354
890
56
239
58
84
1138
447
351
569
319
357
245
326
444
213
145
512
308
350
243
143
262
271
278
359
588
369
546
821
706
840
238
239
410
513
410
411
722
596
878
759
542
1011
1117
354
933
696
1214
601
545
253
106
473
103
502
682
829
879
44
53
70
250
245
350
1301
344
185
187
190
313
245
512
520
598
244
252
441
352
949
353
789
809
451
407
337
233
251
252
868
338
251
245
298
430
527
697
512
844
533
721
833
280
494
512
597
761
931
1418
269
1460
33
34
45
131
81
43
1026
237
410
184
518
489
191
537
718
256
432
196
798
558
1539
532
429
344
876
593
1522
1641
442
1486
968
450
459
463
464
615
1656
753
781
933
352
353
1068
1405
250
537
439
245
712
369
247
452
579
645
734
1712
359
840
41
86
99
116
135
185
381
145
246
635
315
195
595
590
489
1082
906
415
416
289
294
405
407
423
628
1363
1205
693
708
158
771
782
790
813
985
879
1178
1134
388
1211
1262
1377
1390
1473
1336
1474
564
360
479
596
858
196
205
175
361
475
487
134
138
230
648
375
125
72
337
2363
652
738
352
357
483
725
839
258
1080
172
182
195
235
270
282
605
295
295
400
66
38
39
77
225
231
251
255
606
791
593
442
356
57
362
78
472
1187
237
721
219
783
416
1113
515
297
294
346
41
394
101
952
315
411
418
421
429
532
625
703
347
465
938
354
202
197
937
720
600
354
478
596
607
723
92
50
64
121
150
154
162
219
258
289
305
315
320
413
453
475
501
834
726
773
849
1188
660
779
254
453
413
669
205
329
415
646
511
352
203
209
211
212
289
291
345
359
958
346
207
209
210
218
295
430
702
786
800
406
407
508
694
779
1024
513
528
650
449
797
927
339
1211
293
564
568
53
570
1468
371
674
1381
167
227
909
717
647
475
779
168
121
289
440
535
440
408
634
818
525
526
174
181
507
336
447
481
499
544
260
612
755
759
353
168
128
132
172
185
236
749
601
315
627
633
721
742
751
496
347
119
326
118
585
307
124
118
283
208
236
947
313
425
532
719
741
974
126
907
282
263
1079
887
799
1646
506
491
587
654
742
219
6801
882
912
1076
185
263
680
318
2121
518
352
486
833
512
297
383
397
497
828
268
659
483
788
546
1474
654
329
330
232
594
95
244
202
498
506
254
187
197
225
239
267
290
326
355
357
374
510
518
540
551
561
1427
584
381
492
484
398
1188
276
762
355
359
569
483
565
127
597
137
172
175
179
243
251
318
347
497
443
1204
348
586
740
271
204
160
49
57
160
504
118
553
253
209
1172
531
321
612
482
558
339
850
570
1001
163
587
121
255
197
485
355
1093
415
131
542
138
150
181
188
221
240
248
287
298
783
594
447
167
121
340
1363
600
288
387
401
594
690
78
152
400
119
771
328
118
235
162
272
180
183
1446
143
143
154
751
200
247
359
344
317
465
412
125
346
222
403
765
488
1207
409
1122
271
359
444
266
627
355
447
142
142
150
195
204
337
351
411
545
401
239
489
967
244
414
355
388
391
1045
442
247
193
195
197
198
122
250
255
263
323
385
412
244
250
413
414
210
350
591
140
137
340
274
779
589
373
376
400
404
1399
415
425
512
350
517
1128
374
673
537
725
728
729
770
728
897
933
743
745
871
1096
1183
1202
1219
1352
962
39
44
448
275
278
358
359
362
366
380
392
551
588
788
896
564
969
1101
330
643
874
383
384
414
534
547
648
694
433
797
913
957
1216
1363
671
555
788
788
510
785
221
497
126
215
219
332
416
184
187
192
195
206
265
273
274
276
327
343
466
497
550
597
632
664
424
537
441
671
653
1508
635
838
252
545
450
570
319
648
760
545
316
508
1006
262
385
263
857
365
454
481
544
917
1021
735
724
571
627
264
268
446
439
981
492
1371
283
989
440
398
534
618
317
323
431
314
321
322
324
534
417
556
430
535
769
634
773
595
181
251
320
502
275
216
130
131
172
268
212
249
440
630
554
559
442
536
1811
739
784
369
1016
105
31
48
788
419
832
833
455
275
1063
526
1289
668
555
319
322
446
310
1117
553
653
710
1287
251
253
341
342
372
435
438
444
456
465
442
266
1119
848
859
199
202
343
1114
176
650
228
345
348
321
432
433
537
281
161
980
275
332
483
715
355
364
239
612
248
251
720
320
325
703
1137
1354
971
533
1030
130
236
876
362
292
411
447
430
630
751
1188
170
131
217
310
318
141
144
245
422
626
363
521
829
837
335
328
634
931
565
304
897
328
333
334
471
167
674
228
232
233
236
347
416
899
167
179
307
865
220
243
670
499
253
423
559
593
689
532
417
323
170
176
235
311
288
289
294
772
785
422
951
764
418
359
784
798
648
192
357
350
378
354
281
147
147
148
246
250
423
537
320
317
317
443
652
659
1082
941
1179
219
168
145
328
492
447
532
536
556
944
1079
665
328
228
332
317
597
592
321
439
523
373
329
331
333
328
311
314
321
244
532
779
1046
792
385
331
213
494
125
693
539
435
553
513
678
329
264
543
627
633
772
769
623
314
421
514
527
419
622
634
644
655
267
420
445
729
872
563
124
335
254
178
131
302
245
141
152
188
265
326
221
353
376
380
411
411
432
443
525
555
747
316
644
583
249
256
331
420
429
255
515
275
272
168
312
473
353
286
289
386
263
251
713
964
473
284
216
490
492
135
494
289
294
222
621
272
727
836
473
226
629
175
471
266
273
443
448
163
179
841
828
490
202
516
477
1325
199
196
877
170
123
129
138
139
141
147
152
160
167
182
205
214
232
235
290
352
777
1103
1135
812
288
488
211
126
589
167
167
734
527
356
113
118
160
162
166
197
442
286
286
256
257
201
198
284
223
287
284
170
585
360
125
130
175
180
216
586
204
756
114
116
120
246
415
431
405
260
269
263
276
331
356
372
380
426
437
438
440
454
222
541
146
148
192
707
438
222
501
704
1481
730
333
571
176
606
444
835
1084
119
557
164
208
402
122
436
121
374
472
708
346
1093
707
169
588
213
254
288
232
340
174
255
175
178
232
288
363
407
504
606
616
706
783
922
202
247
257
521
700
276
279
280
284
285
343
353
376
275
555
565
638
289
714
714
730
993
1007
1152
651
273
187
539
130
131
146
153
159
168
194
247
255
281
295
312
328
378
395
386
448
510
616
777
862
941
593
1036
1008
205
352
285
169
282
412
425
573
716
346
469
802
695
847
276
345
224
540
354
554
316
265
270
445
539
726
250
317
215
136
188
314
278
387
288
357
379
474
505
647
998
1040
1129
1196
1585
224
170
775
125
175
189
594
261
307
709
326
354
440
446
580
592
720
279
993
415
423
345
228
691
364
205
211
289
424
523
575
638
28
34
46
50
89
166
175
259
309
207
269
273
181
338
357
368
130
128
427
479
696
547
165
166
259
311
333
283
196
167
25
22
474
402
239
247
248
251
253
255
264
328
338
422
489
496
510
779
74
190
569
263
239
171
456
517
744
583
692
329
245
423
756
1046
582
690
242
142
205
285
306
352
413
170
228
583
232
341
400
170
232
238
597
617
575
347
579
501
448
96
28
343
169
285
375
378
280
129
132
162
171
770
206
240
261
397
180
130
170
263
345
166
287
289
503
551
581
806
574
594
1125
1481
1726
118
158
210
194
165
207
290
312
204
306
468
962
304
191
142
143
344
620
146
245
248
307
45
40
45
216
61
124
335
143
168
175
198
209
212
232
244
246
250
279
292
309
363
369
374
304
534
862
542
746
487
613
1500
1223
847
40
42
92
582
603
476
1076
360
476
602
341
1335
279
344
40
281
66
170
129
308
248
205
203
477
165
284
286
475
573
241
194
346
150
153
162
400
248
267
277
177
181
483
498
547
432
442
657
1295
1010
706
1292
349
749
179
131
138
139
179
946
647
541
308
413
520
412
847
1065
409
247
254
350
241
146
472
169
170
352
334
357
268
462
458
286
347
406
272
278
493
471
57
31
45
56
68
89
96
618
158
230
442
459
194
704
436
426
466
259
261
705
250
251
468
594
589
350
821
344
262
351
436
633
848
996
514
256
256
598
526
698
361
379
382
803
476
497
605
621
632
638
151
852
245
1519
513
317
320
533
631
473
576
1121
440
445
446
1300
624
1928
704
711
412
587
264
1484
255
263
553
332
562
669
153
154
235
129
153
205
209
210
220
238
376
316
555
441
572
1076
1119
1316
1017
318
378
281
116
113
114
383
115
112
476
280
320
579
127
308
1079
461
285
280
215
128
167
715
440
361
264
850
55
43
53
58
62
74
82
131
147
190
225
255
292
299
464
604
838
769
834
670
330
335
555
655
1121
595
930
602
319
319
999
160
1084
159
233
286
202
208
578
735
516
691
339
302
553
184
289
351
352
355
377
388
331
350
357
455
464
467
558
565
585
799
804
1096
703
352
599
1427
225
174
474
471
271
205
248
349
212
213
215
231
249
258
278
304
307
311
312
314
337
338
339
341
353
354
359
420
421
464
538
548
572
608
616
617
626
632
804
816
850
855
863
879
889
913
924
966
1024
1042
1098
1137
1126
1127
1171
1217
1273
1419
1557
1126
1734
1544
1907
1930
2022
427
2134
2196
2211
446
2295
567
568
2453
3129
2786
2842
248
152
203
248
252
3431
3438
345
341
584
666
5499
340
349
455
585
589
693
341
345
345
333
457
404
1047
1391
342
353
593
349
346
349
1476
318
676
884
153
113
115
344
125
217
342
345
346
350
1071
1325
361
607
856
1203
751
316
323
325
326
428
548
425
318
471
809
341
362
458
463
466
597
604
722
820
853
1084
471
540
1507
333
336
635
440
587
375
346
282
1068
678
341
346
578
477
717
841
946
431
921
548
643
340
692
360
1370
366
441
309
747
194
192
245
143
1038
641
907
346
348
393
594
128
128
130
212
959
691
346
342
702
304
1090
316
326
426
524
548
642
667
281
262
967
553
1014
633
1463
4786
196
116
158
235
260
325
463
487
950
349
465
474
479
587
598
3471
419
1102
425
191
318
145
261
668
360
369
464
437
769
898
982
600
316
248
317
343
336
337
348
210
360
433
480
489
605
609
547
562
564
292
599
603
681
698
490
742
340
343
1009
1060
1088
1430
608
312
457
468
318
346
273
455
202
218
224
225
234
239
290
291
338
346
369
371
373
362
367
368
400
445
485
540
571
614
709
746
842
355
349
351
356
360
465
479
831
1094
827
305
316
515
518
533
539
1080
581
716
463
465
481
496
595
634
347
720
848
874
886
891
590
1016
1350
477
468
478
122
140
145
233
241
251
1110
320
1181
571
214
284
248
127
121
162
376
1139
699
314
315
430
577
522
1083
359
589
345
840
1090
1207
863
312
587
604
763
299
299
969
248
727
458
55
25
345
935
31
33
323
246
249
252
327
276
508
509
577
848
353
567
523
519
309
313
316
321
322
323
324
333
338
341
347
353
355
357
360
366
430
440
445
451
462
476
540
546
569
641
670
687
750
790
932
710
591
679
1193
708
68
87
120
2626
197
1476
238
241
352
2007
352
354
404
1245
3934
325
581
747
589
485
205
208
3455
404
184
159
422
220
533
270
357
449
779
1587
1059
536
1073
202
423
3612
321
250
118
120
634
222
1393
751
347
349
22
64
243
252
254
232
421
823
421
956
652
733
309
13157
762
690
1500
375
353
474
470
354
475
602
465
347
643
1214
833
415
524
537
595
949
956
47
51
57
77
85
92
99
105
130
132
149
156
180
193
217
251
290
347
524
743
828
438
46
52
58
488
707
738
606
708
626
586
310
880
274
342
328
327
582
590
822
252
202
256
592
1549
1129
346
340
340
344
345
458
411
304
413
1051
618
22
25
33
154
188
325
494
616
959
825
922
943
2265
948
966
650
998
609
294
203
590
351
471
473
344
887
535
407
716
1030
533
831
525
642
534
321
425
406
193
146
147
150
194
259
456
46
75
91
1393
808
625
413
408
413
714
859
1000
1001
1118
142
251
524
345
344
351
356
466
797
831
1516
346
694
438
165
207
214
218
920
323
1171
471
561
592
689
204
104
59
47
48
59
1003
135
206
235
380
924
1259
125
1310
124
126
201
1017
1205
358
371
533
495
808
657
1335
630
632
773
777
4977
902
929
1061
360
363
370
1208
609
721
756
1599
905
168
982
163
232
1164
2293
434
269
456
340
197
402
142
154
248
253
316
405
535
52
338
167
122
117
241
271
343
202
346
347
464
407
340
348
465
465
155
702
826
191
307
1462
937
584
616
625
403
1361
197
153
462
705
347
348
350
355
356
356
362
371
485
604
964
1187
1355
383
154
458
270
1995
272
332
346
347
263
23
286
364
643
556
783
237
119
686
1031
197
538
48
45
23
33
35
50
82
92
100
102
200
225
273
462
402
972
529
531
720
1323
604
356
467
469
599
202
203
41
36
74
218
127
148
148
179
192
193
212
223
255
272
287
298
532
1143
555
244
269
305
322
379
380
701
928
194
572
169
209
451
218
126
128
177
23
30
407
693
860
942
128
130
790
470
274
463
64
124
25
558
263
330
36
70
467
169
213
137
148
152
193
199
266
268
278
289
318
585
481
820
806
804
1453
39
41
67
174
240
664
555
35
70
789
564
664
190
452
124
256
441
344
345
348
450
579
580
701
779
812
1012
1172
212
347
124
125
129
304
350
333
553
299
406
267
683
428
560
551
675
412
154
155
162
185
194
200
206
212
214
215
223
242
243
245
266
302
312
341
345
361
365
367
416
419
420
456
508
570
628
632
636
638
660
687
695
402
212
125
130
634
382
34
22
25
285
418
276
940
710
576
346
294
147
60
192
65
92
305
208
346
697
343
574
1197
295
195
666
457
518
304
306
572
459
582
156
203
1319
202
203
587
598
1329
411
304
340
345
360
515
582
594
346
720
305
823
934
417
346
629
366
304
1528
168
166
465
354
354
358
470
593
600
1079
594
718
165
230
298
358
412
119
118
122
127
160
655
1973
463
166
701
351
454
593
689
519
409
126
829
310
636
408
408
123
123
942
204
216
289
121
347
514
414
310
315
409
415
740
837
393
243
556
329
667
327
334
342
455
563
670
1162
269
1057
850
459
565
679
687
1027
143
353
145
145
192
198
357
442
831
407
417
518
597
314
356
220
812
552
328
119
128
1066
258
292
212
280
170
308
292
487
677
679
170
289
167
166
183
190
193
263
288
291
296
348
360
374
394
426
535
553
848
402
336
358
209
167
129
457
730
343
349
458
580
699
625
746
1329
312
421
626
953
536
269
690
455
1098
194
142
45
210
45
55
68
99
348
232
124
57
34
364
391
303
304
304
556
576
552
196
349
352
462
347
576
614
709
722
836
822
264
264
511
471
56
590
1196
194
154
251
352
363
467
727
263
443
725
304
779
779
461
573
822
393
418
415
22
22
803
572
1160
477
280
458
379
924
137
141
203
225
228
232
240
244
463
358
362
1007
586
480
592
112
713
113
119
120
126
128
134
138
147
164
177
188
195
220
225
230
254
254
977
329
332
428
531
727
113
75
62
328
245
224
342
478
243
145
411
930
263
145
286
145
146
153
199
208
219
258
223
227
230
356
364
698
590
353
447
550
816
266
448
245
668
426
384
387
837
1062
354
476
353
948
463
467
549
1191
341
340
342
464
350
464
442
706
359
723
574
285
418
309
310
857
411
857
311
852
229
168
177
592
343
350
548
474
342
194
196
317
358
420
31
276
77
23
5518
353
215
305
1181
1278
125
754
347
4864
808
471
356
363
364
478
721
735
852
193
115
355
341
694
814
458
628
314
439
533
742
854
872
1340
337
435
1052
937
1083
5989
956
461
465
653
4437
1655
130
138
144
895
256
1009
308
353
389
427
157
112
1613
472
214
130
133
171
176
178
969
430
432
527
539
234
743
763
166
262
448
163
158
311
414
241
142
143
146
147
160
163
168
169
170
205
215
256
304
379
448
467
1501
809
893
328
263
124
573
132
171
179
397
344
346
463
317
690
325
940
557
703
1082
778
575
160
124
141
145
181
188
226
228
290
317
369
593
735
258
621
194
346
353
523
341
570
310
579
344
699
537
417
530
530
320
622
1054
538
955
619
306
503
376
508
341
342
345
457
468
483
602
603
809
822
957
320
660
1883
347
375
379
458
485
491
496
504
582
583
596
606
611
125
191
1113
1173
1234
617
525
343
345
930
409
264
299
213
169
167
311
358
119
124
173
307
377
578
328
937
833
442
316
319
961
645
1118
296
121
1161
801
347
349
353
357
366
465
474
477
491
574
620
634
712
910
935
959
1007
436
1110
1129
1399
1440
1689
639
201
137
181
182
212
218
222
233
240
346
397
804
458
124
299
352
203
167
207
965
473
595
160
123
692
341
167
415
257
450
796
808
124
124
717
304
295
120
362
364
381
381
387
837
308
500
315
520
531
602
619
355
767
363
850
868
915
592
619
364
1081
887
899
1360
378
220
1349
131
133
164
168
229
449
562
570
700
593
353
255
257
614
349
264
358
371
448
457
631
718
594
1118
350
212
325
286
156
51
1504
203
698
346
350
432
447
690
458
42
23
444
126
329
212
125
127
559
443
812
260
130
346
262
347
577
167
698
214
166
353
211
124
214
472
504
55
33
40
73
117
136
528
219
531
461
582
346
459
574
340
347
125
343
137
141
142
145
146
191
282
291
429
438
1060
1095
607
1271
1150
530
881
1069
576
694
575
280
461
345
576
890
124
403
170
340
282
458
294
1631
294
458
461
577
344
202
289
121
212
348
216
168
470
668
298
792
273
952
298
312
474
196
578
572
964
362
364
476
838
380
377
122
213
257
301
124
503
594
1197
1017
352
476
585
589
865
356
1040
597
530
329
333
338
339
342
453
460
531
533
570
652
926
1107
1118
1403
1404
241
412
392
344
34
78
537
414
34
50
66
69
79
80
384
764
380
561
537
698
363
364
365
820
463
1016
257
44
23
80
144
130
232
474
356
360
364
365
191
471
479
192
196
614
249
847
750
987
414
313
314
526
31
26
39
424
125
556
311
525
588
465
467
478
591
962
840
496
603
727
840
853
161
119
214
463
130
290
342
740
312
241
243
344
444
351
1167
362
368
283
474
603
610
376
376
639
415
312
383
320
389
121
123
133
179
532
213
217
291
298
323
324
388
538
577
719
754
382
1857
558
2299
897
176
124
281
589
282
284
381
523
251
142
313
316
523
597
473
1413
399
851
619
633
722
372
2699
1107
949
623
535
560
579
583
763
770
775
776
853
399
855
787
1371
356
1652
1890
1314
540
453
640
548
605
153
391
171
184
248
343
451
562
879
1077
551
368
515
524
531
1407
1592
778
476
743
399
1884
502
671
557
642
780
693
572
1771
461
464
475
477
478
396
589
629
537
739
761
778
779
784
796
996
1017
1359
1610
1166
856
669
827
954
762
308
399
1585
307
882
831
493
1146
730
615
652
423
504
511
526
535
540
1349
569
572
574
589
590
609
616
617
623
692
706
756
767
773
779
785
790
805
813
815
824
861
883
939
963
973
991
1013
1025
1059
1068
571
1239
1245
1263
1465
1512
517
1721
1819
3332
1888
2018
2394
2480
2558
2650
2768
2771
2834
2844
2898
2957
3061
823
3219
3315
1521
3620
3554
3861
3879
348
879
4116
670
4571
3586
347
404
137
144
144
170
328
337
583
898
418
7226
706
220
353
131
138
239
591
382
406
834
1109
712
353
357
486
601
1108
194
153
247
304
129
261
670
944
306
1254
316
391
633
161
262
1004
529
228
682
1413
366
400
414
424
545
551
436
674
504
295
1384
1409
1684
1810
732
224
171
171
284
289
303
352
368
440
544
550
794
942
447
426
1628
568
427
409
279
256
269
270
273
363
389
336
1158
1300
1260
1323
1440
442
134
54721
975
983
429
250
542
121
204
757
591
428
1099
755
245
118
120
136
139
170
173
241
266
329
354
459
343
143
433
256
257
266
450
454
625
432
400
340
838
461
417
810
693
698
417
376
421
386
393
394
395
396
399
408
412
506
515
517
525
548
651
659
669
673
793
901
341
417
340
310
459
867
199
475
1169
164
934
168
719
347
118
342
702
1116
506
376
378
509
512
130
147
148
150
158
167
168
171
176
181
194
197
205
227
245
264
301
321
358
405
418
422
441
446
1297
526
535
554
556
562
591
616
632
698
725
733
831
700
343
344
344
468
215
130
927
489
319
702
317
706
320
205
118
346
586
415
202
327
557
192
145
246
418
1276
634
377
319
325
288
630
646
401
642
501
508
813
900
901
1000
532
926
1207
1053
310
346
526
643
256
732
253
776
139
142
1440
357
471
525
727
144
145
147
150
207
988
1114
204
122
131
170
205
355
427
583
354
592
718
355
1081
596
578
123
125
240
241
333
340
488
769
780
940
459
340
712
474
585
708
807
1502
347
348
468
586
333
120
128
175
245
264
272
297
408
465
341
166
166
283
341
843
844
1316
561
281
983
377
1026
424
426
309
708
310
840
220
305
1455
123
124
376
151
152
152
156
507
202
228
230
232
370
411
411
446
827
319
238
692
489
556
376
280
292
296
299
494
573
594
420
803
876
413
250
197
159
346
212
126
200
202
212
222
244
311
378
374
562
409
238
241
336
471
498
1022
745
458
290
805
1458
552
1043
389
192
201
207
1061
387
322
483
296
153
622
155
155
157
159
333
446
341
592
733
1904
485
491
492
632
643
762
906
919
1634
286
344
434
604
565
460
544
217
221
313
1402
361
371
416
330
441
903
539
536
833
511
132
1222
124
171
210
264
316
353
383
766
969
316
181
313
139
142
184
231
376
422
655
254
350
266
238
350
356
425
428
451
407
596
604
795
834
960
422
1375
1679
408
325
404
688
285
254
266
347
745
310
782
373
2429
572
681
1031
1157
423
203
411
247
244
245
514
585
685
579
344
343
274
464
354
436
440
461
484
539
554
718
976
1083
509
342
239
206
243
207
216
284
345
351
439
498
523
693
416
1118
272
113
1136
413
416
552
203
427
208
215
835
433
270
484
340
586
412
451
413
544
701
413
554
202
205
207
777
122
417
167
202
568
578
487
203
1074
346
350
356
467
709
692
413
986
1170
485
344
352
113
116
125
134
136
151
221
230
239
245
315
344
356
439
677
125
554
126
284
1433
347
142
239
202
372
184
351
214
572
570
335
120
121
234
241
258
377
573
316
567
339
429
433
439
544
572
672
1025
1098
196
740
277
327
898
179
426
177
551
413
876
1183
457
753
415
329
138
434
658
204
878
357
1080
251
573
541
251
258
353
439
343
350
354
483
491
635
802
706
283
915
869
203
208
1085
701
825
1566
380
751
412
1057
635
577
580
277
342
652
536
423
475
835
485
343
471
352
342
346
574
1050
601
366
369
370
489
598
737
960
1097
1147
432
369
888
331
635
178
1005
534
314
341
809
176
282
565
859
1023
348
435
625
279
377
472
630
632
257
828
292
1165
677
951
1575
444
255
256
266
446
444
1087
134
131
169
131
319
417
331
274
353
840
592
262
269
539
198
1572
280
1790
863
171
343
287
290
300
303
477
572
344
358
460
572
590
592
597
957
1098
353
1474
280
284
430
439
449
167
593
231
482
548
576
454
1185
596
844
222
225
273
206
340
346
362
464
468
596
604
694
760
1059
1075
316
330
541
541
551
304
275
514
566
894
256
591
258
445
977
276
539
639
473
352
476
601
412
583
59
412
27
29
98
494
288
299
582
593
707
351
241
346
352
354
470
594
418
722
734
362
838
166
227
717
358
479
716
385
343
307
292
1159
401
533
257
235
290
471
352
228
1205
240
319
394
801
504
196
196
202
221
282
285
375
476
560
678
852
408
514
265
196
198
204
214
217
219
477
334
353
409
423
494
643
576
585
268
132
140
226
324
395
1261
626
536
1262
825
355
364
602
612
727
734
843
1351
365
262
488
221
280
350
366
570
585
822
852
1461
456
629
262
640
715
595
352
442
444
1633
1946
131
135
170
204
211
217
219
224
283
1168
446
812
2473
263
341
344
348
370
482
487
134
509
485
576
580
593
600
126
206
751
746
865
945
984
997
1510
601
2236
316
286
166
228
349
574
302
342
307
352
472
608
354
529
800
552
1128
585
347
351
354
473
1065
721
1436
592
1083
352
360
621
484
730
871
516
908
1216
1259
292
1494
764
262
171
223
228
675
804
458
896
1032
1108
774
778
688
1163
1211
1221
203
206
383
557
457
197
439
201
575
1210
816
451
262
1358
335
976
346
613
707
692
433
258
213
1549
202
744
441
337
196
202
205
209
300
316
358
364
402
419
443
460
520
656
674
716
347
632
353
470
204
402
417
818
679
380
442
263
202
206
424
202
203
176
177
178
312
218
455
587
345
350
707
223
178
443
175
401
355
378
346
349
353
356
359
466
476
680
790
316
328
333
228
666
256
192
116
117
261
275
134
182
201
202
218
248
251
264
277
286
290
295
306
310
313
319
360
388
400
421
505
528
539
547
551
571
571
580
583
605
632
676
680
684
715
753
782
784
816
919
926
927
957
971
1006
1019
1042
1085
1099
1122
1185
1237
1256
1294
1485
1587
1721
1780
2208
2435
2437
2439
2451
1541
170
2672
2748
538
3044
467
417
212
278
3516
429
491
497
476
262
476
264
358
3595
576
346
3291
210
1250
456
470
550
776
845
353
328
982
237
242
486
402
271
240
327
402
346
495
454
342
173
218
262
437
264
795
340
342
305
347
358
353
262
275
276
353
554
646
813
1087
700
349
709
457
341
288
1202
696
515
540
304
322
428
622
238
874
412
487
834
601
713
551
131
134
135
139
146
580
177
192
263
228
229
288
354
362
168
187
190
202
202
211
212
216
228
235
248
532
297
308
334
349
438
447
461
482
498
560
541
542
545
583
634
647
686
688
736
763
780
913
956
971
987
988
1083
1655
294
262
303
321
371
377
402
296
613
534
372
516
633
764
782
451
937
553
414
559
592
837
1536
1403
24
1111
991
307
464
133
138
549
222
226
228
842
662
12917
133
817
266
333
201
202
572
971
951
585
377
280
589
347
348
350
224
136
139
440
477
550
195
203
278
283
406
416
585
701
308
141
151
306
198
255
376
239
134
136
787
968
665
482
667
1496
262
893
446
314
322
234
330
820
346
588
115
708
116
347
484
588
711
1088
1113
536
775
1197
445
411
264
266
415
1115
305
617
623
906
235
191
271
286
343
640
596
591
130
133
133
190
228
232
334
345
356
262
317
232
323
319
319
330
336
339
342
460
240
535
547
567
578
424
647
893
1134
1208
304
265
306
307
314
275
530
142
734
831
834
720
466
586
409
342
893
307
308
340
345
351
690
759
823
841
945
1206
442
381
115
605
608
564
940
1084
1258
375
292
385
475
486
491
969
389
315
247
245
596
472
443
1070
762
314
408
310
742
443
449
757
760
1210
579
354
1861
703
353
355
357
409
204
299
128
623
206
607
5401
3514
369
1098
377
290
255
289
199
151
1189
226
176
474
281
695
345
829
203
1167
352
269
227
929
574
196
157
156
118
151
163
196
205
346
273
117
215
112
113
114
1041
416
726
503
454
458
348
354
608
588
906
233
112
118
127
159
244
288
299
112
194
261
168
233
117
463
347
351
464
175
137
143
187
221
233
235
241
273
131
894
1084
477
604
1508
263
536
154
235
467
1734
907
529
498
263
246
248
262
423
424
770
635
618
408
409
417
525
933
937
512
627
717
352
356
595
247
844
838
154
134
163
198
216
234
237
263
288
292
400
193
153
303
311
318
333
335
342
350
408
412
454
462
547
551
631
678
686
773
882
1029
1196
1347
243
143
153
197
249
258
522
304
353
355
470
734
854
192
960
144
714
355
192
443
1342
477
197
246
120
198
475
342
475
386
670
134
422
71
28
55
34
43
143
144
196
231
131
363
575
288
375
476
578
584
694
272
196
200
154
195
353
141
272
271
419
424
477
281
750
146
148
151
154
159
197
207
293
317
425
647
373
113
279
1081
347
349
472
597
725
706
306
311
669
282
818
350
353
1061
703
466
708
858
349
428
203
649
593
351
474
41
111
112
197
114
112
206
242
593
345
129
133
173
213
219
473
472
423
647
351
196
150
156
195
249
354
516
536
316
239
320
418
678
313
315
610
538
379
334
359
432
752
1084
611
151
193
143
251
460
144
343
242
689
345
347
349
572
577
699
317
437
531
652
759
464
351
353
584
1065
339
1066
116
316
115
321
1346
209
184
322
599
752
1085
350
275
712
535
540
875
598
355
472
838
54
56
471
174
716
346
315
123
209
295
451
493
520
453
118
112
122
160
161
210
274
277
380
404
405
411
114
376
199
374
271
208
488
1182
42
40
454
166
167
1045
340
571
1047
537
321
326
331
345
440
551
563
572
660
673
755
166
350
94
29
865
282
378
314
112
226
224
293
462
222
137
185
188
189
225
277
274
353
705
352
202
988
317
318
343
626
910
338
793
1002
1048
1064
428
942
227
306
310
757
291
624
773
400
698
983
248
167
216
230
255
260
269
272
279
281
294
295
304
309
336
343
345
351
352
357
361
365
367
448
449
452
454
484
491
515
571
597
611
644
664
669
687
699
704
711
722
732
732
740
742
748
800
807
818
835
860
945
981
1026
1112
1182
1359
1368
1409
1432
1483
1485
1487
1490
1873
1927
315
2427
317
318
644
641
819
811
538
535
791
879
882
693
575
577
584
119
59
982
280
