Waf: Entering directory `/home/flaviojr123/reproduce-red/build'
Waf: Leaving directory `/home/flaviojr123/reproduce-red/build'
Build commands will be stored in build/compile_commands.json
'build' finished successfully (0.622s)
Load generated: 653297 bps
Number of response times recorded: 16800
130
229
220
356
212
37
397
360
172
388
199
221
181
369
490
501
247
254
315
308
251
221
230
382
388
394
708
347
421
419
420
327
449
488
524
527
545
878
508
898
348
488
664
283
862
669
591
594
595
600
614
607
647
1017
613
473
473
780
604
585
823
790
1169
1193
959
878
617
626
730
861
824
779
1111
834
749
912
1303
1037
291
722
1386
776
1040
920
398
544
789
1412
772
1977
1838
777
571
758
534
2154
383
2250
867
816
1898
541
2015
456
463
2126
588
1735
607
1404
654
1762
2418
592
540
837
1198
1046
2112
650
797
652
669
2667
2358
2189
1815
861
866
2035
793
632
2445
788
563
2354
580
2366
647
1586
403
409
2507
254
2697
956
2647
798
608
1685
2858
2863
1220
796
805
659
2723
1773
2768
961
932
2367
1814
715
1611
2846
671
726
2926
1057
2619
932
1861
3188
1837
1731
2127
1430
1358
1028
3290
3900
853
1175
3620
3297
633
680
2348
3297
1368
592
430
845
694
3418
939
3392
3688
2447
756
1973
793
3575
705
624
3812
2393
2482
3464
2176
1009
1749
2421
734
1034
1056
3236
4755
730
1937
555
708
713
1955
1009
2100
3054
2912
4433
4243
2804
2729
3889
2145
2655
949
2733
4455
2701
3106
2060
2300
3037
538
774
4692
3570
2594
3600
2481
1804
2708
4525
627
5107
2226
3488
703
1908
3871
536
2562
4918
613
754
2820
4275
788
3578
2370
859
3537
4124
4455
3659
3387
2014
1307
3284
2733
4066
1935
4092
5647
2445
2066
3660
2499
2017
2472
5447
6028
5871
998
1004
2657
3743
2694
2155
4544
3781
5734
6047
2585
704
3714
3893
4374
4344
5866
2678
6265
2129
5167
5977
4838
758
960
3789
2624
5751
2741
2192
2730
3749
3998
3960
777
4124
1996
752
5731
4332
6468
4335
6760
5163
1759
2816
4882
2454
5216
3701
491
3718
3916
829
3411
6595
5892
2505
2479
5627
3522
3715
3745
3760
4361
7087
606
2348
2561
2840
653
671
3557
4245
5443
5443
7655
2515
5185
4629
991
3886
5639
7149
5026
5735
2245
5756
1861
2367
5575
3975
2634
4599
1985
5413
808
4458
7823
819
5377
5773
5577
4622
5719
3885
1000
3551
725
3509
3672
3767
5804
6231
989
6062
8205
2865
996
2416
5401
4935
8209
2364
4135
3352
3996
2857
3070
2336
4770
3971
4952
5400
2247
6885
6700
5212
5465
5721
4226
5622
5622
4130
2814
5068
5665
5666
6883
6767
2697
5639
8137
2211
5702
918
2508
759
2750
8890
8516
5192
7664
3742
2140
3685
3808
5102
2311
6486
1959
3136
4322
5649
3833
2619
1072
3519
7087
5644
2814
2818
5445
828
5156
1004
6621
774
3782
8687
7774
2871
2098
8059
553
4013
477
3720
5066
2791
4486
2169
6707
7990
1990
5590
5627
9918
5323
5766
5834
4207
6113
5596
2626
5406
6989
772
8566
3875
3484
10111
3973
3888
1864
3654
6245
7467
10014
4325
5876
2740
2746
10734
3663
3981
3855
2621
6531
3708
4121
5039
3693
758
10006
5670
3838
8909
6632
3054
4419
5525
5801
6731
5792
5102
5689
5705
4127
3694
2862
4060
7287
3644
7740
11262
2643
10073
11301
4226
2864
9470
8093
7007
11441
8372
4549
8491
5347
3598
3570
3773
5743
4038
7289
805
7636
11755
3707
8962
5028
5413
11402
6709
7968
7077
8819
9759
10563
8892
2708
4157
11878
3877
11910
4648
5596
3401
8833
5865
7405
3898
5698
6152
5825
2646
7597
5465
2994
5560
5569
8086
12664
12230
11731
1014
6155
9664
5509
5842
6710
10797
8064
4628
12467
4940
8096
4036
5522
6547
9736
10023
10952
5594
4097
6915
11402
6619
11321
6690
10951
769
5035
11856
794
6007
2740
5762
10586
9260
9674
8119
11662
8741
10098
5228
6684
11507
13584
12047
9909
846
927
7237
6896
9777
2594
5785
3333
2651
3543
4055
8823
7154
5474
6890
6454
9408
6847
9865
9259
12323
12352
10233
7717
4800
5695
9341
9008
4829
11601
7716
5746
9533
7907
9607
10188
5676
8944
4295
13977
9787
7924
14037
7351
12833
9028
5732
14067
6733
4020
8120
14608
6927
654
9293
8379
5971
5976
11883
11015
6632
2762
2124
15123
6956
4974
10596
6848
6905
2590
6652
6671
5688
12399
6737
11806
9684
5599
7114
5746
7151
7192
14707
5865
4128
7904
5873
8890
10360
3112
828
5506
8010
5109
11061
7162
7165
3904
8913
4739
6808
14054
5480
2729
9032
12822
16282
13644
15788
10031
5954
9389
13113
9696
15441
8909
6709
7249
5325
8507
10106
8777
4130
9727
6823
14869
16226
14016
13402
9704
11040
10818
9775
8289
16660
10984
5904
7960
13551
6154
4925
2231
7813
9744
3179
11250
7276
7313
9707
9603
16966
14093
2586
3729
8100
2719
16284
7486
11570
4175
14771
1198
5748
13799
6891
13151
9799
11286
9797
6831
14745
6303
9981
8214
6207
1018
17602
14274
5595
11808
11985
9073
15101
13140
11507
3981
8546
2751
12776
8636
13813
2901
3507
8678
15817
13914
9857
10187
11256
6777
9302
4155
4273
14050
16582
6056
11122
5098
9676
4280
14417
18752
2250
5727
13381
14013
7229
7266
9273
13473
13188
2997
14032
9876
12633
15474
12399
14346
11242
12952
2280
2427
2470
15791
17655
14082
14247
3526
18797
8368
15076
10476
16593
6773
16352
16519
2221
17761
7412
2871
19589
14453
12848
5875
17309
10749
14328
12119
14353
11186
6620
17042
659
16588
5528
3570
6733
14696
17011
8421
10724
14865
2964
926
19766
6932
5497
2343
19032
17758
11955
11316
5788
5732
7813
11679
2679
5878
14915
6987
12998
3598
11415
8290
9785
12233
4251
6228
6866
7713
14382
13138
11624
17915
970
13191
9474
10088
7370
3923
2882
12472
11194
7725
19150
18541
986
6403
14192
9702
11304
17344
3913
8906
9261
4395
11915
14013
13403
3023
14907
4772
17135
17738
16480
6687
17536
4662
16187
18019
9714
11646
1939
11643
18354
13596
21490
13229
18193
21214
11756
12109
10403
11807
10792
13855
6982
14034
18406
13801
9855
6916
13629
11872
13634
16531
17034
6935
17962
16398
2709
14823
12506
16990
18466
21260
4067
15219
14612
15018
13737
10118
14845
13501
7644
20203
17778
2246
15951
4256
3872
2803
14803
20566
1143
2398
18649
12677
14536
22169
10253
14613
8866
10885
17769
15690
19228
17724
1908
14209
14940
15854
3699
9629
1062
9329
17361
17228
827
14204
5184
3848
15663
20444
4767
9706
18521
14635
11283
18892
14354
21916
15439
5919
17542
6732
4148
19965
19588
7300
18879
3850
8770
15960
5073
17294
6680
7190
14879
11383
23054
23011
22506
14536
5433
18035
20195
14821
7091
19913
5792
2410
17256
15998
2321
17066
11322
10747
18698
11273
7179
20670
20313
14312
1375
17781
14374
15455
13930
3900
9761
20580
5198
3975
5765
3319
806
2703
11733
5136
10853
5152
14122
704
12265
13230
17746
12731
14756
9938
19402
16192
11880
4332
8154
15550
14903
22333
20138
8018
1001
2763
18031
22196
22988
15195
14596
19138
18064
5669
4394
12573
22625
15964
8237
16074
5041
11746
20127
20017
3761
16735
16742
11660
19955
8556
18747
8258
3164
16323
19936
3777
6701
12902
8329
17234
19290
18523
22464
18293
8040
5249
2830
17042
5844
4123
6116
1364
20284
3300
3011
7329
16347
17074
6973
6975
14052
17676
19885
7917
4291
17987
14423
23205
21653
5708
20945
20776
1332
20892
19075
20870
17937
8082
19814
994
1002
9854
14914
16537
13803
22888
2928
12676
21795
18295
8899
10580
10194
19147
5781
5926
19175
18323
20507
17373
22133
25117
21799
16399
3765
19801
12850
11745
18226
982
18157
17595
25912
5787
17637
23599
10947
20784
16926
7154
8481
6572
6002
19261
25863
8633
16922
8053
12161
16705
17719
9576
13424
19409
926
12588
20882
7804
4426
20251
21621
18436
27899
12834
15657
8936
25283
15236
21813
1863
16028
27274
3931
12057
4017
4023
18757
14118
20552
14344
10172
9398
5887
15605
21835
5910
10897
10669
23721
25274
9662
9415
22578
4770
7182
9819
25797
15652
16289
28421
3425
24471
21173
12459
11896
11925
19292
7539
1371
4080
8864
18933
6883
24758
6954
27509
8787
7734
15831
16729
11229
1047
20919
9762
15409
21286
6756
26981
2768
15063
24303
15202
18536
22220
9289
8248
8228
3995
8479
8295
13006
3341
10116
26670
18714
10476
13161
7065
27005
9235
8440
20336
5313
17298
25848
23684
3040
11435
10005
17735
22498
26921
18325
24709
19951
5750
10607
21110
8714
13316
13746
24735
15618
4649
10108
16071
13498
10671
20960
1056
2963
10289
21138
21886
12308
3721
8915
11802
21052
26552
19015
3869
26663
25959
4243
7382
9517
12786
10946
9652
19237
22012
14950
31363
9642
16539
16879
20246
11739
5774
4061
25872
5960
29246
17294
21947
14938
18203
24884
19436
4036
17132
6222
7369
23409
14246
26293
10127
17504
24503
18365
4345
22658
25673
2268
10570
4398
21095
17828
11706
11504
29112
20141
31123
25601
24623
24002
10029
10780
2897
8999
6666
22793
10937
21833
29124
23466
32411
23023
29059
32538
19800
11095
22605
11765
10552
10584
4139
7280
10651
10587
27631
9931
18666
1066
9993
1347
11537
9969
12432
12956
17701
27270
25347
2912
11741
33216
13251
10362
8437
3791
7830
11894
23854
16599
19024
11568
21884
13136
10139
5946
11906
13252
21118
23835
28721
6241
15799
24100
8139
9015
4001
11802
8295
14733
16627
26058
4339
32771
7534
7066
6289
34373
6914
5224
801
12519
11475
863
12378
12681
12699
24689
29010
4292
21882
1157
22353
12422
28314
21812
22157
13480
13050
25296
855
6971
26301
23827
13800
11280
21574
2453
11179
6727
1193
7708
11306
30916
26801
19533
28775
30742
1245
31398
4670
13579
34977
33455
26732
5155
14789
13703
1035
27696
6058
20819
18598
3800
32285
6295
15077
8486
29087
11911
13043
3190
2163
8429
10870
5464
8933
3005
7589
29629
4064
32507
18062
13628
27610
14528
6988
23858
15601
17020
882
896
27209
2620
14836
25374
21748
6278
21885
10852
24761
23341
28260
34505
34602
19812
36561
7095
19957
9010
867
20430
7184
22034
15368
6922
2335
18047
32457
1056
33942
32454
2909
22197
35391
30020
9108
17751
25805
28875
1000
10982
18831
6554
12827
10335
24111
35398
28388
7726
18093
20088
29754
7841
30789
37215
16258
11861
3033
23053
8979
31495
25693
28144
24749
28997
21684
5979
10284
35791
32581
21415
10370
34532
7047
8353
30277
12605
7973
15338
16784
3773
25831
14250
34133
7356
19545
4430
8664
34141
34138
5864
12988
8521
9906
10012
20729
35550
38963
18307
17843
819
31444
30164
30662
18900
5674
14498
5995
4000
23889
19352
2742
2243
37388
8794
12221
3861
18702
26200
4125
36208
21035
6162
37570
19715
25779
30794
1324
35298
25795
11919
36064
37394
12889
6003
942
35379
2910
35211
4608
37468
24727
23658
27861
5137
5643
3049
5576
1219
19849
39608
25565
2744
20787
34267
24479
21250
37848
4437
4819
13450
2331
23602
38193
19450
7671
7354
29717
7363
19281
19046
33881
28317
814
33760
16271
3565
6531
7773
18850
14968
9470
37565
1199
32682
911
33427
6292
28699
3551
5547
7752
39514
690
23700
22305
8743
1172
20177
2759
10996
19769
19605
33672
3211
38221
12882
3816
6007
5550
34525
24201
39120
819
21447
19882
4591
1259
11454
4698
18018
4732
11419
7086
27033
10623
6269
8708
13055
7108
4793
1005
36198
22785
20463
7560
4939
27922
21440
18731
6013
30584
21029
3113
8219
11747
3660
22334
17874
8591
3810
34088
35520
35737
3682
1558
15202
6768
23147
12445
2285
5162
6867
34072
1553
6579
7473
5876
15704
8016
712
715
5743
39665
8084
13062
27185
5783
30965
35213
27254
32756
21025
21053
39801
4110
11128
2564
22074
23792
16341
30691
6895
44023
2782
20754
6393
11491
5010
8622
1487
23758
6962
2112
3714
35536
10273
16542
29381
16343
4272
8315
8882
10166
1343
30028
3644
36751
22658
23549
5665
7998
1064
2192
39729
2628
7286
6867
3822
17535
944
1274
30175
9982
1219
2829
3907
3303
3677
9411
3728
16025
5281
3768
14213
6031
19305
17773
2511
1050
11813
35197
1059
2195
38465
30572
793
23797
18167
23686
35372
40925
8378
27128
17401
4790
4674
3942
10092
34994
9894
5986
41555
15743
35783
43303
9095
3851
3858
4290
44571
3370
11231
12009
6803
10048
41487
5845
684
4305
34577
37034
25645
25233
42580
31532
22636
42386
34223
4282
10194
2381
41989
37758
42802
18757
37337
7213
42572
37337
38570
8157
46491
5380
4362
12248
31497
28258
9971
26781
27169
25140
2923
41392
3885
6059
12821
4819
11543
4140
45655
973
47434
16717
3821
8845
3238
45889
6803
7890
3294
32486
23883
4055
893
42517
4125
20737
3007
9997
1026
14275
37213
7063
19791
26996
30200
25938
40173
16869
38423
26775
28688
35295
2392
43815
4211
900
10259
1614
34237
35454
15573
10899
3949
27872
15782
5032
7159
1170
15639
2409
7770
5795
27500
34586
30764
1502
2224
12446
1545
43031
37701
10585
13349
14738
40018
5607
38481
7505
39890
2600
28696
20004
5972
41413
5324
38978
11506
6052
45372
12976
2227
34389
3016
35172
43610
40397
4185
6003
41831
1968
46125
2555
3047
13660
3954
20275
3815
12163
5967
34345
27808
36203
3536
5723
6750
7473
16209
11922
9156
41144
3854
7662
41723
23759
47662
25385
6862
49440
14225
41474
48775
13070
42795
11861
4288
12306
4273
49558
25931
2496
4252
17606
9892
35262
36862
43371
3041
41269
7326
4006
4042
50306
911
12103
18619
32710
10358
4216
9650
48836
4287
3861
16183
50952
30346
16412
4295
42120
19278
43820
42742
50210
34745
5193
1189
3783
4633
10952
6241
7157
4764
49146
10239
1244
40462
19109
36215
5905
39755
5663
1252
6036
5301
17740
5324
5332
49835
50148
5464
26129
10018
30935
9023
6065
28837
15314
6287
13090
1110
20020
26836
940
18599
6412
51666
9861
5705
17656
18425
44904
42747
51983
49124
5840
53346
9816
40702
5989
32191
20486
6060
5024
1060
53191
52553
1928
3748
39612
2222
1307
17080
15253
945
9800
12928
19227
20196
22348
33691
7278
6627
6631
6651
2655
32845
2210
3932
5004
3009
16588
10575
24407
16313
48726
13004
6854
724
30206
48939
22142
690
3294
45085
51786
1032
23792
7838
7291
5113
40413
7135
43400
2440
21162
8714
22973
13584
42778
7566
7571
2642
3906
16584
7680
7361
8457
2932
3964
3968
8545
7410
2927
3871
47567
43563
11846
53383
8282
33796
54049
7016
5392
48052
4196
4724
29096
34448
18779
33756
4655
904
46480
5810
15872
28685
2910
51794
15075
9893
23027
53154
5898
43689
49550
23446
16486
2883
19597
47984
35619
9285
2317
6861
49052
9080
907
18269
3936
13075
49893
7805
2351
3969
895
48775
5901
4251
935
17133
916
2788
3882
3885
51746
2123
47876
1176
6088
13403
1180
9965
1208
10002
10027
51511
15574
10856
1994
7820
807
6978
29653
10296
10337
2906
54820
924
52755
1157
49671
5171
6997
3105
2252
803
46673
1991
5621
4016
13918
2931
1233
5001
17075
3691
1335
1343
4393
6497
5577
23094
954
47344
55701
990
2661
10030
12078
5563
17800
3888
22322
6883
4187
4283
4210
16613
5982
50277
53922
4923
5159
50064
5903
11834
2673
3383
18381
12336
13660
4028
3829
782
12919
6787
2957
38789
3064
17200
1078
17294
1084
46334
2883
33503
60386
4724
7062
4111
13057
52323
13778
17654
5639
46399
5776
4736
9682
7600
889
20780
7158
4106
49489
7737
9746
26232
9999
6271
6312
57362
45271
27181
5772
6291
18040
22320
49641
4021
4487
3776
3149
12004
11553
2507
5603
33913
51356
6737
998
19908
2770
8851
5721
15169
4916
21550
49258
22917
5223
52128
9929
1082
14405
21345
6709
5943
4663
59246
63131
942
948
4015
3889
49543
8952
21194
8722
18687
11135
917
5686
2629
7571
10450
5767
53786
9943
6247
985
4410
15958
1836
3818
30504
39937
16402
27957
7580
10948
5899
5602
21925
6192
13698
3992
33789
20530
4367
59363
4324
37107
3993
59770
61183
16218
16702
12528
24169
8237
6079
10580
10292
34176
10496
62137
6858
1266
8492
25900
7172
13074
27068
10692
10021
2986
14612
4275
13156
8278
56173
9272
5964
25153
3335
56606
4566
12863
3749
8193
17874
8352
13199
5554
812
813
10580
859
860
5847
9847
4249
24926
30779
5783
17915
10204
52256
2499
5051
3022
4746
970
60597
18593
9778
44150
11854
4129
18083
17660
9524
27284
9227
37679
9673
10690
62786
11475
3807
27322
4279
21244
2970
9807
13651
6759
3801
5931
14809
5998
11100
874
1572
59732
1362
4748
45176
28117
4890
48712
6346
11541
12139
6502
13281
5845
23137
6839
19763
19354
38734
45733
14581
1310
9869
7089
6843
4310
2308
19530
31081
18831
4281
29184
49021
2886
55599
19820
5967
2867
15014
3979
2793
14952
7270
17209
20004
7400
11249
6016
1135
20505
2826
861
2226
16748
12473
64688
26719
38300
12217
1185
7605
30840
7225
21721
46483
3611
14714
884
3709
60155
35280
7295
3836
24158
66876
2529
5182
68790
48041
7351
3446
51868
8836
17800
7438
21975
68525
4164
61667
41078
61590
4293
3540
3125
4293
22249
4089
17917
859
62875
4863
9040
7944
24096
22051
7013
12100
22278
2092
14822
64525
2980
1330
60534
7512
779
784
50555
2929
4372
2414
2736
4169
994
4490
1009
1011
2577
5863
15296
15320
65671
23160
42929
1055
4794
5257
18283
1329
1179
14177
53074
5435
11700
58068
61475
69035
19984
8370
4016
26238
68117
4097
4474
4070
44526
8377
41945
2110
14459
2937
14999
6712
5785
6983
6997
3908
2600
24165
6744
31956
4908
66055
65860
16382
3327
592
12339
20800
2845
801
3078
8922
24830
13245
6698
13314
32514
5122
1422
25149
7447
16693
16340
5121
4337
25339
5172
5178
5852
11875
17908
68956
3914
3919
3721
3957
3777
63806
45895
4024
20475
73696
6848
4576
4437
17656
64268
25821
52294
6914
29787
16315
32370
8864
35674
15967
1006
5446
10207
9910
17947
977
10862
48837
6855
26580
18435
5665
52884
36249
8708
33738
10618
9674
27099
2541
2645
6970
53478
19688
28425
7835
7799
71845
9123
71742
66854
1197
27509
2789
5645
5879
5904
18150
5787
28240
22014
53107
68067
31867
12982
72431
4242
4677
32065
6425
32759
20694
6553
18331
8302
4449
13553
1216
20395
1019
8375
28649
8765
19178
7107
44005
15166
4976
20283
2325
6907
7418
5271
72468
1337
76673
4690
23177
7561
11365
7671
48373
5136
7763
13679
2917
1702
2011
8614
30066
5082
4080
9838
10701
21136
30099
4163
3891
32979
891
28750
5902
10297
8569
22197
3282
31047
2653
15366
10581
10987
65497
8340
9257
18411
22376
30637
10436
3922
3239
3259
757
15515
9472
63126
6711
3976
27463
9771
10343
7396
1238
6478
9909
40367
2165
4015
33677
16983
45738
5700
1017
4670
69247
4312
3179
14264
52770
77019
65500
5362
2852
9021
1005
6628
39193
11022
2899
11915
12881
9079
13455
45598
1360
33193
25155
1023
2535
60752
66150
2797
2798
22359
59602
25287
2905
28322
5671
2146
1033
75777
20362
17357
5818
17974
2951
51526
5934
5921
11785
35113
12276
951
4053
34098
3595
78371
72259
6943
16253
2893
65672
7263
14180
35240
48498
12832
7037
7250
21995
6635
38094
47972
14501
12939
9258
70498
11225
10478
38681
7607
6956
12050
4914
7124
47650
2580
13854
12937
2833
35282
4772
19471
2762
2822
41459
9739
78689
6515
25983
78906
3028
20111
4089
7019
23995
18255
747
635
636
5256
12824
7808
28865
3266
4747
66325
27271
33767
8740
25046
11583
79919
11879
29916
8096
14500
593
5782
5789
78282
16172
4665
6214
1141
6036
4020
6089
81261
45563
14943
15586
12277
28641
2285
3971
6831
29826
51021
8033
62961
25574
4383
13033
11298
5922
5995
27566
4530
15424
955
1224
19277
13541
1069
807
29495
79242
2684
6722
14281
6764
5311
4019
10628
61253
73137
82180
38826
3958
4968
38227
76402
19780
23886
17203
18148
11829
17279
2921
1607
34407
47831
918
6854
1286
1071
2944
816
66427
48978
3349
8617
3007
25098
3734
665
29846
3945
8205
9310
21945
16679
3725
32616
7602
6322
18292
2379
9031
46036
66306
2202
12122
33913
31077
8938
1009
76109
11946
10381
1240
3021
12178
5729
23381
15754
7005
3805
16413
2917
4740
5480
18749
4943
14831
796
18653
6899
709
18889
8992
2571
1907
3751
10303
85239
37210
13717
19334
4271
2641
5803
24413
4245
9826
1250
1241
3041
21987
24237
32087
3147
10559
9994
4188
1012
920
67983
20117
26036
37665
2833
20223
77857
13304
5753
11668
48699
7481
3008
2086
69956
7676
54882
2490
10698
1354
1288
6145
4063
10018
1996
2734
5768
26301
43931
8550
5785
965
5988
4195
3010
6109
21025
80222
15201
4849
8808
5010
1079
4029
12598
26485
12156
87234
34341
6810
2745
75162
3926
8760
17808
90405
34588
9534
16809
16996
9252
4138
16257
14372
1387
24378
13456
45705
22859
3929
7252
11497
5811
906
1351
6192
83057
41237
17550
45141
4884
4630
45231
6494
9883
1367
5644
5176
25998
933
987
902
6418
997
46203
46380
38787
3148
5906
9030
91727
10156
89262
1350
5875
91844
9092
7679
20480
17906
7958
13750
85879
4241
73923
11132
17358
6003
44046
10653
953
13652
1596
3639
25511
19313
4267
7338
14843
27500
904
905
910
47501
3589
27395
12688
95302
17216
19841
21893
12772
11558
11124
5977
4537
86939
886
3652
18063
21962
59191
5704
1184
1188
3959
1267
6264
15422
4276
1339
4105
6851
592
59380
11760
48879
12590
7347
91768
55585
27362
12230
4657
9253
11389
28160
3888
4936
94166
27738
4052
1057
3992
17375
92415
5973
1884
46065
14647
50624
26033
2000
19294
33264
13292
17559
627
2979
28206
27871
4252
2972
16869
13324
10166
49260
4092
2344
88552
1497
6126
29514
85276
4188
3572
15192
89746
29250
5831
57136
1635
94415
5694
19365
18048
4039
4044
12811
5562
97440
4203
2934
4359
10755
4573
20514
19926
3052
11360
13403
4342
13002
10388
64265
6951
75294
4026
37919
1008
3497
4564
27916
16607
1904
3831
961
22250
8839
53149
733
925
927
1222
3833
3669
7377
37278
3738
3828
6191
22636
4216
4234
19528
5195
4134
1383
52947
7930
1614
4676
3776
5406
16321
2912
2916
3910
31576
1540
4610
4091
3268
4519
6558
62767
99143
6779
90967
14559
3076
5167
14814
1427
1135
94145
2979
947
5572
6454
67722
5013
11092
14685
3789
618
622
624
810
27416
7008
6844
3969
3934
3946
5505
5531
921
14910
17259
101318
909
2737
6111
5780
18192
5089
6342
12767
3999
1186
5997
8471
4527
1441
46005
2981
81835
6750
6906
4364
5763
5585
913
2522
7213
5209
8978
6669
26829
1274
1104
10657
44052
28655
8248
101057
2681
2695
74103
7985
5340
13036
8222
9669
15753
2356
2959
1004
2385
3287
6228
99585
8583
4995
96113
95852
55146
5843
1892
3874
32293
2048
7023
9742
14363
826
20076
1116
6382
7733
10265
3882
97087
7498
5061
2276
75779
37439
97361
811
584
3405
3741
37628
3241
20357
77186
773
3885
862
22332
12038
889
7850
1075
22182
19782
7232
75546
4267
1092
2026
26061
3995
925
87069
91343
38623
38793
3828
3542
11121
2198
2125
3831
9514
731
734
4467
2737
9972
55439
1238
2729
7070
2827
2839
12333
9567
10338
7208
1422
106521
5852
2944
1037
2735
3218
5068
24852
96947
58069
103056
6537
1295
10540
3782
4017
40767
919
796
4154
3451
5729
5837
101714
50435
11797
10877
79351
4617
17919
707
68880
41530
9074
70646
5742
1088
7124
23664
7514
19152
74461
1905
6875
12239
4016
5627
7104
10220
36303
1082
8840
2945
32919
1786
9837
759
6146
107178
10851
72158
6540
25246
10706
3589
2527
40876
38021
17926
2655
4375
1024
1094
104273
21031
100188
67664
1926
4075
97083
7094
11717
4237
5770
111599
1373
17047
2901
14562
3157
9805
4035
23810
9953
5582
3087
4556
4488
10880
9338
111811
1516
4074
3989
371
2647
381
380
896
3069
533
534
545
550
574
594
492
494
495
497
8987
3623
810
83842
16735
6229
7205
45524
761
3823
3824
8755
3894
3909
30432
76918
1132
87253
107145
1041
973
10240
20608
6045
6928
59353
5364
95035
109598
3913
719
3117
2014
1770
22818
47208
3654
9983
923
2199
2209
887
3030
3432
711
2634
1066
2458
859
7167
3722
3725
2705
8183
677
1231
2422
741
16013
11329
10484
2640
5101
1576
107708
10527
3511
70643
3685
1906
5203
728
33239
715
7155
18237
736
3396
11199
6329
8234
75300
96713
7221
862
109296
997
96767
8462
11869
4040
3925
4078
8058
4770
82171
3112
77920
1187
21783
4242
3322
3381
331
341
359
367
104251
2161
3585
2317
1041
4744
546
590
64623
22363
5485
3829
8509
5207
5644
2579
2731
1927
23895
2935
38373
5670
8057
43944
7163
6065
16421
5905
23790
5702
16037
5068
2594
9126
5107
25674
902
9293
3799
4178
2205
3942
6687
1465
2307
26670
2386
409
467
28572
4004
6664
6667
6697
434
641
645
9858
627
2832
116933
9745
3950
73676
7516
17309
10544
986
3466
4025
5266
15574
6495
3917
3739
16022
6415
4127
4346
20962
662
663
299
3720
1353
3317
16670
542
120417
792
9031
2703
4854
8974
23250
8081
4445
7488
6925
9520
9488
9661
9862
38703
7370
5843
12302
50067
2976
993
6509
6664
1305
7874
1188
3093
7956
13502
9478
13554
5238
465
11903
1020
41283
3737
13407
3539
6110
2620
4994
6170
7481
8920
2881
22343
18090
12864
1251
5574
14282
7185
2992
19745
1007
7730
11962
12026
4609
12071
10903
15063
26103
9058
1478
3259
3307
49255
12492
1095
3653
2302
8572
1038
125519
3914
2193
2200
31039
7003
13621
3842
714
452
67080
9113
4284
10778
2810
12333
28874
13533
71594
126139
11090
2868
9478
3767
12631
6705
14243
5013
1069
16248
3151
852
7888
11452
5478
8034
917
985
11608
9591
6472
1320
13418
14717
4279
109789
1298
788
3533
846
984
231
29783
6572
20988
2066
59790
3666
274
3690
937
128052
10571
26802
798
546
2568
10857
905
35624
697
872
7035
6538
2876
7422
2687
7264
2446
10006
7434
1127
22486
1167
7925
16967
636
5711
66876
1481
25469
120995
54590
46141
607
8706
618
3697
4784
730
2873
36817
23295
722
2908
15265
3050
1269
2893
7561
25484
8878
17901
9797
3364
1102
91058
5943
5052
123926
19690
128920
19726
3754
360
27623
10414
633
40327
20367
18868
8881
132164
17590
124697
6936
8654
5779
43391
48463
8041
9859
28292
2355
2701
7109
7652
1902
5402
963
2860
1002
18368
58103
2462
4648
5320
129024
2653
3170
1372
1375
1585
1422
1106
39084
5757
6129
51015
132571
35844
128767
8476
3551
3890
300
10429
3482
417
3730
615
518
92583
4246
124593
742
22524
664
67687
4550
73586
467
2677
7100
700
723
19080
1153
2437
944
2977
2918
1074
7226
986
1061
23078
11549
24950
5067
25474
1345
1388
49993
34428
3022
132300
85258
22612
45870
697
116540
977
2999
20572
5726
8700
1143
903
469
20080
5377
472
474
485
486
668
2352
869
555
576
3772
776
983
1831
4131
2005
4259
15948
7396
7306
820
43909
7531
5691
4446
12345
2656
12620
2995
1036
7819
1281
1282
4021
607
608
935
41333
963
2195
2117
3312
26710
626
11110
5902
4520
1583
4520
136506
138713
1349
755
93991
1005
2869
27027
764
766
4089
27242
4127
923
2223
131844
12378
9131
41858
1690
3892
120380
1049
1341
3864
14699
9623
2206
10004
844
846
5261
8028
3650
135494
2624
27494
4417
3748
671
139846
517
3902
2808
10746
5075
4406
2552
3902
1349
4209
19825
11040
3863
798
800
804
3922
837
772
1109
779
6372
2905
2909
4413
4543
885
44541
4536
49474
1343
2279
912
920
891
5033
4976
1240
3988
853
7933
408
3778
49348
9695
44381
1906
2817
1112
3973
8580
1967
2741
550
3063
81189
10419
29758
2587
25195
13424
790
2879
1136
63048
145238
8851
2692
6191
3268
3195
1395
3258
142243
11942
3973
3576
7075
6526
3759
90107
3984
3505
3525
425
6165
4087
3311
6789
2628
3737
835
95152
2448
524
3358
2821
11046
565
550
634
645
3220
7916
26311
854
5139
3002
1447
771
5469
77916
12311
1032
3090
4907
1356
1074
8898
4024
4843
48965
1383
2511
816
826
1041
560
1118
51636
1043
317
323
324
325
328
332
11935
756
1104
2316
453
1224
11071
1303
82247
2268
639
6286
640
1334
3286
674
104734
4657
636
852
147600
11976
7292
1245
3323
6753
89181
1970
54645
9826
2602
3402
3107
979
2832
5489
3632
4130
34169
2711
3318
51630
644
3170
8141
526
3945
8151
4580
1176
5737
3590
3599
469
2672
3641
17465
1982
687
21795
2511
612
621
14696
2739
4781
3817
53170
9289
9823
18974
1242
2657
15184
4212
5270
89380
6637
1300
1171
3623
15848
1553
4227
3216
601
296
424
1064
4078
76920
5348
5776
3844
775
2290
5173
2242
5612
713
722
738
10921
837
843
10062
3968
748
5580
22585
1299
6298
1356
7209
1297
11656
2727
1518
30562
22881
2608
2063
1406
1374
753
13424
3238
4585
4764
3811
464
1124
12941
10385
4491
2438
43661
128215
2290
7019
1324
86105
139860
9764
7429
771
2959
18129
3042
757
780
4095
1018
2952
3257
1081
148661
1083
1794
6575
7298
1027
970
2928
706
5666
7848
18955
716
9228
104965
1894
1898
8302
586
1954
27809
592
593
438
3417
9934
2233
3584
2331
2507
2538
9736
2545
811
4001
2802
4249
925
2865
1478
6199
57786
1607
5410
2949
3077
6876
7347
10897
4815
58626
3376
4713
778
1161
845
6399
7313
575
10975
4469
139522
5101
965
4670
694
8815
4892
156987
9051
6211
7606
12004
2596
68677
1287
5412
1293
11641
17863
3016
114067
57927
1626
9264
38393
862
30482
1354
537
3541
5964
97189
661
3632
1510
4259
486
349
389
3707
6608
3955
13643
3447
866
2745
533
583
599
797
52094
4261
11514
7582
3388
3858
14847
6868
109341
845
632
640
677
630
1122
915
918
931
936
955
42028
1158
4048
1157
1102
812
1093
7691
94187
1628
1851
1096
1283
15199
21387
1796
61142
3685
481
6117
15559
5912
9299
2460
1916
2200
2639
448
28166
2315
2341
2348
12705
16660
6815
2375
4645
2399
2740
682
2952
5548
1454
2663
3032
1873
965
900
1344
1033
5459
1069
1177
7072
8626
3338
1042
894
993
16930
3381
1296
68598
12673
1081
754
3748
933
1075
4184
3867
495
506
513
2963
18281
4294
1991
11559
3579
1158
685
1265
28550
11017
3964
685
716
6064
8699
4387
10925
2565
427
407
160184
4817
4899
405
407
409
410
19055
745
649
18299
13957
798
1339
3180
2535
3349
5181
162995
1860
1548
1070
1072
1220
3613
12242
1581
1592
1275
1544
164629
44002
2676
3419
4100
4062
2905
5239
2723
6124
4590
65647
2447
812
6695
2575
4151
1804
2847
1134
2956
3737
2847
2757
3898
1460
8819
2207
1209
143941
10986
4542
3725
7118
4216
5655
98449
3920
2037
2118
3945
701
2323
884
893
8332
1163
5110
1117
17562
705
707
4632
1447
2552
1414
978
988
990
9440
14031
5602
3200
1248
1293
1450
6071
970
2962
1890
3030
3054
4137
6087
9666
1123
870
14822
7950
694
9707
2866
6640
1166
1087
3925
10315
6980
4112
7228
6665
1189
2999
7098
879
1109
1458
1045
1600
2883
5691
18687
1237
9152
954
2492
963
11445
4087
3480
119993
973
977
933
831
836
5050
1313
1869
5852
1629
1163
1537
2339
902
2240
1179
1189
3031
9842
3068
5514
13747
1425
1903
4770
5683
4219
685
4356
6614
1711
5109
2171
806
106385
3180
9918
14301
1467
725
728
738
739
4363
758
882
10499
2715
973
994
96005
870
23940
1196
687
3443
901
974
18682
5377
1208
7835
1572
165692
1348
3639
4358
2657
392
669
124655
1221
1245
1280
1000
592
903
617
619
619
626
2692
816
622
2739
172096
906
914
1544
1076
3042
4727
29415
2709
46367
1062
1156
1237
2802
23657
1475
4039
991
616
632
571
2470
766
710
877
622
996
4190
99058
3374
727
3262
2146
7760
3704
620
2267
831
132560
5800
4469
1347
62248
1760
612
10470
620
2557
810
2627
4720
2801
2336
3014
43942
1022
1175
1189
1190
1948
2383
2404
3091
4312
848
849
855
1438
1038
1286
767
1332
7366
3418
4504
1488
6294
4039
1458
15837
3157
4033
4116
3522
15843
1004
8976
4494
3841
3920
6196
1213
620
961
970
953
9356
4609
802
7717
4004
2608
616
620
4269
1501
1887
3948
619
785
14762
583
587
594
1253
1287
4765
926
2467
2317
3331
1299
176116
1155
1158
2059
1570
5506
918
1246
1692
1769
1789
4899
2476
2300
5188
1920
2680
1556
7217
4690
4767
2260
1295
2121
6703
9710
11362
6686
886
11601
4146
762
767
4618
4314
4077
803
1095
2866
2891
898
1401
1122
1137
1333
1351
6627
16135
1433
4000
1990
2781
1925
630
4073
3811
2106
1360
1372
4314
2345
2511
76053
110649
638
18057
646
2408
1091
2744
2587
662
1452
672
674
9201
826
1055
73850
1230
1813
1105
10189
5065
3354
45960
568
5548
5499
1501
1364
3976
3688
4387
5843
535
747
3984
12259
2297
1714
2673
5606
1419
11891
111280
1716
4224
11116
11099
2154
3732
76607
3150
3455
2067
3992
1977
2226
4372
956
4263
21775
2697
4444
1227
2790
3872
949
17589
1757
13037
8668
1047
7890
1349
521
3532
1275
1245
1081
1395
811
830
1159
1567
1232
1112
146217
2138
105232
8074
8094
186156
1862
1975
23862
2464
1257
1264
6731
6768
2814
4172
3912
3794
3151
23879
1502
8799
5782
194143
4007
5751
549
544
4099
4547
1262
710
2729
4040
1231
540
540
545
946
1000
919
1704
3048
3772
1891
9934
3567
11964
46603
773
1060
718
719
3586
4232
863
1064
974
812
2414
1159
1035
1257
7331
1229
1240
4269
4280
1530
2319
1226
1164
825
1975
1988
731
1997
1130
2303
3146
2364
5475
3105
755
868
757
758
759
1110
981
983
2979
1289
18821
771
3281
1016
1300
2269
7225
15148
3669
906
1227
3793
2368
4000
11449
4045
19933
828
684
547
4106
741
776
722
3276
4197
5278
3563
1043
799
1206
1338
1364
98216
1056
1232
1786
3512
1299
3143
4272
1529
766
786
6756
4198
2397
949
871
7130
817
2433
1033
1036
1839
2473
4463
2786
200299
4391
5421
1139
754
5517
3240
1734
3399
558
201934
2668
3711
748
5977
10379
907
3511
630
719
1186
29324
793
606
1443
4414
1165
1181
1131
707
935
4121
3957
3674
15702
1098
2536
24717
168033
719
5269
5422
559
107984
2195
756
12428
4994
3690
4076
1472
538
1219
1088
26702
22754
5033
858
3034
1465
8540
1247
10119
2127
1659
2834
1519
1053
1227
22089
1500
4141
949
954
2384
867
1450
777
2653
4492
1110
1463
1363
1165
860
591
1602
1615
1214
842
19705
934
11221
3586
1214
1796
1306
1157
6346
2607
432
1031
555
929
566
783
735
797
798
801
785
5471
6119
824
1147
1167
1123
1659
852
1353
2021
743
749
764
1464
1108
17578
20051
1900
1015
721
649
2065
1375
1386
3493
3940
1995
733
4097
1734
1061
3572
652
667
864
1237
4718
3516
694
4031
1378
5091
2829
903
906
13262
2612
917
1425
608
612
1659
786
13564
1837
719
813
3675
2960
3739
997
571
588
602
770
787
801
869
821
825
604
1017
2679
1684
4570
3063
1285
2885
539
6419
2051
1785
814
1827
875
3764
1028
49841
1055
444
2320
519
462
602
677
910
800
615
616
801
803
813
207904
976
3902
848
2091
4186
74940
1097
1323
827
1017
1765
933
812
815
786
807
831
834
1126
2074
798
804
964
709
571
670
1140
3422
1184
805
1394
1375
1401
950
1150
2517
6134
4346
1146
515
2687
1476
529
1337
3162
845
660
967
479
406
1996
792
819
1040
1182
555
2498
15220
1706
1079
1012
123329
1832
2294
631
1118
543
545
2044
2060
646
2098
2121
5668
935
956
1909
2817
2901
3844
75780
4221
1904
3222
1677
2225
2096
3465
1049
940
989
3817
1853
1812
3632
3684
757
4238
2592
3558
2882
1767
4237
644
4217
862
884
1120
1059
1065
4664
5023
3765
1878
4872
1252
3707
3853
1191
1197
723
730
2528
1277
968
4558
929
979
2398
4014
1306
4663
875
2665
1212
1823
5849
4143
4215
1660
1402
1412
7030
678
685
12539
2749
1839
1096
925
639
3600
3134
1554
10308
702
1223
2993
5876
983
6911
12024
9946
4851
2629
3517
2787
14515
6697
6865
2308
634
642
653
654
7003
840
3755
917
1086
1195
1136
2407
1164
732
3856
733
5206
1444
744
990
1005
2235
4474
2862
1702
7336
1735
3789
8436
1952
1999
2131
12474
747
2703
3664
1201
975
5786
596
599
5088
3022
3114
1574
3287
6536
768
1609
4864
16669
205739
9322
865
866
5134
688
1333
762
4148
1403
1017
12364
4495
1133
5732
442
1477
12680
1237
1416
2959
8511
4272
807
3046
5499
3513
5235
590
596
822
1668
12741
4519
983
1615
602
1158
2757
720
835
3651
1175
1077
11274
929
943
803
807
808
567
577
701
920
1349
3259
1274
776
797
1105
1424
1591
983
1074
1078
1675
1195
1166
1549
752
1850
1403
747
854
965
700
990
2008
2932
2549
710
13904
457
633
420
1571
853
771
2774
1474
2536
2661
1012
3906
3607
1741
808
812
820
825
843
849
835
23515
1067
1075
1104
1876
880
1683
1355
1931
1807
1081
1113
4192
2518
1974
3791
817
819
1258
1839
2464
3687
4352
5370
1044
542
12667
2782
2425
3438
493
499
9486
655
662
2450
4388
873
4718
1997
2323
895
641
644
646
661
1196
5402
5150
4412
3029
717
912
933
2279
752
2377
1588
1262
6349
3996
1241
3989
6271
3718
1617
1636
1034
3019
1221
5536
1999
2065
2382
532
5733
3109
8005
3931
3617
2664
2209
502
1384
2487
3697
3750
832
615
4844
926
2719
5413
674
676
725
1095
4805
960
1027
1031
1861
1406
1415
1427
721
3729
1293
1298
1905
1484
1557
4202
1750
1758
1357
698
1426
10554
1156
4663
2953
2681
3076
974
987
27176
3831
3774
897
898
3721
6804
593
597
923
10684
791
934
974
732
917
943
1585
3859
2613
1598
1476
1143
1810
4115
24124
1307
19611
4340
1450
1629
2060
21580
2458
5292
995
3322
5122
990
3327
1136
3124
27058
3541
3845
9164
11314
851
1902
845
866
14044
1221
1420
1420
2041
12182
1284
542
543
544
545
547
557
577
1083
1642
10234
823
757
954
12641
998
237187
1037
1180
1115
650
1256
789
2321
3372
1113
1572
1089
2119
1992
3060
769
2106
412
1024
779
1131
942
3636
541
1813
20013
2137
4025
717
1195
194968
977
818
3561
1364
3681
613
617
620
1648
904
906
2414
1933
1160
1365
2826
3677
1045
1102
733
3502
1119
719
1397
4775
1554
926
963
658
663
664
1135
1172
1865
1629
886
1066
1305
2063
2038
3620
2409
892
1598
742
1670
983
1717
732
421
671
3900
1889
7210
3065
3299
532
442
675
921
2441
2404
886
586
522
604
611
3583
3320
1242
877
712
725
727
834
855
773
1024
1038
1132
3820
1354
1487
2728
2347
1316
1451
4207
1611
2325
1916
4528
1577
1497
450
451
924
613
3006
2034
1129
2823
6842
1163
2737
963
3036
1384
2881
3845
6993
3149
1989
2212
244756
26311
816
837
839
1046
393
510
217866
1320
1334
759
1573
18466
4420
4542
1738
1723
1375
3097
2988
4910
2110
935
1498
2266
2355
1592
2741
585
5500
5586
793
2174
2381
2278
3334
3341
3510
2174
3858
3424
471
476
478
483
789
3652
3963
9148
647
3752
480
485
1320
253085
4080
697
4101
543
633
3539
2591
2145
899
795
3499
705
1352
800
827
1133
1156
1945
1954
832
853
1495
2295
1111
1117
1139
1141
1810
1474
1425
1216
1028
1517
1638
2867
348
353
1709
1197
673
2049
768
614
635
806
814
824
462
7204
1008
248835
1055
4264
1118
3871
497
1210
940
504
13448
373
427
429
13376
449
450
459
677
461
525
523
529
619
629
647
655
734
739
3638
3471
815
817
840
710
910
598
1067
1147
1100
1103
2359
1493
883
1225
1006
4367
1770
382
394
394
3398
509
523
502
676
2180
719
2376
971
974
720
2852
593
7237
4098
1019
1023
1073
154534
580
23626
2029
5433
1505
813
4007
483
1089
417
6044
808
3826
2573
1998
780
2717
367
620
5657
1087
425
553
184756
1446
952
2666
638
5056
802
1239
713
815
724
543
743
556
957
720
1121
1110
875
913
1962
1266
593
4075
1084
554
982
3444
3535
179769
409
421
4217
866
2010
2299
1162
528
537
228
815
625
638
2100
487
872
239
576
231017
477
1078
631
210295
291
10900
653
925
597
488
2614
1383
990
899
5363
1772
1618
1654
1387
437
2084
1844
2418
854
370
345
1092
3143
1024
199
573
593
915
363
365
238
240
47
3214
151
426
5199
384
635
289
2770
688
457
321
289
565
627
219805
719
675
1258
995
1001
1485
12232
963
1131
1958
996
318
323
324
328
445
342
422
648
242
492
494
786
897
574
1116
2991
783
2120
1215
811
1835
247
1099
312
896
531
533
1262
1812
421
305
432
750
609
555
1233
854
951
10309
1105
1542
2285
1332
612
457
413
363
1003
826
1869
1838
597
485
488
535
565
785
1001
866
581
1664
1055
1053
1889
598
4139
744
599
2026
1189
1212
976
979
1308
1342
861
1911
301
903
391
1096
3932
2556
405
1493
421
432
440
445
2190
4562
601
825
717
2074
4011
1097
1019
1290
1333
1444
2694
1721
3227
1887
2421
2359
2439
3542
2571
4504
904
270
476
3754
1369
260
369
370
778
637
673
3488
2520
434
637
974
651
870
1503
948
4307
783
804
3657
756
1581
6088
1787
445
1521
703
5047
442
576
578
580
4827
245
383
768
379
82557
1876
5063
922
925
526
617
5448
1184
483
494
498
500
506
513
514
516
520
537
557
564
565
565
570
572
575
578
603
613
785
803
806
827
827
833
858
881
892
893
908
937
1646
1074
1140
1155
1165
1185
1195
1216
1136
1305
1312
1387
1407
1433
1393
1772
2240
505
1558
1628
3206
1691
1692
1715
1736
3561
1890
1935
1945
431
760
380
2154
159
302
166
172
172
235
243
256
2353
320
498
460
909
2554
532
957
1605
605
2820
683
599
503
2834
512
512
575
1282
684
729
3388
4109
3346
552
552
554
556
3588
878
942
1071
603
525
832
1258
1264
1294
1384
1020
365
367
1425
2212
1559
4367
1451
930
614
459
221
4712
5528
1327
165
188
4889
4902
463
334
2574
371
448
492
2505
404
122
486
365
233
254
795
128
329
141
585
412
259
257
209
232
25066
569
392
767
945
703
705
517
347
801
577
578
963
740
516
556
10022
1279
475
576
1132
324
396
403
337
339
535
508
697
787
802
805
1624
608
1052
1193
990
2367
1262
1020
545
550
1445
1850
621
1555
547
551
567
1399
755
874
1928
503
1423
387
388
392
683
1079
531
533
534
2221
689
414
420
583
266
526
358
1393
189
891
444
835
1020
570
175
517
468
299
423
761
908
1489
766
1211
876
520
1003
3493
610
1325
384
787
2854
1194
879
454
689
614
480
623
475
1035
499
888
1654
586
546
782
441
415
431
477
388
430
434
748
593
441
818
1912
1006
1048
1187
1192
596
1232
1237
1288
1214
1098
1397
804
1644
711
713
721
728
729
579
1815
974
625
486
1567
810
261
1301
1309
1320
1476
438
2065
1786
362
364
341
733
632
611
2877
836
847
854
720
593
594
1101
2602
746
843
565
566
654
674
757
2488
692
1339
846
236424
1074
678
742
578
736
2196
486
500
518
529
928
937
603
592
628
644
577
549
723
774
793
540
819
410
865
631
913
881
957
1021
334
428
1429
2282
1843
1611
331
331
335
350
351
354
356
2376
457
601
2371
777
1008
672
1168
328
846
3507
1613
759
1707
396
3667
563
1336
542
813
1060
2078
2241
2288
1392
268
203
318
413
545
3816
334
1038
456
551
340
223
894
485
266
176
184
191
293
347
353
384
908
409
307
484
395
425
638
638
851
545
1798
1766
750
620
375
163
296
1540
400
426
1001
422
381
385
427
548
1031
1106
616
742
880
187
1042
415
481
1198
1122
1342
405
661
1368
729
1034
814
604
606
527
750
389
389
390
395
543
554
689
717
519
1204
899
602
681
934
1604
580
447
449
457
458
770
978
672
1969
705
986
2124
542
543
557
558
559
714
904
1680
453
1177
1149
1002
2816
345
348
322
3379
610
619
445
360
373
2757
991
337
643
1364
364
754
474
864
909
912
705
765
785
612
1324
891
494
995
147
158
200
1061
208
317
1736
439
454
378
104
71
2733
336
375
454
679
682
729
669
854
4598
3588
422
1057
1237
1242
397
442
406
1302
969
552
3711
713
1590
770
809
869
556
1959
1143
723
656
740
2048
755
876
724
914
1404
209
213
263
430
435
410
261
581
517
554
753
963
676
372
1161
593
1209
1749
1036
765
1663
585
968
743
678
1570
522
2062
737
822
407
649
337
209
252
2038
448
458
466
644
481
851
864
2593
444
1086
1106
490
464
1160
1538
771
858
256
380
383
387
530
1082
682
693
344
2267
728
455
426
440
492
890
767
1072
2573
574
3436
349
145
3043
562
204
213
214
269
638
302
351
355
392
401
412
717
480
539
573
516
686
706
742
716
2322
427
777
547
600
596
663
868
1784
557
566
571
580
584
924
1466
715
728
770
376
902
1069
1087
1235
1041
1428
1281
1285
1030
1246
4234
1398
1546
908
721
251
1769
660
502
704
1814
345
779
396
343
10538
416
494
484
287
239
539
337
662
685
486
156
492
341
791
566
575
285
612
226
292
389
174
298
178
326
1283
915
274
224
478
584
167
190
198
256
293
313
349
380
405
467
485
396
631
941
1359
299
416
427
705
1153
719
514
303
942
1288
698
1384
458
459
460
461
466
614
617
544
753
792
925
320
431
572
596
627
481
486
493
803
813
815
836
2612
2083
193
123
188
186
227
194
828
192
196
1214
215
222
469
476
473
3188
477
479
712
699
934
1536
1451
1750
546
703
297
317
590
595
5355
697
865
956
1255
1043
262
908
1061
340
341
540
1276
2798
1075
1195
1551
467
415
510
1210
366
152
395
483
296
417
200
236
824
952
1220
792
1018
1761
1955
2000
2266
623
818
914
1064
1068
1202
577
2875
368
480
3735
1144
608
1857
444
464
641
477
1095
1516
370
266
506
284
506
982
561
571
681
662
889
910
626
1140
1297
1675
1845
377
411
526
544
549
643
666
678
633
763
847
471
998
440
449
1246
1310
1320
601
546
1496
1578
3166
350
405
789
1020
124
130
288
273
441
2559
507
583
225
86
32
40
48
57
312
210
360
363
335
538
602
639
674
1229
1280
1484
242
181
990
688
319
457
369
168
443
1022
719
806
652
439
909
529
766
385
508
1514
606
668
1521
1073
504
780
957
481
656
647
932
1230
735
1630
1643
1436
857
599
602
1988
1313
397
2411
2314
3027
3065
1222
2090
786
2582
229
234
238
350
215
323
439
459
469
2744
430
609
602
633
504
515
497
655
302
812
877
366
798
572
629
1358
1601
468
716
869
170
3450
541
116
361
116
219
222
225
227
228
236
395
308
376
492
429
311
449
1130
622
717
4404
1880
1935
529
2513
889
466
180
1582
316
704
406
1267
703
413
866
878
1291
530
261
396
760
803
461
796
772
841
792
586
1181
932
1018
798
669
1226
1762
3426
482
774
513
1685
1706
431
1954
435
436
958
395
117
466
121
601
351
333
974
366
643
1487
341
349
351
359
470
659
788
794
888
386
1083
512
287
289
294
673
546
412
872
527
386
446
1187
588
603
541
611
545
1295
805
817
1188
264
515
467
499
302
644
847
1003
437
1107
1159
339
1272
1396
1444
1514
2654
3907
148
2694
751
204
1343
283
3681
920
1593
1343
1237
826
829
1022
928
928
411
993
1013
1030
1042
321
1156
1161
416
1273
694
706
676
122
928
939
431
343
5973
280
326
794
357
2322
288
342
347
348
388
364
371
374
482
493
2768
963
704
743
765
874
912
623
1102
1220
1431
1486
1492
1199
974
675
842
399
400
4346
495
679
584
550
4982
2772
679
2913
258
1892
390
4789
617
642
785
358
744
499
509
871
627
709
327
5923
1359
1079
1093
2825
1262
932
988
701
1981
802
3954
304
5491
423
358
509
283
284
818
461
463
466
481
518
522
526
654
875
1238
751
3717
831
842
927
978
374
1082
492
328
605
1611
645
768
1940
326
220
932
823
641
327
479
684
733
631
154
186
194
261
730
4476
15025
414
3338
268
577
363
409
490
519
525
526
709
710
905
914
820
351
354
355
357
357
365
369
489
411
12134
1094
1823
420
333
1500
1599
451
453
555
575
907
1004
655
922
1090
1113
1422
544
874
334338
983
530
605
272
1619
396
399
400
712
1709
539
488
490
795
401
772
829
897
276
292
363
156
371
372
149
534
220
277
702
715
458
558
933
700
1620
1467
1062
893
1927
1996
490
2686
927
782
2363
282
659
2361
518
412
534
545
676
3049
1096
649
712
1691
823
819
126
288
290
693
795
995
168
427
171
198
351
358
304
306
311
256
236
445
359
204
178
978
845
130
124
596
422
423
343
168
725
737
347
365
366
368
404
414
420
428
305
434
316
491
498
515
519
520
530
532
538
557
660
450
651
656
690
725
781
786
805
816
817
822
823
833
867
925
189
1145
188
189
1239
1314
172
305
267
199
256
331
507
510
569
684
777
442
296
532
660
375
725
1966
1234
630
632
349
423
424
426
439
451
472
574
689
260
720
136
140
184
192
180
185
230
808
282
360
363
345
313
399
1714
483
616
730
363905
2189
2115
907
630
437
724
251
369
1679
419
658
690
745
1068
243
256
1334
263
586
328
367
661
592
1128
6412
514
175
186
230
229
238
321
424
1432
494
771
391
583
482
523
769
542
1039
324
327
334
340
353
354
506
428
436
611
521
529
537
556
567
644
414
748
536
546
788
680
466
639
654
1080
1326
649
1086
815
313
923
425
175
1342
272
364
137
622
176
1488
448
385
597
160
346
119
361
918
353
696
290
137
1666
100
129
205
124
386
354
343
329
266
328
594
389
789
369
372
426
457
391
392
394
252
517
520
335
519
368
671
969
1324
376
663
167
341
837
783
575
419
424
425
111
445
557
567
448
697
133
701
931
862
335
593
197
120
282
1108
366
411
822
661
317
421
351
402
417
523
545
548
348
413
675
684
299
701
782
871
703
956
970
640
1079
472
1160
327
864
318
1496
273
805
288
1000
819
509
227
233
246
250
266
266
355
276
278
287
291
293
379
384
421
439
462
479
514
583
587
1920
669
661
568
1144
568
1162
94
463
111
1054
173
178
414
225
288
344
353
391
459
463
585
124
126
128
129
130
131
139
142
179
212
220
226
250
282
306
798
634
281
223
346
170
127
356
383
504
359
713
328
237
470
1325
281
346
558
470
555
474
340
123
124
125
129
411
354
1397
817
786
1679
674
286
597
584
455
350
471
587
696
701
433
417
207
208
260
272
446
566
267
273
275
536
802
357
1739
1636
1171
542
432
439
570
761
271
661
683
862
130
1048
591
498
1049
700
1256
482
490
486
425
556
988
843
124
468
469
383
1394
748
1290
338
306
253
1270
921
1322
1689
444
754
197
2259
316
243
645
1823
406
546
612
349
430
539
852
373
3032
667
134
145
147
160
162
361
222
1072
1157
576
1194
398
727
620
1480
358
522
395
365
5528
624
812
214
221
222
250
313
385
396
394
172
554
452
454
629
622
714
542
988
567
854
1093
45
41
578
346
61
80
1049
1248
476
537
416
213
705
126
317
308
1090
700
462
162
346
122
124
126
130
139
182
272
214
217
470
288
942
146
110
114
117
119
160
199
588
401
617
347
435
439
443
557
838
848
357
352
433
165
624
131
132
332
957
344
936
458
1230
722
692
133
1041
163
387
405
526
649
796
804
925
600
1841
553
316
581
317
321
655
618
492
413
492
511
286
821
307
1384
547
734
1107
842
955
61
429
433
31
447
448
552
580
581
583
583
703
672
532
824
839
858
878
328
416
386
326
1288
353
441
441
556
521
553
646
44
914
34
488
531
329
330
333
304
467
508
622
628
1415
897
809
980
804
1374
431
841
476
1482
250
264
267
268
270
276
404
334
339
340
344
346
359
361
369
470
246
250
251
549
588
601
604
692
511
1193
671
461
1149
453
465
351
584
597
50
526
110
958
445
389
287
557
224
578
672
409
802
124
462
410
452
393
349
433
287
292
319
323
323
353
324
345
414
425
426
430
503
613
618
811
657
758
796
830
851
515
976
225
225
514
384
707
487
475
877
704
352
382
377
129
718
287
124
125
487
642
362
696
367
335
395
1881
577
968
723
1624
831
369
562
1081
478
282
262
593
749
388
107
269
993
175
181
209
209
1264
384
466
510
522
533
589
607
610
1727
628
1027
1181
968
995
1471
1816
1587
1671
793
429
432
433
617
1249
355
534
2289
355
365
367
371
727
424
1090
397
612
613
845
315
476
2692
280
281
910
395
170
486
494
744
137
484
386
666
1184
997
1346
592
37
51
67
77
158
1565
311
451
364
1807
245
2615
384
387
801
2068
378
1965
1094
230
406
422
1146
498
800
144
591
605
238
794
873
352
1006
3303
757
361
351
543
516
572
465
696
813
951
1190
948
1119
614
651
132
345
346
131
592
329
958
422
423
717
588
581
364
377
380
387
398
551
864
1353
1127
1324
1372
716
908
10997
569
1203
915
606
898
1064
383
162
163
358
542
570
290
291
294
303
305
378
397
399
405
462
509
1009
668
294
309
1189
478
516
524
349
471
586
476
353
190
261
741
189
195
222
257
471
438
354
799
1049
974
678
595
479
671
333
465
958
1001
783
133
494
372
895
206
465
492
842
463
478
597
597
1177
909
348
442
444
448
450
452
456
457
469
350
486
619
630
636
645
748
763
137
349
893
169
1077
1086
1098
1116
904
2364
762
158
1811
106
188
195
913
292
487
497
329
602
627
821
832
540
584
444
466
596
618
642
753
848
919
273
274
275
1219
423
1363
943
715
525
862
360
523
360
362
370
2193
202
267
267
318
437
573
581
1312
675
564
265
268
281
354
437
440
366
371
537
467
556
757
787
751
273
485
1610
196
224
227
284
295
428
1377
1413
689
671
682
338
421
423
194
321
325
699
715
842
849
570
680
691
834
907
941
988
1041
1104
473
1328
316
101
102
1055
174
760
707
1526
605
458
464
519
167
750
358
235
306
307
823
350
411
732
1558
1692
643
180
133
262
514
548
656
790
273
354
354
408
1048
257
418
648
826
131
311
258
467
658
664
370
374
102
108
109
453
470
484
569
570
713
725
828
539
317
316
222
174
316
427
514
244
808
244
245
247
519
453
811
264
450
1080
666
639
259
440
891
329
592
327
902
1502
578
353
134
477
136
183
318
319
851
124
384
906
1068
305
384
518
641
311
826
842
595
500
1612
650
98
94
316
462
320
595
859
334
1084
1104
1435
954
555
748
443
471
1364
486
486
339
587
347
593
597
413
353
274
267
357
359
415
454
456
467
583
707
713
835
978
357
643
386
387
694
2598
248
699
118
417
991
1254
706
458
357
363
387
496
376
600
647
696
801
813
821
674
793
930
816
978
1006
1092
1096
492
1102
250
251
253
1157
1320
313
415
583
535
605
1204
1027
553
1690
707
466
552
213
769
1259
2112
292
442
649
727
728
163
197
1286
774
1953
251
143
998
585
348
364
370
383
387
977
464
473
486
494
502
503
600
606
634
380
739
742
1609
879
243
356
327
1115
249
382
1379
720
600
511
840
681
696
1321
601
919
622
238
533
402
618
248
873
153
158
167
203
217
234
248
264
289
313
413
539
1189
561
830
161
198
199
447
451
455
462
467
468
471
472
260
482
583
631
1015
987
704
495
554
871
345
288
272
454
1098
441
1122
1140
408
889
920
954
422
316
330
442
167
316
134
142
147
170
216
220
246
271
320
439
910
725
806
306
309
310
498
724
841
244
124
643
124
357
522
828
938
2126
1321
1359
655
329
556
432
494
606
606
610
615
726
885
1015
799
3227
931
410
1291
618
867
1268
4711
579
581
685
431
778
299
801
898
685
2019
1341
1591
413
160
212
445
330
225
345
644
1303
249
240
324
576
287
517
540
387
274
525
361
364
442
341
1163
942
356
1157
544
546
304
304
591
366
370
376
511
486
494
601
634
627
412
421
280
285
547
993
1214
1287
428
843
571
128
98
135
329
423
327
336
349
351
614
408
410
425
551
583
647
666
679
360
365
776
801
485
891
922
940
966
1001
216
213
517
306
488
130
169
395
215
123
125
131
586
176
264
407
964
376
305
519
356
378
166
642
489
469
251
1703
736
2221
590
2664
916
143
196
614
263
344
356
345
832
203
619
358
359
364
365
428
371
372
374
376
380
381
603
471
483
591
601
611
617
707
644
1084
304
893
197
575
1029
377
197
473
797
2381
127
510
654
96
191
156
316
317
203
358
1094
548
1413
242
193
522
210
351
351
105
742
526
862
548
958
627
764
307
305
317
328
336
339
637
418
441
454
456
330
553
635
739
393
867
275
518
1005
1154
1187
306
662
407
362
399
193
384
142
215
1189
771
626
529
334
794
367
1152
389
505
370
347
359
374
402
332
489
513
515
518
521
530
595
597
633
1014
1030
734
1047
405
1080
749
1302
1225
1496
1821
1845
929
1871
891
472
403
859
486
573
128
131
176
206
793
799
319
472
467
476
585
588
250
1137
721
597
810
876
867
478
291
352
574
350
470
584
430
915
342
347
349
463
248
348
147
149
151
176
515
182
199
201
237
273
295
647
454
544
679
1194
1234
1331
722
603
576
135
349
622
1678
347
350
448
798
363
370
718
581
485
263
268
385
326
434
206
462
975
992
283
284
220
287
770
1091
362
390
393
470
479
487
901
510
571
618
922
681
724
445
794
597
321
263
263
267
270
276
344
349
351
359
285
512
422
443
508
672
762
383
539
2083
306
361
262
145
198
207
242
167
406
150
185
498
338
1661
315
316
424
621
307
316
516
524
526
734
849
144
356
247
1135
1224
95
164
839
262
203
177
422
165
175
206
230
232
373
703
446
500
387
164
417
727
283
747
313
313
522
898
754
409
838
352
515
349
685
356
365
482
347
350
352
394
840
332
703
966
196
170
509
134
149
172
173
175
182
183
532
189
215
321
379
292
553
595
605
906
765
855
910
938
751
263
406
826
321
443
309
411
264
240
554
98
220
124
420
767
1148
591
167
718
1237
843
1256
466
199
556
582
618
620
333
343
348
453
478
577
313
558
721
162
168
214
230
231
237
238
239
248
269
286
381
391
405
453
1205
530
544
550
1159
613
624
505
669
687
735
750
847
876
927
956
886
457
1168
1185
633
1480
1489
2221
503
896
1567
127
216
861
442
464
260
258
895
624
723
145
146
250
645
1007
523
378
147
880
231
383
256
476
278
152
2153
856
888
944
676
1296
327
756
688
881
479
130
899
181
320
283
288
465
537
539
383
635
844
348
669
592
407
1046
322
101
102
196
175
212
343
365
522
523
234
113
583
244
779
576
348
351
364
365
370
465
470
796
318
609
693
696
743
844
885
983
393
1116
368
1214
349
286
262
266
1041
513
831
850
851
903
532
307
312
409
118
161
447
266
135
104
260
936
151
152
307
296
302
336
338
1369
461
94
304
305
118
160
163
262
388
704
351
411
246
246
251
252
503
513
350
124
127
349
442
352
262
305
262
304
308
250
642
697
794
179
578
381
470
416
1233
710
836
442
397
265
269
273
625
125
618
224
597
177
316
319
225
492
230
937
792
270
286
264
166
293
640
721
537
806
262
305
503
973
417
593
201
401
335
250
383
307
1045
439
622
305
582
320
334
351
289
359
416
417
466
547
625
640
606
610
1423
1107
1299
418
1537
390
727
892
421
306
284
536
397
301
1038
319
322
432
300
542
536
261
280
386
1001
581
904
605
596
238
238
496
421
1042
2412
546
553
674
182
781
627
253
254
397
308
350
416
332
460
804
454
343
425
304
764
121
124
323
311
379
536
1181
849
409
896
409
267
196
327
203
560
169
776
215
217
1115
432
680
529
456
634
639
684
621
718
381
607
772
809
143
1011
507
1338
223
1566
655
1465
1259
374
360
305
305
242
432
866
656
205
910
378
383
209
212
442
512
318
432
629
587
1012
662
1053
1600
2037
1095
706
268
1138
1539
1285
761
614
490
244
298
357
357
213
3778
227
3406
297
873
581
373
7758
348
239
244
253
262
264
333
220
485
494
502
510
615
623
1692
296
760
780
829
843
831
1334
281
412
261
1366
120
637
778
423
262
401
581
407
241
243
254
255
650
521
197
749
764
285
620
170
412
517
809
544
822
274
340
218
626
516
307
1407
588
347
1157
168
1070
1202
668
469
322
326
319
534
549
244
659
355
757
447
644
1466
547
269
288
325
1278
592
384
469
658
167
842
659
391
539
210
210
1000
1205
697
579
584
474
216
130
1260
420
336
346
269
351
969
522
532
535
684
809
354
355
841
906
509
1023
388
393
1431
532
1511
1002
1097
1205
1400
1483
1524
379
511
1744
1820
2045
2599
1143
1162
31
358
67
117
478
3626
3606
2809
314
887
252
204
248
291
384
280
544
662
569
633
880
903
536
1075
1328
1292
1038
1519
494
3807
369
771
602
804
516
251
464
94
138
195
192
473
252
288
370
206
607
348
381
380
174
506
513
528
530
530
535
538
542
780
788
838
1138
1149
1156
1176
1192
1084
2221
691
1019
688
143
143
157
256
421
423
340
346
1495
487
392
1889
504
533
554
628
301
301
1054
634
1088
1137
685
341
1030
492
364
335
344
347
351
461
464
271
274
463
469
575
843
21340
1085
305
395
397
539
1775
1034
239
208
1074
239
437
250
302
265
449
545
628
639
884
357
583
521
539
471
411
593
652
784
412
331
555
566
892
1491
482
286
259
167
262
264
613
422
185
192
227
230
238
245
261
291
556
309
315
341
486
567
894
1053
423
338
321
642
546
418
726
981
248
251
244
960
504
337
680
203
514
271
407
313
314
315
355
524
308
355
262
948
730
284
452
342
346
506
270
449
454
818
282
290
464
723
650
765
177
166
172
227
288
621
350
361
517
413
27
686
64
71
75
828
278
341
425
441
843
537
645
701
359
721
301
306
308
917
701
973
480
352
354
286
412
444
263
267
346
427
433
447
448
452
344
591
356
758
261
596
1135
737
1303
591
400
239
391
360
202
132
188
291
227
357
421
567
556
724
752
333
658
2431
902
383
396
1079
516
469
547
641
484
786
820
375
393
403
965
1029
534
356
757
1189
1218
488
1255
1124
1533
1507
347
171
617
664
298
198
278
335
349
423
632
686
500
607
30
51
740
1514
145
109
267
511
306
633
126
302
650
1315
1051
242
257
325
487
256
199
679
142
155
161
300
256
266
269
280
285
174
369
555
574
476
342
544
577
585
611
655
807
447
517
304
743
1209
1784
354
355
589
714
702
690
521
719
569
318
584
850
512
353
351
514
715
147
914
194
603
355
129
124
720
507
1068
353
491
719
409
304
826
1072
552
499
331
331
414
576
476
355
459
460
594
688
1063
160
458
161
744
458
310
587
261
412
259
270
444
313
529
540
553
642
622
849
302
303
555
294
341
493
693
780
602
585
727
738
709
271
165
689
618
766
977
443
358
745
758
766
981
371
380
384
394
315
529
531
418
598
607
615
727
321
745
196
205
945
281
1044
1129
481
1324
1327
1395
774
411
417
464
636
352
387
475
479
482
510
738
739
805
876
911
931
677
1085
545
1218
331
332
334
450
516
171
234
1493
386
540
2100
292
151
417
764
322
166
171
342
1219
1451
344
700
225
166
469
520
161
128
130
208
220
224
414
421
758
630
347
955
444
260
266
268
282
288
291
370
354
464
523
577
651
363
373
747
917
946
1019
1050
1233
295
125
248
519
257
252
422
438
260
353
513
721
1046
814
584
937
346
75
344
345
348
36
72
240
97
460
115
580
388
785
468
515
341
344
678
679
689
556
827
1002
1297
713
554
1289
583
333
292
555
563
828
377
381
825
588
264
267
309
449
689
620
211
218
315
251
244
419
668
1028
866
313
1002
415
805
708
573
965
412
244
418
806
1057
557
1191
1354
638
459
462
257
175
240
1509
1223
901
463
467
488
497
1902
961
965
1116
317
317
328
329
368
369
371
1449
431
462
110
25
709
32
33
721
737
1646
803
826
185
1777
203
583
1018
1282
376
125
285
443
147
341
112
428
400
456
766
1009
911
246
248
330
21
47
1182
459
308
695
181
231
260
374
532
589
241
342
412
442
499
517
739
771
796
983
611
747
342
344
554
447
412
125
169
229
1197
314
839
585
188
321
107
157
229
290
314
246
397
507
815
662
778
811
1611
927
419
1012
402
125
713
901
602
714
699
820
325
1280
145
186
192
233
329
129
462
119
166
347
348
350
422
516
620
559
715
369
148
244
253
689
455
313
197
457
340
743
331
591
246
564
665
244
791
169
227
264
686
827
907
150
312
844
329
504
347
637
343
457
237
1047
809
322
412
314
132
638
593
340
323
354
355
1061
756
971
447
287
264
292
326
342
538
681
691
812
761
337
582
250
338
319
455
683
251
579
761
312
1406
337
1083
1361
112
341
245
591
1130
248
575
605
846
537
220
522
259
496
439
341
446
448
450
789
150
1027
122
541
206
209
282
291
174
458
395
248
281
248
256
271
637
335
425
588
616
647
747
846
875
1060
1465
943
447
608
645
501
1041
1051
1064
425
329
316
442
170
271
850
1201
974
206
596
119
119
823
340
809
336
165
447
316
746
456
429
557
691
1504
332
462
216
806
281
403
340
320
119
123
383
382
385
405
275
465
272
342
698
342
576
349
699
807
456
469
582
568
417
243
418
674
255
1059
388
810
407
412
196
486
251
313
133
137
171
178
421
213
238
246
263
290
750
317
379
329
629
594
439
167
134
143
145
146
150
161
165
153
171
188
189
218
219
227
301
309
356
390
394
309
493
1389
848
584
585
348
856
688
575
897
262
124
131
134
141
157
160
163
981
184
189
757
207
229
237
289
304
415
422
251
260
342
343
350
520
776
214
692
125
804
179
192
457
228
231
292
326
216
573
499
596
299
642
316
199
152
162
277
348
303
330
333
334
346
349
357
359
1704
548
627
660
736
740
252
746
774
778
787
816
827
140
141
888
198
543
1024
294
197
423
111
111
238
591
743
1219
597
131
179
602
219
179
183
260
950
237
295
300
219
345
441
416
799
1222
2153
1206
1981
176
328
450
428
1458
685
165
545
220
601
753
613
771
296
378
607
491
492
811
732
1328
775
789
791
136
136
151
155
192
391
399
285
1403
413
456
449
453
460
599
613
382
763
765
902
1077
1204
519
763
770
774
925
258
141
144
173
174
182
183
260
427
759
2286
1050
1088
206
160
535
232
821
224
124
543
124
577
578
582
455
442
592
596
576
576
263
724
354
922
469
347
360
367
370
371
449
497
602
702
705
736
751
1257
970
521
399
573
733
834
342
420
445
617
630
893
750
456
443
443
445
125
808
172
719
596
723
232
626
595
622
215
217
729
270
423
203
418
1039
383
613
199
169
269
170
177
179
233
373
705
1240
314
926
358
526
343
422
553
592
352
415
340
413
351
1371
221
180
232
352
124
126
339
143
237
829
386
287
423
447
345
470
1074
1416
357
344
272
639
365
269
283
308
324
325
329
341
361
370
373
398
398
413
417
419
491
514
520
523
537
558
601
623
645
670
685
718
729
772
840
866
885
901
933
940
951
996
1005
1050
1065
1073
1162
1193
1232
1263
1271
1277
914
1342
1382
1481
1643
1673
1684
1688
1748
1820
1297
1841
1875
1888
588
588
1966
191
735
223
2103
2113
2134
358
1693
570
2474
480
542
2711
755
266
822
457
1051
553
344
346
350
351
1046
1220
934
2822
340
350
702
79
87
1194
225
167
348
144
155
213
248
309
310
160
160
901
274
745
353
143
488
224
229
402
262
445
511
170
364
371
456
465
555
628
308
834
244
421
427
428
181
149
637
189
249
906
484
849
512
355
462
263
131
154
199
200
250
330
463
1523
342
961
447
560
358
123
630
139
140
142
143
203
206
267
307
354
613
146
150
203
207
262
504
247
443
249
623
504
516
304
413
445
196
620
197
124
313
511
304
333
340
203
204
951
286
284
1331
1467
262
351
263
196
623
304
166
167
693
343
253
526
146
156
214
261
564
354
1544
485
167
192
159
167
795
217
260
261
326
286
125
124
286
289
345
223
281
353
365
654
769
821
825
129
147
1197
301
310
319
320
322
330
482
486
747
878
1125
1133
1335
1357
1392
1431
874
1734
1929
2026
484
491
329
839
1421
192
135
168
336
319
4592
454
291
341
416
595
9683
858
316
169
97
197
458
297
227
145
246
458
242
283
103
111
133
346
155
359
421
217
355
182
192
229
237
248
301
340
361
473
533
966
807
215
98
477
861
161
989
265
267
280
281
284
288
295
167
382
382
291
569
631
660
465
832
856
443
500
336
340
341
346
372
379
380
381
382
389
395
408
408
410
411
300
303
418
430
442
449
453
462
466
471
474
476
516
519
536
537
560
574
584
616
624
631
648
657
662
698
601
629
801
829
847
929
931
963
964
974
1149
1163
1170
1067
1185
1201
1401
1524
1682
1715
1718
1735
1778
1801
1814
1850
2049
726
2165
394
166
166
98
101
755
283
316
881
55
35
40
45
340
355
456
463
470
583
589
595
806
541
619
537
517
626
735
168
95
100
101
105
108
112
111
278
279
247
383
328
455
371
480
521
867
463
346
350
269
270
294
297
359
366
465
375
391
400
459
468
479
573
663
874
1006
293
1058
715
266
347
353
464
467
170
125
126
703
346
317
621
319
532
422
434
239
527
318
327
742
326
433
434
437
151
555
952
976
1008
427
221
292
1778
843
975
989
1003
875
573
304
306
323
409
413
523
528
535
535
341
225
180
167
3480
171
172
174
182
186
230
237
279
287
300
105
396
419
1170
348
344
1158
265
268
586
352
364
454
459
461
469
486
499
612
618
861
182
1101
125
1198
1219
402
407
234
95
322
168
251
253
257
126
331
535
409
415
216
437
488
128
137
213
265
671
686
450
471
587
65
36
119
120
226
254
452
321
265
198
495
538
328
332
333
334
337
95
95
98
99
102
343
588
826
1130
128
125
425
566
291
698
982
296
301
213
129
130
174
216
319
32
36
36
37
243
192
575
191
250
573
576
584
838
263
262
412
265
103
107
113
116
132
173
201
205
206
353
373
393
158
331
442
748
413
253
1113
479
949
583
342
309
1035
315
1475
264
322
422
553
555
705
1699
216
109
421
568
1343
385
389
399
402
893
416
912
915
493
494
498
516
617
622
630
635
788
791
914
1586
185
299
421
6541
293
201
122
122
453
595
605
774
468
1213
348
349
1388
1391
574
1734
617
327
473
894
418
1346
412
1204
332
280
340
364
450
462
602
813
920
1093
1108
1796
407
567
440
701
410
557
348
354
788
311
793
428
428
597
525
529
538
708
722
238
243
325
599
407
368
481
505
625
491
724
737
880
351
317
318
319
327
332
410
183
424
1117
305
549
607
801
625
635
859
884
922
948
353
359
361
587
462
464
467
479
698
1045
1042
462
576
832
584
500
396
1312
334
289
557
252
493
725
415
690
197
560
178
570
176
159
118
161
167
413
69
55
59
60
61
65
68
69
89
406
97
149
231
787
307
527
646
505
2193
340
1047
196
201
339
352
293
121
217
982
1401
295
127
136
286
167
173
173
186
200
237
276
326
344
372
294
384
392
398
490
238
600
325
518
305
586
466
1679
1029
630
416
417
433
574
237
587
710
1036
294
730
1131
1149
657
1465
169
662
99
128
176
775
202
978
437
415
776
1113
712
63
31
32
34
35
492
493
442
612
762
687
140
759
341
1727
1011
971
164
125
125
233
906
326
217
243
218
418
566
571
680
407
588
285
392
123
414
513
896
238
324
929
84
59
66
485
683
831
346
407
1194
422
205
271
413
416
417
418
695
716
844
1268
412
385
200
204
272
401
554
457
703
595
263
358
445
442
523
345
167
128
134
183
192
225
319
322
494
67
55
204
524
341
348
822
1053
490
278
409
345
455
345
479
578
851
291
485
800
463
347
591
442
552
833
407
270
306
273
277
596
293
1070
450
409
169
400
744
481
749
292
1053
683
783
443
745
163
95
104
110
129
131
186
356
471
209
344
271
284
369
473
705
733
620
260
344
950
743
908
522
443
450
453
454
516
599
609
755
306
425
346
519
523
1053
1390
841
949
505
390
507
644
664
918
306
1907
299
300
383
386
501
694
201
826
861
939
227
1130
363
177
204
207
261
306
517
420
436
701
988
287
293
495
683
695
328
553
624
277
490
361
449
463
545
901
484
378
944
376
349
585
589
260
432
377
442
754
445
455
459
467
751
778
794
481
905
927
1076
1098
1359
1398
347
349
350
203
711
523
631
264
343
359
531
540
802
159
299
201
486
170
203
253
205
286
263
353
275
277
359
796
470
841
162
120
131
166
257
399
406
721
480
718
742
1101
443
690
463
748
1058
837
474
479
594
830
837
722
1580
1017
245
413
639
1068
853
340
348
442
580
591
633
474
263
264
269
362
352
447
305
473
527
529
358
971
209
498
260
635
491
550
332
582
345
702
256
347
589
819
827
839
308
309
1420
351
357
473
592
825
965
702
349
820
1062
346
329
438
511
307
839
518
407
829
313
627
304
304
345
344
554
446
515
142
423
426
637
450
304
413
821
1180
617
353
357
361
477
830
600
592
263
707
628
612
355
749
757
777
909
724
1066
514
346
811
262
266
451
629
954
583
469
471
585
448
170
343
203
212
414
414
331
441
442
458
538
560
990
1034
550
313
413
414
416
420
439
636
640
659
761
1081
265
262
265
265
446
442
449
749
750
704
463
764
582
892
454
347
954
1062
664
327
716
267
541
350
825
376
375
283
182
194
215
274
281
325
330
401
416
452
500
502
551
556
660
592
718
741
876
510
1078
1081
526
635
644
1398
2331
556
335
333
339
348
456
700
833
846
685
1285
446
592
703
585
414
207
210
346
420
619
304
285
907
291
272
273
376
432
434
743
563
583
893
1606
1341
1533
1550
744
726
306
312
523
344
245
2947
304
143
313
278
307
557
598
625
675
741
582
746
209
1312
154
154
157
199
170
742
904
912
237
309
312
406
534
797
143
153
242
249
409
485
196
196
309
304
309
145
350
688
620
455
248
413
823
242
242
327
829
305
657
664
269
306
108
331
707
202
249
260
260
723
422
618
505
689
746
1083
353
487
443
444
445
451
347
205
243
754
414
1199
229
114
1050
720
1049
512
306
1056
504
587
244
238
94
957
593
95
239
717
319
319
406
573
409
516
195
446
145
446
107
116
150
356
195
264
513
110
377
109
148
156
315
335
336
342
348
328
416
345
464
385
572
575
636
649
781
782
868
1091
1534
599
2054
222
832
390
1043
315
328
365
328
821
239
187
1286
346
349
1064
292
191
164
202
347
202
413
266
468
476
270
324
1578
316
113
114
191
260
235
97
135
348
733
309
586
591
410
512
692
341
203
208
702
273
984
722
933
445
328
896
446
749
754
306
309
1044
706
692
385
157
190
268
474
332
337
423
504
543
697
818
352
828
197
220
226
228
268
429
363
379
528
540
495
497
517
604
680
902
216
214
276
514
297
245
338
169
170
111
117
121
213
220
156
162
271
273
209
292
332
301
302
595
285
300
399
402
488
595
611
686
815
272
164
276
402
434
460
474
223
166
466
95
94
953
319
325
327
340
344
358
359
359
364
376
423
517
531
535
540
540
553
593
620
702
756
772
787
802
819
875
983
1005
1016
1106
1211
1374
1484
347
286
391
164
190
154
294
304
310
319
327
341
224
160
169
225
226
334
193
464
159
160
167
176
180
183
190
261
273
292
306
328
330
346
365
419
434
554
260
107
269
284
357
408
384
516
389
354
260
342
476
406
191
411
346
1046
516
410
282
163
1171
332
582
346
445
262
665
95
142
1173
592
386
215
417
288
470
244
598
485
504
590
701
551
1854
1119
1063
355
304
306
309
414
261
212
458
215
349
731
1298
463
466
829
670
257
258
330
348
351
338
353
422
515
585
827
355
354
822
347
600
718
353
207
211
271
362
1502
538
263
350
587
777
256
259
262
269
270
333
354
422
444
517
278
777
299
989
485
663
184
112
486
192
445
263
263
350
291
301
309
321
321
189
197
213
220
231
236
249
252
257
263
465
274
277
352
295
296
302
303
372
338
342
349
576
432
503
641
496
603
786
553
634
568
569
630
644
668
916
825
1165
1046
632
1233
1310
1568
1659
1447
1085
1170
1176
2582
2724
2711
3306
428
3366
3421
294
3521
266
269
354
362
3690
490
328
580
552
249
383
978
241
250
94
305
344
355
903
939
217
309
631
1044
636
937
664
413
184
1079
249
265
198
412
2107
221
724
168
305
191
145
147
151
152
194
167
346
530
343
350
536
317
319
324
330
342
342
347
478
539
542
549
567
587
668
690
697
1039
1307
516
305
638
146
246
242
150
158
163
172
174
206
220
224
257
262
279
390
668
693
260
168
220
412
246
331
415
705
348
624
268
356
706
817
585
280
709
592
220
703
527
125
124
126
215
444
99
269
94
362
543
823
727
308
735
583
355
467
470
307
97
346
353
705
463
330
422
464
943
365
423
500
345
354
363
374
375
393
395
400
430
476
481
488
495
496
498
555
566
571
602
607
612
623
639
749
766
790
525
855
906
911
651
937
1020
1059
1271
1198
57
29
3155
85
3257
1568
303
310
398
425
498
504
531
2777
617
161
182
208
266
266
286
295
330
949
991
478
1099
706
828
584
58
22
247
330
439
329
782
834
513
519
743
447
747
210
1404
211
214
271
314
351
423
412
604
616
307
308
321
682
438
543
927
657
1007
239
750
404
175
191
192
193
244
248
259
283
290
294
298
367
437
572
269
204
1046
412
515
306
330
248
413
170
131
399
1354
620
305
170
231
94
576
261
266
350
461
231
811
601
388
1418
300
520
111
471
106
118
152
154
183
307
424
321
965
446
297
420
144
147
245
245
359
488
405
1365
322
347
23
40
46
592
302
738
591
143
246
324
588
124
172
248
1042
239
345
465
577
107
119
123
167
348
554
425
1313
308
426
708
854
424
164
252
334
592
455
238
303
467
342
346
348
571
470
708
832
731
821
1173
759
352
319
350
657
237
132
197
400
701
241
1182
249
260
265
265
266
280
281
333
914
428
553
694
702
723
733
1311
865
1014
247
409
306
316
300
422
155
156
174
204
218
222
228
234
235
239
246
247
251
261
264
323
363
386
890
398
400
432
437
508
535
571
637
654
681
739
1246
874
956
1031
1075
1101
744
1807
553
638
1258
1091
304
811
889
904
242
305
525
729
873
292
398
701
263
271
275
448
459
462
917
412
532
320
411
316
319
324
414
348
584
411
246
248
334
764
522
266
434
465
536
541
618
1131
460
489
247
248
249
760
107
598
206
696
537
1450
1540
631
1131
736
1023
373
199
213
256
363
372
519
535
841
549
582
626
653
705
916
932
937
2869
982
1185
129
97
274
972
415
736
702
310
318
320
323
327
421
523
1013
1443
1678
187
106
455
426
340
351
352
624
582
589
331
332
264
692
433
539
349
1313
314
315
317
331
445
780
543
558
817
654
318
990
535
349
244
346
259
346
357
636
263
254
209
295
300
399
412
414
550
1413
411
414
909
382
257
257
2130
297
352
357
358
360
371
378
391
396
197
523
659
744
751
855
1007
1059
1116
1184
1210
1420
1543
226
167
228
419
347
640
2815
563
259
693
598
350
461
644
1141
343
337
507
516
937
629
654
507
923
298
949
270
548
1854
560
580
582
385
526
755
442
444
1008
1021
1044
568
591
1166
503
759
698
719
720
673
959
446
451
461
1115
594
750
716
769
900
930
341
320
172
175
185
295
328
332
531
369
278
506
671
200
757
1705
335
407
250
303
305
536
410
413
533
267
271
283
287
290
295
298
369
492
863
543
551
985
700
707
750
799
855
394
167
490
527
1297
274
277
295
356
367
394
668
1650
676
687
694
705
730
829
842
1004
1057
838
250
254
255
344
347
523
794
232
108
122
138
598
150
163
166
191
233
246
313
314
337
408
452
1345
302
170
222
173
177
184
194
231
252
255
404
419
419
637
408
400
313
226
316
259
115
116
1223
1300
599
187
709
308
1983
1402
304
521
355
777
408
420
427
830
6692
318
802
124
125
184
944
306
370
337
250
428
440
688
192
142
195
242
143
776
412
425
430
895
1183
168
354
337
170
128
168
424
243
577
749
238
242
574
576
124
125
219
360
126
129
130
393
487
182
203
292
399
399
507
525
916
940
1089
214
124
216
185
111
116
118
120
121
124
199
161
190
119
142
266
438
304
745
143
106
113
114
120
444
445
185
195
227
1050
324
323
413
1054
743
472
913
835
963
285
167
169
571
238
239
405
576
130
102
104
112
115
173
224
234
593
180
1010
323
308
316
319
412
627
722
845
518
277
175
617
295
143
271
130
130
307
233
124
409
743
745
747
760
1064
416
583
98
98
265
455
340
166
127
134
580
589
273
464
346
1412
312
315
737
714
359
363
475
612
722
419
311
343
530
262
747
436
648
804
1097
511
304
619
342
262
343
612
631
635
889
121
123
713
362
356
497
185
863
888
1082
1109
965
316
409
315
410
413
526
177
946
265
350
757
818
801
812
418
737
409
316
432
409
317
318
524
690
577
1057
457
578
586
355
349
98
577
588
602
134
849
819
1050
1213
586
346
1475
284
206
466
602
622
229
648
657
937
761
1038
868
885
283
300
340
1321
1405
190
529
435
542
754
343
644
780
882
66
23
84
224
187
202
357
204
1601
443
1060
696
801
909
914
583
956
124
178
259
449
346
297
142
394
466
1294
402
22
144
23
238
194
319
595
820
317
323
324
346
764
969
1196
588
347
318
320
213
590
124
443
451
307
222
310
1505
238
408
341
142
143
257
261
402
646
622
518
1301
885
853
2514
341
513
362
261
817
183
589
261
212
168
173
433
305
402
413
322
174
427
522
597
608
616
340
709
1330
353
766
1846
647
175
441
474
405
407
408
657
265
607
904
517
5994
702
200
235
236
237
274
283
173
333
337
350
374
398
414
434
443
541
573
444
688
737
1074
816
1668
1683
1057
305
514
345
466
31
21
239
241
325
341
125
175
343
218
268
461
467
699
712
1154
348
435
131
131
167
286
806
489
343
456
787
591
597
689
746
346
347
355
471
585
1207
1442
24
194
195
189
94
33
39
45
72
175
215
23
27
896
442
23
33
34
36
72
92
238
365
366
435
357
456
343
349
353
368
371
457
338
583
593
612
619
106
637
719
95
95
107
120
131
164
816
235
302
275
914
918
409
414
491
527
618
1430
593
1057
1351
352
456
354
360
476
463
724
475
1206
592
356
365
478
480
484
487
489
596
757
1577
442
63
42
46
47
62
84
97
119
138
155
197
208
209
217
235
341
353
818
593
431
591
875
446
447
594
600
354
477
594
349
714
615
745
981
1088
902
643
382
472
337
477
746
592
250
149
158
162
198
207
211
212
246
269
351
896
442
591
597
864
762
918
264
337
1212
255
256
971
992
305
407
749
451
465
471
472
475
639
652
653
657
879
919
1154
1647
1833
2492
2611
2744
2815
3116
410
7942
257
257
320
340
353
357
435
572
579
605
796
795
933
1726
420
695
839
442
305
1042
1282
601
79
36
750
732
747
1880
850
587
706
833
1190
262
263
268
895
447
591
630
447
1533
1523
895
445
1043
619
356
438
305
262
1006
598
306
254
259
349
430
431
515
708
263
269
353
371
962
640
350
656
368
486
488
1238
645
980
1089
696
415
416
418
693
262
442
215
115
112
310
329
555
42
35
39
39
92
113
116
120
143
191
320
387
453
1225
834
125
128
321
625
216
130
142
150
153
154
156
158
159
173
182
207
236
247
274
290
311
319
377
403
453
459
474
474
483
514
548
575
644
400
681
782
926
996
441
1211
1079
796
728
252
1054
267
280
435
360
453
527
447
554
564
580
732
823
408
1163
144
571
343
347
583
270
203
322
209
214
217
274
282
417
497
690
854
598
252
1309
384
587
465
467
819
351
357
357
604
708
1107
587
1653
365
720
214
170
206
210
459
838
826
958
1262
412
920
712
147
162
309
1305
1415
420
197
144
145
150
161
208
245
312
676
443
572
444
453
455
405
1071
1446
1573
294
389
308
706
720
894
414
826
490
408
1083
384
287
289
290
724
308
513
247
249
513
306
1067
346
367
168
302
622
295
147
207
251
514
359
953
124
129
168
172
321
239
363
128
328
415
128
95
104
167
168
238
95
493
248
248
250
674
379
708
215
211
125
124
325
363
147
975
190
582
701
842
156
304
149
112
596
395
898
196
112
195
1053
443
347
346
356
467
117
473
476
707
239
962
467
346
350
468
472
1476
129
94
174
365
490
321
467
522
593
691
1371
1643
869
1499
533
1365
442
125
897
258
521
897
788
317
141
150
227
245
289
1699
1140
573
417
556
347
226
255
124
438
306
401
245
246
249
500
264
682
737
273
443
336
442
428
510
1368
744
215
443
444
166
263
96
102
167
321
443
609
903
694
307
128
212
138
138
101
110
166
435
504
404
1011
319
329
331
760
766
574
125
408
217
472
403
473
587
858
594
833
562
697
700
345
513
361
342
129
184
419
327
380
247
248
250
443
374
1318
241
804
395
468
475
269
1042
443
695
541
307
169
321
241
414
734
241
401
255
155
257
388
654
291
382
327
595
1282
448
134
135
243
264
261
268
447
833
842
939
662
523
167
686
345
256
517
781
608
328
330
250
337
754
408
661
671
790
535
2816
490
1200
418
986
1894
419
555
564
578
703
854
995
1162
426
1290
1433
307
324
407
431
433
529
854
873
1265
300
214
221
343
107
717
357
596
592
42
34
35
51
82
100
847
125
212
221
274
592
1059
244
109
45
44
58
70
74
82
82
98
107
146
169
190
197
200
206
235
300
312
331
370
385
128
234
129
95
500
227
174
176
416
402
240
332
490
519
597
599
417
938
417
428
430
448
451
566
695
751
846
870
896
1020
1052
1134
1135
1292
1452
317
254
317
86
155
604
238
33
32
129
196
332
335
377
184
323
839
331
412
414
486
896
447
249
107
184
261
1201
125
135
155
168
191
212
218
239
266
329
330
348
380
499
262
268
627
474
475
840
412
592
743
170
130
447
262
449
262
443
266
351
442
451
451
455
278
760
923
212
216
218
282
1052
349
1212
847
357
698
413
419
554
558
1090
447
443
599
910
265
1683
635
286
225
347
342
224
108
317
533
355
701
1259
216
412
170
125
552
558
786
1768
767
444
262
354
415
281
262
350
413
624
358
446
353
756
829
225
345
401
201
470
1013
1134
197
124
107
111
184
189
468
242
255
300
403
414
367
211
280
283
422
426
286
225
591
1050
167
126
135
169
219
228
315
900
894
264
186
232
185
251
692
425
412
254
980
481
208
222
294
341
418
439
455
500
527
573
1027
1134
444
72
386
112
114
121
147
155
175
184
238
251
352
262
271
355
553
107
54
119
328
908
6312
224
51
238
699
259
508
1417
1445
905
1786
272
277
416
413
596
611
548
1061
332
333
445
546
196
118
453
193
17928
378
380
632
904
167
129
135
140
141
239
359
441
639
443
447
287
166
170
172
173
346
474
202
203
417
434
506
645
352
261
714
346
202
203
203
416
226
166
169
171
177
347
518
527
571
1053
442
448
451
95
94
895
97
103
106
131
170
337
1200
345
436
618
309
313
415
212
218
186
253
442
413
454
456
457
458
461
466
835
613
751
755
898
1370
351
612
345
265
345
351
448
632
546
892
388
909
1169
1636
342
446
256
