Waf: Entering directory `/home/flaviojr123/reproduce-red/build'
Waf: Leaving directory `/home/flaviojr123/reproduce-red/build'
Build commands will be stored in build/compile_commands.json
'build' finished successfully (0.613s)
Load generated: 823205 bps
Number of response times recorded: 17081
97
113
246
194
120
187
266
178
217
173
395
354
224
211
282
235
479
493
545
569
520
323
384
446
363
368
345
454
518
473
403
422
561
591
568
585
680
478
519
524
939
1092
722
917
1147
869
866
1150
1089
917
722
835
765
671
771
1125
792
458
1158
770
579
892
1532
708
764
444
708
1085
269
794
845
410
1732
577
934
389
810
550
1837
453
1081
808
575
1156
1079
689
677
757
1914
1705
2134
537
662
1118
784
773
634
2216
658
1963
707
2366
1004
1935
1273
2286
941
2374
2231
2544
2128
2270
794
764
2854
891
663
2319
1005
1024
1016
2234
1966
653
2082
690
764
1505
2641
808
1361
1933
2613
829
2065
968
2271
885
3248
1918
580
3189
2831
930
1374
723
691
426
2535
1906
944
813
733
2639
793
2245
1081
3115
3517
488
491
2635
2185
531
583
591
2793
3428
2182
639
3554
848
2122
2246
2262
935
2181
2372
706
709
715
718
2427
544
544
2379
547
569
3647
656
3295
1943
539
3347
3900
3068
1082
832
518
526
3794
3026
844
799
2178
2029
2464
2454
2483
4004
531
2688
532
4193
476
819
3461
603
3611
1000
590
638
4802
2666
4161
628
2781
2658
4492
3922
2097
1935
628
3699
676
431
3674
465
1902
395
4448
312
315
4551
4278
2370
757
3585
615
946
2399
4844
1848
2416
3972
1007
1110
2234
5063
706
1302
2872
1637
4142
668
2667
4498
2775
3864
2705
2106
5560
3838
2601
2889
2412
2756
4419
2414
5063
5906
5630
3105
4538
2050
5580
2382
672
1986
1070
1752
2629
6148
4012
5177
3919
4674
4440
5050
801
4672
3187
376
1598
663
2483
3629
3467
3510
788
3672
411
927
1126
1893
4871
2708
891
3761
4470
3708
1894
3768
5964
6061
3942
5026
2649
608
3356
4227
4019
3629
1045
2079
3694
2485
6820
2962
2400
2534
7176
4067
4072
4047
4201
6637
4039
541
485
2615
5533
5670
2298
3471
6354
4113
2318
3687
2048
4098
714
3985
3683
3669
2750
2940
3090
3791
7325
3901
3974
3986
3609
4922
5726
8152
3361
2929
5280
3379
5996
7523
2992
2810
6193
5198
951
5355
4877
6771
5016
2432
676
2650
2358
2606
6628
8166
600
6622
3038
4127
5574
1846
5734
7113
4823
2390
1796
4032
2871
807
5844
794
6332
5699
3400
4396
582
5648
5013
2599
6779
766
2567
4567
4027
3415
6877
7742
5359
4114
3713
2436
2623
5793
2673
4800
3948
3951
5480
4998
5805
2467
6932
5475
5693
4427
6746
9848
5678
6660
4770
9021
5560
2488
4359
5793
900
5059
6956
5692
4288
9775
2879
1806
6963
3828
2243
4015
3721
6252
9413
5596
5110
7811
8685
5605
9540
3725
3676
9867
6581
3736
9623
2025
10106
4270
2593
9748
4818
7963
8055
5613
10044
5822
775
10633
5835
3583
4102
8796
6742
5497
9662
9331
5846
2671
4108
2170
4072
5719
5921
1024
2686
3573
2866
8024
2109
8833
7152
8383
5119
6864
7133
5431
8434
7515
8610
6083
1234
4112
6596
8265
6717
3627
2517
2621
2247
3949
10143
3928
5728
5274
5120
1182
7123
5921
6884
8755
2656
11167
3789
3835
9905
5699
7717
5289
4824
6159
7169
11866
4136
11399
5761
8037
8016
4112
9689
9467
5756
6627
902
5686
2804
5606
3535
3459
8104
6745
7003
3595
4195
3730
6706
11322
7374
3074
6999
5775
11726
12232
6594
12344
6848
8144
8175
5193
4829
6608
5655
10088
4118
5617
10205
8411
6454
7088
10291
6757
11141
5864
11174
2671
10482
9841
9116
7094
9255
4887
5975
3859
4125
10015
7001
9709
5567
2422
5437
823
9470
7241
4783
5642
2731
8086
4467
8448
4540
4060
6714
4171
2592
8816
5782
9194
7831
5328
3691
8192
9313
9897
10674
8600
9912
2852
8115
3823
4957
5837
8653
2086
9612
3961
9454
663
2940
3979
6444
8409
5696
2625
8469
4689
9612
6042
2614
14019
4038
2757
2574
9861
778
5894
6328
8720
7617
6822
9488
8486
4300
11126
5441
3105
7778
12773
11797
10927
8747
3609
5616
11715
3714
2828
1056
13185
5491
12833
13619
6070
6575
6824
9099
9574
9449
11925
11830
3567
3136
15226
7112
4499
6730
9262
5845
4232
8483
7145
14830
10190
5863
2660
7972
3943
8551
2615
11504
3834
6377
3297
14829
7468
9548
11669
10362
3999
7911
7393
6210
12859
6658
3905
7599
5747
11053
9678
11065
10796
13082
11714
5800
11798
2674
10262
15017
10818
14903
2590
4255
11822
2443
12623
5692
2698
9747
2977
8743
14518
10788
10863
2837
14801
2795
2811
7270
2822
7095
11657
3293
12631
3986
10062
8599
8662
5430
7605
3552
4056
5436
13966
5939
1764
8340
9072
12009
4076
11664
11665
10140
13436
9252
10139
10139
8849
8404
7079
10275
4645
9767
3840
9073
5663
8463
14744
12189
5843
8178
3897
15612
3902
4080
10109
9336
11374
4026
8913
3718
8255
6770
11897
8301
3858
6683
14347
10851
11588
12756
5952
12450
17814
11126
9872
7907
8791
15807
14222
5807
12728
15223
5365
6932
5696
15277
13459
13139
10335
16256
10407
9149
7470
2762
11372
8352
9086
15572
14533
7200
3820
724
6747
15509
14819
7237
11448
14566
14890
12490
13667
12811
6011
9275
13085
14114
14920
10005
6997
11593
11162
11453
5619
1246
14848
10970
8629
5127
15959
13189
9874
13370
16715
15841
9700
9194
14542
11528
2664
14358
15052
6680
13871
11370
13109
14083
9985
12483
13197
7678
14689
798
5864
8707
11280
6909
4875
3887
8010
5013
899
10721
13189
5985
3964
14483
11570
14205
7016
14209
4566
1974
9717
9072
9727
14891
8660
11989
16068
9973
2835
6704
14970
5972
14923
15659
12016
3238
14732
9114
10887
12579
6763
8964
4819
12548
17806
1201
12881
8493
13064
6942
9999
6936
16318
7465
7019
7600
9101
17055
12659
11309
12761
7112
7312
9282
3861
16848
14440
4919
9175
7945
9795
3021
16296
4199
12605
13946
7407
16822
14626
7230
11773
15057
17739
4229
20522
9609
10445
11188
7254
11935
4602
12316
12991
10662
9605
9385
15991
7018
4285
3832
9166
895
6358
8175
15167
17214
4710
9760
9684
7695
6378
16659
16129
16038
3961
19155
11710
6869
18677
5565
15073
15089
15628
17639
11378
16431
2963
8647
11912
6906
12074
11596
8828
9345
8587
19335
4052
14757
3880
13174
13751
14699
20548
11796
13450
14553
10020
9901
4182
21637
10764
16052
4316
13668
10086
13626
7366
15098
9778
2958
5685
10043
7628
10669
2804
16548
13402
14347
15437
13304
16011
2700
2825
5716
16043
14761
17918
13659
21790
5778
18067
9842
17844
23476
10554
15349
9779
12090
6833
14530
13038
11334
18918
21854
6637
14892
22851
7247
14856
11383
19315
20339
16029
3937
3706
8219
15026
15221
17027
14615
23595
15149
8920
21532
19169
6432
20192
1208
19271
6381
15315
20953
15368
9288
6021
19326
11542
8002
7274
19096
17746
7321
24229
11598
13179
6704
22071
4012
22033
10771
19572
17247
15951
12383
1075
9849
5791
9943
12298
13934
11683
22068
21643
14116
25180
10020
10984
21349
12179
3102
23101
5827
17545
14736
17351
13458
9703
12700
25560
5992
6054
6738
23579
12566
12800
22269
17992
2700
25733
18233
15834
12781
18835
14038
16914
21135
7662
17525
14869
5665
22254
17573
24705
5650
17322
22186
13177
8956
21995
7440
11852
9918
1041
18918
20366
2088
17597
12945
16210
23843
12993
17840
19001
6725
3324
24522
13573
16778
22860
13637
23024
17753
17342
25316
8118
23477
19196
18526
13786
19221
8696
3008
912
25413
26412
20332
1527
24131
20066
6547
2521
25422
26790
21795
25739
18282
24627
12158
5736
15933
9942
6995
24868
4869
20369
20738
15153
5428
27228
19096
20887
25135
4539
24411
27528
9846
16069
14916
2909
2911
7052
25415
15249
14844
15686
17840
11797
14968
18820
4007
8640
10857
25933
20481
11394
15831
7312
22497
4320
2630
1019
3833
4338
11240
18379
23864
633
3108
3362
23771
12253
7778
15193
20894
25585
5832
23785
2537
2544
22144
14863
3838
12978
24188
4477
5697
6259
21319
21416
5955
14099
21689
10712
20425
11753
2948
18028
11430
20404
1094
27083
21714
14246
16968
14313
6326
5800
11222
9000
27061
21466
18380
11546
12589
10681
3010
25160
7820
13772
19618
6925
11739
9953
27795
6984
17752
17932
8061
17240
19946
11558
11476
19101
23848
20133
21525
30957
23917
11504
16110
20793
19644
11826
4288
14467
30577
25886
6843
18338
4739
4204
12040
6855
30130
30838
28315
22145
14223
2914
9933
13315
13030
22292
14423
16090
26089
2788
20990
8871
31163
19051
10296
17697
9816
6058
1029
757
22850
11191
16489
20149
30091
15566
28254
24198
27696
5857
11480
4347
13556
816
8836
25007
26948
24893
4318
23640
27142
19824
23097
3752
18037
18279
4174
29687
28802
30944
29429
7423
23185
25227
3799
31523
29403
31213
7087
11971
5879
6275
16892
22125
17780
13739
25622
16167
7369
5920
25941
29352
30640
14569
25579
8241
18333
3197
32244
24191
11693
9922
12788
18937
25542
24270
13019
25003
6919
5331
8323
21899
6016
994
24673
7313
20945
6970
4208
31096
5959
20686
25748
2137
5992
8229
8461
30127
1000
32804
5743
6923
33029
10281
1393
20669
2921
5995
23893
23808
2853
10927
6817
14676
17855
10165
22532
4057
12653
18051
2883
30780
13490
22880
30100
26747
4260
35011
24702
11010
22037
7519
30975
2841
9501
24016
25736
31057
9994
35291
17885
21414
10461
18014
26842
26805
18209
2864
2867
26812
19672
2107
9433
16387
17739
15004
30449
23381
20800
31874
11922
7238
17660
5951
4036
10277
29937
30706
22282
33967
25797
15063
30457
35018
30133
18597
17942
22245
12136
9971
9977
8942
32202
22887
3151
23154
17143
30874
27982
19350
35538
33618
4325
2176
6875
2187
2331
33670
15140
12585
20610
35448
31222
1256
29052
5906
22685
25386
13464
20974
15398
1291
23924
12985
5721
5248
32197
21357
26209
11841
27183
23813
23822
9980
28634
7011
1979
21159
17960
28325
5979
15977
34432
6337
14245
27635
13369
10523
10569
14549
845
31784
9250
25600
25358
5855
7730
8750
27968
27987
2325
4633
25926
9316
32205
30349
6138
27152
6007
7767
33867
31042
11508
25939
26777
7021
34023
32568
2921
3000
28806
24087
29618
28057
16338
19391
34714
12040
20338
36347
32368
11630
2196
7043
20741
16083
6192
19309
2863
26055
20862
19715
28006
30067
25022
11285
12976
5895
9665
13822
20955
15790
11484
39184
1135
13234
15265
28839
14114
20339
19441
21726
12137
3994
33540
5824
32664
26848
14378
4153
5875
7101
10046
7771
35468
924
6874
6359
23791
3777
35985
7173
4200
26725
7449
34517
29188
11110
35563
26967
17909
3503
14839
8179
32937
7459
13001
7002
10335
10944
3044
36163
19650
36143
34862
34210
7878
31753
35846
3917
3918
12809
5292
4148
29789
4278
32128
26930
7173
14934
38134
7176
26843
9733
9100
1032
2852
32125
16168
9139
15134
7777
30163
26093
11453
34856
947
21624
38230
13802
6926
5849
25094
5110
4699
29122
38580
13075
5858
1994
9402
21789
37327
31975
836
9772
9954
3570
4755
34360
40153
23404
13510
32344
3513
9767
3555
32082
941
600
29808
11475
20853
12711
5927
6709
18899
9258
6780
10303
12309
33911
39912
12241
8915
31736
2892
2329
39331
7089
12106
18322
41503
30334
33469
14308
23155
14310
12942
2312
23454
17869
8790
7471
15917
31470
4340
13006
29109
16493
3004
6415
7623
16104
8868
5907
38498
11364
11366
16011
37769
43126
2357
6778
5259
6810
16627
35689
23904
31684
41791
31361
17964
16372
39385
5356
5079
12026
21909
34620
33433
2713
2817
5879
8325
8330
3906
6928
32062
28875
9767
22042
37469
28050
33655
39909
10994
18835
29806
17988
39985
10535
33061
12199
7756
32206
3937
3939
24770
43791
2244
18717
20336
26310
9626
9241
4237
17817
24239
38800
36323
5527
26585
17804
12219
13186
8093
3857
12749
13033
41153
8300
23291
3317
2703
21940
7003
4082
2832
34641
7018
37437
8598
3139
25831
2465
23680
39231
13242
5959
18195
40625
9053
10219
7306
42319
724
10256
39063
27531
10297
2443
21047
7383
25093
5636
3885
18219
36835
36055
13223
43043
4285
24905
33020
9787
38110
958
3936
12822
34782
19947
44075
4287
5796
40448
12579
4591
5889
2690
22371
27425
14467
36721
3844
21081
34033
5407
38929
3960
36579
38248
3876
3996
9866
6410
12937
7567
21711
38246
2923
10165
24940
4790
43020
18602
32856
17572
11552
8817
5297
10597
4357
34501
5063
34988
16542
6934
40253
25140
34072
8031
43270
21379
845
6623
37159
6094
25756
6826
21058
4061
22258
20935
17359
6922
38117
37001
40465
18223
6937
22411
31126
35453
40272
8203
34415
23358
7871
7316
24470
1109
41564
39366
12980
5914
38605
6857
2640
11995
42569
7650
22504
42518
2724
4107
16304
48638
8474
17154
5733
1680
35349
3286
40419
6984
1354
1013
28264
1071
29255
5617
9954
3675
22269
6724
5608
23879
787
9222
7549
16012
45499
4025
38679
49584
6264
19655
18041
931
36133
9161
4998
14646
12356
1086
46847
21845
4534
32334
44498
6400
6178
7838
14877
40938
44356
4708
4513
29260
44282
7401
44394
46386
4015
21941
38086
36935
34576
34864
40885
920
11339
46734
34012
29276
15216
20119
15630
39263
18243
11162
3026
47865
6128
21778
9774
2403
18687
10390
13271
37749
3371
16899
3337
41839
50019
48128
45397
29738
25455
42152
30735
48730
41954
21573
48027
9818
39694
10277
5694
9923
44850
19331
51883
43931
47733
42335
44590
3716
35146
7168
10576
5802
40157
5542
32580
14955
4231
45637
23808
7332
23925
7616
38838
5602
42692
8200
690
7568
13651
2221
16246
3773
43456
45695
24964
3772
2848
4268
1260
37098
7313
868
27262
6830
2815
908
35522
36884
43165
2790
27361
46922
3025
18024
32152
5404
49621
12925
32056
10674
12914
47276
45985
760
48930
47741
40928
22320
797
12056
3754
12339
30814
3871
1473
10060
2203
3745
8254
5513
11379
48456
23958
48338
6209
27847
1526
677
5871
38218
3991
2939
4009
31308
7000
17748
26085
26076
703
44737
46118
46094
12412
4236
49121
47643
36569
8120
15268
3083
31675
6046
54329
2080
13871
39909
3451
48816
1639
51056
39112
1209
35016
38092
4248
13751
785
956
44006
35199
2802
49056
4570
2769
15302
50348
42378
13818
47458
17825
45932
51746
5690
47836
23797
7865
48127
52474
52236
48197
10134
5764
48768
41924
3918
44644
2177
15053
15062
7400
46331
46364
4529
6103
1173
42182
833
3730
38260
9531
10347
29290
20094
3773
50782
24733
6124
5918
54307
5957
50597
6934
42031
6449
4306
13037
881
14935
4520
49925
8783
47733
4118
26917
8638
4521
3929
3981
36798
5943
6769
41875
54155
16420
4334
53346
1235
44308
9071
6921
6154
12405
7671
40621
47951
3931
5117
51685
12695
10578
38220
49343
33333
18042
49437
2664
52054
46058
55203
52240
52434
26962
52014
46654
10148
49447
18091
46832
44160
48954
10379
2769
45189
51400
2225
25871
49037
7387
1030
2407
55408
8057
5273
1147
1374
24040
17707
53674
6910
8873
47851
10956
45601
7760
2804
17120
17905
54238
7805
15535
20174
14938
4984
7883
1081
7089
2309
7427
19739
2491
6487
53061
33102
56560
723
9666
710
6635
18472
988
17974
8551
51182
9969
6919
3703
7585
53504
56148
6927
8354
3886
35731
8477
48342
3175
50112
58117
4693
1042
1047
8025
904
39880
48945
55025
21863
8893
28787
12867
11749
12888
24453
5773
5087
27633
40905
4289
7582
8648
4977
6088
11546
18377
48193
13347
17850
13079
4037
11163
4261
1918
52815
4086
4404
48355
6479
14688
36601
4750
25436
8352
3515
3691
17733
5458
8749
814
9689
51048
11646
6932
7247
56380
5687
9749
9226
912
2409
6542
22794
4586
3970
4589
1530
12224
3651
50914
6081
15076
62915
4753
12920
7743
8230
3261
1016
47871
7045
19426
51730
50867
21245
1295
9060
21875
1580
62265
6736
800
704
14729
35712
1019
2869
47441
24114
28272
4302
40511
4028
10116
13608
4075
5315
5576
2795
37233
55544
6513
26167
7058
51003
9847
17768
5636
48017
14764
40534
3693
3390
8443
2858
19097
21580
57057
51559
56296
19811
7708
18591
15493
817
20669
5762
56700
8669
9455
6695
18300
1316
1335
12069
3523
2597
33256
15921
32125
12182
657
2732
8317
3827
3829
5476
3889
5906
2560
38480
26109
1869
872
5689
1137
13735
28948
53331
20663
8148
4170
4269
53682
49878
8820
4455
1311
55611
6965
35408
2463
49706
2549
4142
12896
10508
5945
1365
49985
57780
4225
57885
506
7249
59702
2995
3442
11651
1396
37518
40095
9845
66035
17941
954
17374
57007
65197
7511
35522
2937
16954
1236
1245
4013
4019
48981
11533
2306
62870
12155
3838
62380
2918
916
56366
7365
963
40462
7749
5790
9175
4718
24331
13583
3051
4448
64884
11203
45295
19336
29555
5681
8580
36155
63967
15442
16446
6477
1184
36018
56390
3637
3664
7369
5534
38293
65563
69892
5674
11206
3900
3902
16361
37630
5742
1222
801
8703
4142
6009
64377
25361
2729
3620
2888
2889
2889
7552
4213
6295
5424
779
4741
66609
4616
1318
30970
51083
11885
57178
6920
11825
4592
64317
66852
4506
12942
8060
2748
47629
11302
68838
3812
4187
6897
3872
61652
13205
1012
43280
2836
9444
7331
5572
68425
3287
1125
5952
9877
3804
9688
5828
946
63144
4254
5118
2481
61023
4228
36853
5952
8985
58013
10904
5860
8283
10225
11931
5944
49707
10545
7330
6470
32476
4848
30916
45971
32086
4028
883
5968
13849
882
58238
2630
55964
8814
9834
7051
44858
16409
2520
7123
19742
25534
13898
5617
19154
27804
770
771
3777
853
1435
25074
7297
1443
66056
1452
21415
9861
66309
10671
63635
6110
3957
2934
11535
3794
4714
9465
775
13906
17401
8136
6468
5337
8005
67037
73083
8485
68405
819
8208
22619
6829
6829
62614
32644
60921
6440
14362
8068
4053
19218
9905
9907
16966
8614
1278
17954
48836
1177
6432
2947
3007
943
58815
8962
8993
5857
67242
66716
12094
52206
14918
14049
25352
9338
29064
66659
7477
3582
6321
32504
7210
68485
34337
8035
38775
2346
73028
24642
9831
9835
23504
14866
4018
802
2793
67139
41078
69940
861
8556
4200
2168
25697
67271
731
5957
2908
3871
5472
4551
8138
1060
15399
13583
37626
5799
63997
3320
18702
12637
63833
7047
5896
74520
2661
5480
9451
35859
15044
1077
3981
73537
8828
3008
5474
1379
3798
11503
19332
20335
50849
69739
5865
36117
4491
18045
11909
12715
10059
15042
8401
804
18309
73992
6372
77285
17683
7984
69775
61328
5823
68802
7214
37967
7666
21093
6847
60902
7038
12377
12981
71233
8164
3972
3977
3983
5429
8883
3917
7317
15034
68306
5147
5885
5267
72927
5054
11496
7653
14155
7752
13623
18521
14808
9610
22319
69631
32554
6431
5773
5561
8351
10026
8159
9708
8244
2758
4546
6809
40485
6833
32495
8538
5315
14434
2389
1327
16854
14629
1230
76511
19700
2414
74794
7806
22100
9061
5874
5391
5956
16515
4479
1386
9308
12805
70256
12898
7346
4354
2731
8361
19367
13136
65994
21379
45997
34012
6717
2076
5875
2259
4052
13869
3290
5403
10570
8072
55822
2410
10319
8323
74527
18573
24225
8412
5766
11940
10963
7228
20999
8037
8150
65509
11466
76331
8465
1038
22014
6347
15342
13331
71866
33271
9708
2606
984
7855
6391
21076
78717
8963
82660
4526
76608
6984
42920
25662
25446
20143
15927
18361
3991
10188
13140
1163
11107
49103
2468
9880
922
5868
25917
75540
47190
13108
82609
26872
5704
16701
927
10214
12018
17987
1640
958
855
14056
3107
81736
1193
770
18866
7232
3198
43046
7144
79269
28446
6266
9680
19773
10489
3079
9042
9087
26288
22058
16960
2248
70949
4138
72463
844
15691
84080
4345
7548
86652
7093
78610
15170
21066
67824
82737
77828
1411
7607
13218
79916
13720
4719
20067
79726
7936
12057
8774
7221
62787
15920
86899
15578
81144
5406
19671
8846
8603
12959
5857
761
3996
3741
10236
25266
16452
37417
53159
29902
17161
11508
27497
52440
81883
13654
5628
6481
1262
9752
1994
25552
13948
9847
14130
39651
33198
4018
6989
17542
2813
17126
18191
31474
15814
57608
9975
84192
87421
739
29354
10756
3982
77422
14338
3169
6084
668
22769
11069
3935
4009
1199
73127
20087
2541
2975
6357
22567
63885
29014
1249
1262
881
31023
11317
1594
12561
5091
1649
1046
7687
3478
5095
21239
6902
21775
24539
2824
34036
16243
54032
5799
4426
2799
4086
7765
8579
6935
11252
22460
14817
729
26301
13148
2776
13240
13007
26456
2891
14671
14087
2626
12846
4260
21275
52745
1212
3683
6776
2383
12952
77276
7486
10246
13249
5558
26721
21765
41423
30961
2921
3020
4935
9082
23002
28980
2819
4408
79969
1032
69966
80476
9510
7673
33214
20271
27740
13054
868
3887
27028
25606
3617
908
12978
22477
15328
720
794
18961
3108
5750
8308
29981
22784
94961
5685
21821
50250
6959
20472
19802
23108
11588
5959
37973
6784
3964
4180
25444
3886
11998
23342
9632
7485
92742
2533
2681
6365
9380
45920
27272
5644
2161
5946
87259
49788
55185
1011
24810
6783
7374
17245
64852
94022
13121
3724
23219
3793
17666
93918
41660
15623
29296
6777
25330
86889
34775
13209
725
7376
5863
5921
5545
31135
24222
4707
2898
5073
42996
33616
4435
95865
72190
1971
11547
2896
9809
1655
10535
11486
8359
4894
35337
8232
7027
8784
86199
3714
26578
86973
63914
770
2995
63746
40158
6853
543
569
3984
3805
729
4963
7053
86481
2646
2252
3942
13356
1055
8393
70532
95395
5139
6089
7098
6975
9571
7000
55293
12527
3723
1886
1120
48411
96699
11764
537
2028
32498
5260
532
95301
68591
13205
16439
30358
48307
5515
1697
554
561
48614
4973
2585
9109
47016
24637
1093
2719
892
909
65275
921
926
4862
2104
2775
40422
88461
4569
5997
40484
5775
3074
24407
88619
2320
3773
9726
3560
99369
4208
88877
6477
81349
3706
8741
101024
6585
34126
3477
36936
10360
4376
11854
18767
3454
29844
26952
601
8130
3963
10515
14953
689
690
698
10506
4034
23523
8609
12265
3205
3239
17866
76126
3049
8233
7953
41535
4493
3541
11616
5268
1423
94142
2989
5771
972
1216
801
31287
3600
3663
76355
7834
3491
8138
3987
3865
1455
3822
4421
649
83610
1666
3736
3867
30810
6193
6564
22534
5250
12246
52323
2923
98469
4693
102415
5432
4058
12120
4747
5200
940
11821
21876
102244
38504
3912
7383
4455
4020
90478
10784
95862
553
1327
11655
5156
203
7819
65923
3582
2289
33511
98110
5682
11596
47006
325
37868
3448
3452
6726
553
11730
4055
2244
14212
48255
2263
3820
105363
914
4128
4148
858
98724
4028
4034
2888
94967
30698
1015
5468
33832
4838
722
49425
5026
3334
60182
3620
1129
197
5485
96468
10155
13364
376
10415
5375
19941
5418
297
297
5461
62136
2398
3650
94441
100069
2386
646
18025
4715
6116
8159
9137
2921
3874
2925
2409
4277
941
1039
105845
2708
1078
3131
4330
10059
3209
102502
97887
4441
2620
2985
2695
4844
3331
3726
60538
7128
570
6633
20125
9297
3171
6294
3594
44918
335
5616
5670
3531
63175
54773
5923
75075
63517
97309
14008
12234
98561
4292
4056
3675
89717
3734
5711
5369
102999
3833
111893
3145
16574
1102
5080
1691
2687
7097
6676
5569
5095
894
12291
7770
3835
3707
20122
1307
2478
9591
4053
6854
79662
59166
66510
22042
3860
9994
7561
2341
106201
54484
25335
7153
1223
4576
7243
5187
8440
13377
3427
5142
23364
8161
6063
7094
919
3399
13023
7193
2055
101142
480
10662
1193
94070
618
618
24546
887
14841
5590
19923
10362
10168
45364
16100
99717
6056
3515
5506
18836
6387
3642
21093
7162
2670
2742
3705
3707
714
744
1149
2222
5910
3124
17498
5169
99797
41671
1130
6482
7285
30915
5107
2220
7517
2530
1231
1238
2473
1245
66646
4218
9626
538
938
10242
2747
2763
6716
3474
3598
2824
4057
3354
11718
3729
472
3861
3381
70442
86935
9222
7847
3622
67877
68127
14151
18783
941
46851
9307
7780
8032
14325
6141
3874
13191
6194
3876
34927
4109
35944
112891
10992
1048
104344
7150
4194
3258
11761
5707
1742
1100
4078
525
648
2928
1417
9593
6102
582
4070
2317
2159
78606
603
43921
5560
6297
7086
9562
3746
3640
3842
19318
5828
4426
114354
753
2890
31517
8028
4204
51655
3309
5923
1334
6310
14566
14503
6233
1971
2964
3088
95637
637
5004
15020
237
302
397
3932
6785
3245
2827
19686
3326
96541
11188
2469
297
6865
5666
439
478
406
26030
3848
7987
5242
2522
7343
7527
60057
3787
14383
7115
3282
7045
734
2932
6419
14997
891
10399
910
911
925
32859
18226
30084
4995
4187
15427
4344
3169
4070
10414
6546
112876
1039
7059
1399
3053
1738
13263
7030
5703
3247
122805
5838
3546
3432
3405
94926
3467
736
5226
5090
13325
4147
3652
18981
3332
9549
6082
7367
96934
4166
105759
114217
6715
2508
2297
499
7028
722
548
974
4757
18556
48418
12531
9442
122645
52321
71446
8849
2989
667
8353
7197
53714
905
10522
16953
5867
10782
1046
3397
31670
3001
12673
7857
13430
96591
1059
19820
1356
1679
7493
8586
3141
5145
5806
266
1198
12652
8082
20410
250
3397
2632
257
3400
73094
4408
11219
12712
5046
120185
539
545
548
586
599
46955
36124
54378
4091
2611
875
965
35895
883
984
8802
2378
60213
7817
12286
2988
1368
7081
2947
1551
6202
8665
3320
1894
9853
3166
1262
3709
1060
1975
3259
12667
9857
248
3270
9826
48132
6597
66207
2392
5247
32224
6524
483
2547
20912
683
12544
21129
936
2874
22975
5396
1046
3030
3091
8804
26308
1108
4329
5278
35495
13864
4894
11323
6281
33037
1556
61193
7290
114555
7091
23950
6902
5175
2982
225
127499
4288
527
532
533
538
12333
1194
450
5460
15430
9468
7359
13164
751
531
3479
2638
97394
2832
655
5071
55818
116518
3021
4079
969
1406
5283
10294
25565
95433
126478
1395
40806
9032
12174
1285
1362
6749
1046
4502
129935
5742
5823
4663
2162
7144
14093
743
744
4507
2134
856
9218
6392
883
6650
913
41373
131498
15808
129443
3528
10859
478
488
129080
5950
1192
3265
6030
1027
1034
25619
6250
3803
11636
2927
17866
13841
15271
1164
12363
5374
15945
13558
3734
17682
15331
8073
40438
1215
5854
663
1609
2554
33316
9733
9776
2402
2443
129506
80716
20306
30861
18484
17697
5823
9210
3663
2666
24880
3677
3705
3710
3735
5820
4907
3052
13392
6346
126821
15948
6546
2987
3977
4040
30925
9024
4136
7655
3023
10233
4447
129746
3862
6972
6993
1328
3050
7060
2120
2539
2651
9926
19103
16210
10778
5073
838
6898
23921
68272
585
4510
4853
660
7223
26004
22164
102655
21597
57167
3913
2694
1163
60331
6019
6021
136680
4018
6040
6154
8720
2538
132823
15828
2649
73873
31041
30980
6556
14963
8383
6690
5595
6772
22031
6825
2398
9557
2368
1154
136159
3411
1569
3629
7091
292
3570
7173
1116
210
211
7241
114390
3494
339
350
3502
12988
5758
538
3770
6464
715
576
7738
4099
30031
2607
15458
8945
68758
3772
40890
21720
1109
2451
969
10019
13311
12141
8518
7106
1915
8662
2817
3159
1083
13799
8807
8832
1746
9679
845
7261
104036
452
783
3190
3685
1446
11547
66352
3502
6701
337
6857
3698
413
45732
6799
5681
9474
489
6929
9580
3717
3840
3508
4056
12418
31135
9896
9022
927
995
2828
3844
10084
7823
10175
13044
4792
19345
8805
893
29256
10436
10440
2894
33529
12246
2887
26872
3496
5949
6701
12976
7296
21464
51182
20499
7040
11067
3279
2387
4086
1171
126130
1082
27556
10487
16787
39494
11370
80895
28993
14065
71988
74567
5920
20050
520
7637
3508
1221
37545
4506
22153
12106
5884
2564
10331
836
877
24543
3843
3749
34124
12615
29215
3827
1291
1022
16548
2253
12968
8857
4026
6820
3137
2824
130357
3242
6949
2833
2685
3435
3447
676
3560
74346
33964
3495
3702
3708
19207
3736
3737
21239
143326
2258
4582
3483
41190
682
694
4040
11755
140363
4152
5123
4217
4281
14270
4360
4362
6044
4089
4467
31491
907
12150
16296
2676
4400
5237
1354
143808
6725
15067
8893
3009
14524
120028
1517
729
3983
31699
8438
888
891
895
9710
883
8642
5085
43765
15863
3690
443
35159
6196
5589
4081
21808
9367
2241
36914
51723
49136
4342
1007
6043
25041
16779
14789
16048
9326
6927
3826
6990
6447
997
8902
6595
6550
3227
1017
7519
4168
7585
2970
7553
5122
818
2831
8780
6424
17826
985
7248
3311
3313
3324
7971
403
21034
2215
8081
3468
707
719
601
627
634
647
50302
658
662
9845
3705
3731
9330
12242
1667
801
9718
927
959
994
1009
865
8724
3911
1304
10867
1418
1435
4135
7294
7057
10157
3080
19278
9323
141209
6189
1917
6165
7387
3331
19654
5158
5182
9802
2249
5224
3705
26858
2417
3090
9402
2628
2300
2314
5551
2687
5749
2880
5445
41808
10546
10263
10619
1830
3680
125846
25044
2861
3100
3113
9284
16041
18097
20720
136796
1656
5791
88403
6521
6269
4735
102589
9462
3680
4384
25817
2009
4666
3930
4017
28943
2563
819
4158
11750
7133
2214
4098
13786
8061
4458
753
9597
5170
1669
3659
6009
3733
6201
2307
1443
21282
4196
481
4678
22454
17223
536
538
15597
4215
141003
13465
14404
8117
701
5209
12988
809
10062
4964
3716
935
9856
892
902
1816
16345
6024
5612
146849
6699
2875
82957
6721
663
2240
47639
2622
4613
12987
4093
12456
677
31188
11349
13954
1200
9807
3966
3700
2851
14801
4360
14844
4285
18110
946
3099
964
1074
61166
15536
2287
15556
1248
1251
3620
1333
5524
8885
3062
1590
2498
440
446
572
366
371
388
2187
399
1167
596
586
12873
561
567
748
759
775
8830
812
821
825
847
1345
5600
3079
2201
154195
2225
946
40174
61901
1110
47343
1013
5255
5903
2759
1089
15058
8457
1235
2963
1021
28747
4810
10801
1516
2992
2850
5124
9994
3524
3215
10074
6784
3338
2306
1302
3406
3313
439
1430
4507
1138
7230
679
1377
127308
6837
72803
2587
2290
2760
43326
2844
952
10145
34088
18962
545
434
5903
4387
30519
2492
2761
3860
815
14332
120796
4539
12215
3063
3036
940
3926
9094
1179
12484
3316
3909
7207
3223
4150
4235
4419
3454
20055
21433
4462
3762
8002
446
155701
3607
4860
24942
3438
265
267
5280
4822
371
3603
3375
5268
12241
21909
8649
3763
7204
107345
25126
6600
20941
4560
3483
68888
40763
4415
2939
1519
5426
7081
5144
4224
6535
958
1325
1339
4631
6501
1083
7780
14652
160806
6626
3852
21777
32674
7044
22771
4126
416
8429
7418
14973
6799
7581
8902
443
37729
1548
439
33569
15189
679
14034
6279
10893
19090
805
946
10376
7406
4760
3236
850
1063
87195
6122
2922
16883
7877
1000
1003
3206
5818
5978
10629
4149
37728
641
9728
20350
5570
772
772
3725
3789
3827
424
3666
450
43016
8314
18231
564
4035
4045
4064
10125
538
539
4625
7488
9523
26065
1079
820
823
4254
2766
1620
2970
22045
906
9128
4260
2498
4395
14879
1494
12393
11174
5137
27441
11585
20747
16407
62298
484
880
5618
769
1481
5393
5778
501
5809
2446
3566
2317
2043
1050
3913
357
3438
2077
7305
157269
3988
2256
11667
2665
2719
2642
9266
2830
111937
2975
1128
709
10739
4874
3786
2987
2036
1138
3478
26141
1423
7308
3853
933
3131
2232
69685
3489
3629
455
457
212
933
584
5558
3596
1450
3793
23812
1550
4104
130707
2764
7213
11212
41108
20267
12076
14637
164243
46612
29095
1433
1568
2668
4430
17932
6718
1298
858
4519
1350
16450
3464
3816
326
11939
16870
20177
1349
526
339
2460
1598
2371
532
1078
13836
1441
5135
794
10165
5027
3782
45886
6936
4257
1089
5000
38203
65828
893
108382
1438
1040
1755
3671
1638
5400
87189
2290
7024
3752
20729
3602
3603
2473
4093
5408
44948
4287
18025
549
2160
3283
982
703
8402
2487
4153
7385
456
4234
4247
1004
1006
3658
992
19179
7150
818
175727
866
749
1397
10509
1387
116771
58316
1197
3007
916
7228
7385
729
945
1018
2222
745
1563
824
7699
1031
43461
592
356
3691
1254
7884
124985
4011
3943
546
10050
4185
21504
3788
5664
4144
4169
2256
4190
3842
2171
25154
3073
3674
13716
592
800
6919
4479
6913
902
3917
6406
3021
73922
4684
961
3664
3098
13482
867
6530
861
1109
3335
5337
1098
9591
824
5579
3128
867
3739
1116
2357
3619
12690
736
5206
6174
3689
4338
3723
6370
890
892
894
896
5204
4511
4027
6442
2761
1284
1330
1338
6690
2633
4281
4439
3428
5012
14599
6274
2213
1648
2106
6530
2472
4702
39104
8865
5935
1342
25225
1347
5409
3375
1348
6394
2641
1379
3721
51462
4272
2632
2680
1619
6655
1651
2986
2987
51726
2316
4272
52010
3732
7495
2138
569
6367
4396
4442
6244
4125
4126
81658
3779
1170
70158
5125
4112
5232
7784
6466
2416
4264
1413
1962
2723
881
4991
768
666
867
20422
1253
572
13006
5675
5791
638
5090
574
1065
5238
3664
1527
819
924
947
4122
6486
4239
5914
5559
560
575
587
604
12663
12176
5388
1957
611
1409
1396
184753
793
814
1080
1102
4907
6206
1190
2439
6849
4062
838
4565
995
1126
1403
5432
963
806
3505
3858
1475
69231
2015
3207
857
3122
2695
179288
1468
689
16019
2215
4372
149468
1107
1122
1150
115192
973
5754
943
2669
2181
1417
2657
2762
693
1487
2023
7519
1245
2890
2435
13609
754
6813
25099
10955
984
4351
2580
1258
7137
3301
2972
3506
1075
9216
180067
3676
1013
4252
11599
43889
4119
2546
2372
2352
4076
420
420
2517
4779
11225
4232
3562
16151
608
2850
3092
2871
3910
11040
6506
3485
4392
4427
4049
4465
3723
4253
99009
3318
3033
848
10058
5318
10147
3914
15509
3658
10966
23277
3042
6157
4506
4352
6475
4405
1471
829
4311
914
4328
1678
986
902
3603
1896
2657
10225
5257
662
2733
1603
13086
1307
12951
10791
2679
819
8186
2821
1290
933
2419
17010
2290
2714
4478
7521
833
5206
10756
6399
1241
7544
3561
7577
2941
1348
1401
8073
7652
976
1037
863
1406
609
2502
2752
27221
1635
838
8756
750
7077
12773
17842
43698
1605
37421
1448
3635
14558
4490
1370
4091
895
812
3869
5908
10548
13833
6757
9563
8970
4988
18570
178189
4974
5166
9379
3458
145936
4890
39473
691
9359
3681
30194
5307
764
9748
17383
4502
5576
19457
5533
6869
10698
4942
3122
5369
11466
4115
21019
3955
1907
7230
1573
32566
2808
12536
1056
1243
18036
5295
31057
686
6129
4506
12251
1498
5735
14101
3582
43286
5533
897
3055
2464
12820
1094
2682
3952
634
2741
6593
764
10869
963
2502
2316
1194
6375
6871
5254
3042
988
3599
966
870
4062
1260
1298
1303
1207
1725
1610
2443
710
2333
79267
752
1858
949
186644
886
55385
4734
529
1843
708
692
23176
1150
671
20111
1162
6991
187494
9882
727
2519
62437
43322
1318
1350
13518
1050
2363
5789
768
770
1595
5634
1450
1348
3139
3175
889
2275
13246
1145
1066
938
1982
3678
2183
2784
8517
1112
1186
3911
17068
2620
2394
2779
1287
709
4280
1001
3841
1015
3025
706
3637
12034
974
3202
1861
4081
17893
199927
4210
3212
3924
3696
4145
2618
1047
3627
1170
2808
842
7811
4217
21137
1294
1188
849
8711
8387
12239
3620
5139
2806
999
2491
2527
140016
962
94828
4781
8430
4131
3762
74440
1517
2959
1707
402
405
33911
384
2698
565
2285
10086
762
5862
3776
3807
5733
14000
717
6038
6089
1968
3833
3833
3985
2978
694
22003
22093
23173
1600
826
7170
923
955
11084
657
1218
925
1103
7515
2078
7507
795
4493
4273
6740
745
1321
6084
4316
951
48219
170091
1631
555
1536
3888
1202
2591
1505
34498
989
561
476
486
492
2113
495
502
566
1011
4100
716
720
721
4071
16925
4148
4262
5466
1337
1047
4950
3640
8748
2085
717
7964
1179
931
849
1163
5686
2773
2560
586
593
1019
2737
4001
2874
1547
3396
1749
3006
730
6445
522
2820
20583
3764
2290
3036
3937
3644
13363
2822
4176
877
966
4067
10118
4926
4939
857
858
2618
4493
921
945
640
1047
883
7068
600
1188
606
4205
477
5174
1991
4240
1111
3467
4392
886
5105
4296
1991
2537
3778
1971
715
1012
15964
194934
6783
655
2714
3910
22829
6144
787
1104
1001
1358
6665
591
742
2248
1206
1910
1950
2517
6841
6848
3641
3208
878
812
774
2256
1379
4375
893
3068
3688
3438
1161
1571
508
508
3718
960
859
2506
913
7689
7281
2741
4239
1880
723
1022
740
741
8398
2734
1043
3917
4746
4715
5381
1478
1035
7183
1447
6581
706
1408
9529
1467
9806
20709
1562
640
3541
3743
498
1762
3313
14750
2527
1967
476
820
3554
881
3330
6378
32344
2493
3568
116927
7817
1777
840
4864
7169
7103
9867
2112
4035
4043
1271
8003
151186
2331
12088
752
5142
990
5547
1519
908
1892
4917
1103
8038
574
4063
759
741
16886
5485
2708
1280
1028
1194
769
1284
1295
2321
5929
6062
801
801
8003
1493
588
571
574
2263
674
682
684
685
7027
1362
1422
3280
1074
1166
693
696
3645
690
1347
2425
19287
2515
7125
2552
1062
20113
791
800
15619
598
1331
2011
75640
2129
842
3625
881
2458
8151
28598
2501
1142
689
9346
2276
3853
8462
1380
1471
1392
1479
2283
1539
2876
10992
2533
7236
2476
574
1358
664
613
2652
3825
3986
4029
1196
1143
3056
1150
1156
3716
1261
4304
3126
3778
3946
3998
1475
9012
5731
1803
6845
4080
3383
1806
4899
4229
755
756
4344
4463
1258
3844
3881
2342
514
518
3721
649
2305
586
1588
1003
2614
6044
510
662
1299
7288
2813
558
564
567
219246
2298
5144
761
3704
7906
592
7790
1010
1897
2057
797
1292
735
1064
2403
37199
1024
869
877
4436
1398
1819
1831
1128
1012
1018
2771
221338
9950
1836
734
1444
1448
1456
104819
1745
889
1601
951
3600
2576
2578
847
658
660
2606
1132
940
5999
8805
22816
4500
2444
2814
2723
19765
1028
10379
2644
2044
1528
1265
5378
2826
2823
588
595
3270
771
794
800
803
807
4287
797
1075
1076
3162
6847
915
618
2495
1552
4476
1333
1271
2759
2562
570
4314
1821
46450
1063
740
743
3642
183339
4651
2246
2231
568
571
3545
1216
6430
1358
7585
2272
1027
588
7432
907
2053
966
1213
1027
652
1242
1532
1062
3784
3807
979
2003
881
862
2775
1476
535
3673
2267
487
1738
1308
4350
24467
452
624
626
630
535
762
3378
1125
843
845
831
857
4582
7570
3800
633
1300
869
526
2038
3071
1213
2394
7842
1156
4447
1794
2609
2726
1899
3675
1428
845
1347
2501
1543
868
4789
3906
1472
5737
3248
1399
7583
1173
833
2691
892
2629
4515
1067
3843
1217
1377
826
1395
936
693
699
9820
589
1066
883
898
8214
1365
746
1406
1472
1217
1004
6726
1667
2767
1645
2683
2717
784
1260
1168
651
2068
1369
679
1019
2054
2809
2384
6403
5949
5696
744
2679
1935
992
24279
780
2571
1141
1093
1103
763
234150
771
2981
6623
3152
1460
1254
10314
2296
1174
3086
1332
2867
3704
1438
3526
907
4002
2264
1421
3534
3025
2268
1167
3788
7471
565
709
4014
3202
531
1599
1151
4372
872
5180
2449
713
4587
493
505
4985
4455
694
736
6697
2116
3117
60145
967
2838
4027
3465
5589
3448
2478
1547
5256
5083
3515
3800
3000
3703
882
1266
6160
818
4958
3591
2517
3871
1222
760
16667
2724
879
2695
5551
3977
4009
15918
4451
1583
6090
8640
13506
6355
796
2950
5913
3596
1147
3712
3298
3580
854
39041
1224
1253
1444
2357
2275
3395
3405
10478
878
2037
4557
833
889
1209
884
940
2679
959
6115
17737
4651
1298
4559
6403
4509
2970
915
632
1171
2249
5329
699
3408
1756
1097
11263
7698
644
2508
861
495
17755
12082
3938
873
4080
776
17484
645
3029
655
657
6844
666
667
670
671
1680
886
966
992
2047
2991
1259
1260
1216
2513
1500
10649
620
1779
9024
10529
1192
1708
1840
3577
4095
1048
2196
2248
11755
2487
2506
587
2579
969
2712
2146
2710
2712
3130
4513
1364
7060
2942
3826
664
5284
1281
1022
3216
3357
1284
3083
22761
3501
8557
3711
3643
7856
3667
3796
774
3852
9977
9988
4336
5452
4105
14552
4352
4292
10377
1074
4528
684
1530
5065
4387
2894
1158
2748
1805
750
8215
3369
5227
6711
5972
723
724
725
728
749
757
19690
1104
2596
860
980
984
946
5972
3858
1206
6198
1280
1194
6872
3390
7087
1662
630
951
842
1956
1904
7453
7580
57814
884
2521
5211
1223
841
7808
3722
6430
5206
1119
938
2582
2616
4914
1619
1291
1922
3104
3040
650
651
773
485
898
936
845
20958
8629
1203
1210
1354
1441
10250
1179
4046
2972
9515
956
1142
3205
9746
9852
754
4476
9522
10053
3678
976
822
2367
677
2688
2712
863
5007
467
3775
644
3757
670
689
2368
693
877
1080
1049
808
873
2896
5177
3845
1136
1168
4043
1399
1402
1425
1487
773
2829
1306
924
1163
2518
1231
1483
1475
2553
3599
2807
897
904
5815
2051
2220
3348
806
1683
2654
3679
1820
868
796
2122
11770
2372
41402
3796
3899
5345
4373
4375
5397
4763
1930
1575
63051
1324
1169
5287
6444
742
835
871
864
9798
17360
8756
31444
1318
953
1674
958
1571
2308
20355
1723
614
6046
617
632
633
634
826
36147
814
823
844
3745
1858
1031
2552
1146
1219
544
547
5023
799
3052
904
1949
999
929
1308
1064
1896
1656
706
4475
3658
1233
3666
887
631
761
707
9625
776
6884
7773
11505
21954
1033
966
3900
843
845
846
1241
3285
5253
4180
2050
1276
870
1139
14558
11240
2552
937
3009
3203
2203
1767
3919
4123
695
4250
1405
2509
5777
508
12258
4161
1032
1548
645
2925
897
9254
1255
2779
680
3800
461
4125
2870
507
1142
1003
1557
7526
837
4407
4290
7347
1204
4216
710
792
1102
6327
2494
1317
1333
721
726
15313
6149
6667
3027
1539
682
1390
5318
1743
1194
22310
825
3654
2054
888
892
3802
1197
1239
771
797
2423
1070
654
672
684
686
1425
6553
796
816
881
885
2291
1671
1772
1053
1485
1607
1283
4246
758
770
5325
742
744
750
764
2529
2304
1584
961
965
2003
764
1768
728
1902
2137
1900
689
697
808
2080
2120
1539
2985
1515
2264
4911
1569
2648
1282
1006
1012
1782
3286
2587
3433
2007
388
396
3995
556
561
1506
2258
1684
1271
4211
1662
3940
4669
1529
2941
4550
3726
2231
637
10138
3235
4643
3629
27880
3986
3544
956
2666
727
1683
905
4911
907
916
926
6380
956
7689
1156
3754
3037
597
602
612
612
576
3682
1157
829
26777
815
2407
807
809
997
1129
1102
1131
2290
1369
7399
828
832
833
837
839
842
1116
1679
1845
911
6018
1292
1306
1208
665
690
698
6076
2195
902
905
923
1501
672
679
3138
7144
1016
528
1124
548
6076
1291
39733
704
3794
1337
1392
2672
784
2275
881
2433
21954
1082
511
2300
2480
756
6462
704
2043
1029
670
3412
4676
2879
9836
3647
2963
680
683
2347
941
4097
906
3317
1048
2275
2615
5935
827
828
1787
1066
750
1150
2508
3823
1113
1726
3500
4064
4825
2971
2950
2676
594
925
3483
2743
1679
812
4460
1369
1851
3735
1589
7024
1036
1059
4308
1281
4051
1206
767
277422
1762
4296
4032
1402
1404
2514
847
848
4550
1655
5549
7005
822
4605
5752
3870
1049
5788
5162
2600
397
398
2209
279856
1323
545
2633
439
446
447
449
2372
2113
629
637
671
813
688
11477
1311
2378
4659
1112
1343
1290
999
780
4345
2837
1780
1682
1737
6506
1725
1967
2233
784
8391
7010
18974
1002
1218
2487
779
996
2511
3650
3809
710
1334
3032
3090
2436
2275
19736
4193
4569
2751
7862
2609
376
632
6457
3264
3252
3060
634
3493
8920
5197
784
5336
1195
9428
759
761
5092
3029
4589
5056
2929
11174
7605
4279
1379
1324
2578
1135
4838
932
3795
3782
5452
915
925
15360
547
6800
1493
897
1759
2088
2016
900
2537
1366
1096
1232
1493
854
860
868
777
4744
5957
2597
1089
4593
619
4820
598
2477
910
733
3399
1540
2763
687
688
903
3042
1534
2325
2050
2392
1191
4258
1187
3785
4748
845
5752
3157
1642
970
3367
1844
1328
3730
729
3298
3061
2000
4369
688
1102
4031
19027
1299
2900
1253
3337
2262
1978
4750
4759
2799
592
6619
663
292366
759
585
5054
1354
21943
1028
1047
1198
3805
759
751
1302
575
559
2111
973
1548
6357
892
6797
933
1694
5893
546
555
1307
977
2552
1436
742
746
18770
2540
1114
1035
1038
1037
13550
1695
1747
1768
4194
2696
1106
2298
2304
821
4051
291603
14493
738
755
2738
1233
712
2385
969
4284
6413
1249
1265
4387
1056
5939
1202
1795
1312
10444
1374
744
1386
2151
21632
4707
898
10152
835
2429
2685
1566
6959
2971
753
3354
1316
5476
20478
982
653
5696
1118
5875
2947
839
10779
559
1024
786
3426
918
746
318
521
339
928
929
367
368
822
498
535
300978
668
687
1852
837
841
118915
845
851
872
789
6596
1934
751
697
617
3733
1727
2518
1955
1050
4169
4188
2131
3250
919
920
923
924
659
1376
1205
5194
1209
8735
3026
8236
2440
1285
626
2867
926
1911
4180
558
1028
7333
3647
1009
368
3679
8217
3797
667
1869
3084
939
828
2271
594
3738
1173
5351
683
688
698
4572
6054
922
2474
929
937
700
563
1148
1190
908
1202
1208
305938
891
1394
1131
967
978
984
1693
1717
4014
1010
1146
1754
681
682
721
732
2726
1419
1699
5295
1137
1142
2213
2324
558
684
564
918
760
764
766
1700
2011
1463
2520
762
1880
3541
1309
2229
12306
1209
2604
2755
2800
2589
741
5394
5496
1293
1202
1084
3645
3297
2618
1314
1360
9518
573
444
777
627
627
650
653
665
1019
870
873
941
1159
1187
1559
837
835
7311
4197
1551
1651
1977
1995
859
1445
721
729
12266
736
737
806
929
788
788
5912
1135
1149
3261
1022
1528
836
2341
1003
3805
581
1222
596
1223
885
3921
1003
1008
1545
671
677
690
693
695
2529
711
686
944
941
2460
1179
1357
2508
790
4771
535
18431
4498
1270
3374
5266
5070
847
2095
1789
3900
2504
2548
5553
6817
10989
2534
749
1014
1104
2843
1584
2691
2937
950
3177
5729
4036
3526
596
468
473
477
483
487
669
932
837
5683
3710
1028
2079
1231
926
1266
1275
4436
7252
688
2266
5651
4556
620
8024
5583
2177
442
5138
2727
30683
1022
2672
208462
2695
3174
3068
1647
520
438
3477
1092
658
1598
715
721
1035
1196
835
675
676
715
548
961
669
673
8612
899
663
668
677
685
946
956
828
1178
1182
1918
1952
853
2981
4142
2410
770
2298
4027
1914
9985
7374
3516
3791
285994
1202
709
477
627
658
620
652
673
675
837
1132
4050
4308
926
805
1006
1001
2058
5942
1866
956
2085
5749
2257
2343
2463
2512
975
2918
2774
2842
3907
3510
2672
3059
2322
2795
3243
3779
533
3888
2444
923
700
3879
4225
976
786
910
3101
829
1704
5495
5327
563
677
1244
742
742
4016
1653
5324
3646
116327
1740
695
7194
696
964
5176
643
644
1221
1226
778
15017
991
908
478
1006
3174
534
976
1371
566
575
575
1417
1565
529
725
571
1129
802
2180
666
675
675
683
1705
511
2174
1105
998
1752
1092
2459
568
687
581
852
4012
507
584
752
465
483
4514
674
2384
648
652
656
649
837
686
743
1012
1059
1069
2427
530
1340
1150
1170
3439
973
11977
5060
2627
780
1869
1371
254
104532
783
4340
2178
282
285
473
383
399
407
4564
2923
608
609
1528
868
829
840
32303
1013
902
6864
792
986
806
4078
2226
1122
787
1011
1444
1575
2322
1695
3117
1980
593
1045
510
516
907
502
782
537
956
699
8719
1029
638
686
540
900
6203
902
806
765
770
6640
1007
1020
1146
1149
1042
1134
943
953
973
1118
2684
802
1921
1694
3096
2036
2054
1043
6343
1465
1930
1206
3593
2425
598
1908
399
2220
2417
484
485
901
991
835
2904
676
757
541
5003
713
3420
240198
4726
2811
3623
3971
1722
1097
858
4460
9972
887
4337
622
285508
7009
662
616
5452
395
399
1047
618
4503
488
274
653
340
560
1031
1038
709
760
1048
1258
1338
81331
328485
2419
529
706
420
1012
2154
853
696
509
510
505
691
698
906
1055
722
1241
1530
8984
1019
2564
856
1458
3714
4223
1454
4540
2496
358
618
7212
724
3100
1548
3670
1510
4070
875
1604
1571
1003
503
2110
845
512
517
573
694
726
864
1638
876
877
881
885
545
1230
500
660
1027
1561
1832
1861
521
967
3872
5197
1394
1376
738
2198
430
435
597
833
856
875
942
4061
1309
1109
5724
1522
3610
1348
729
788
1802
868
1905
964
3515
763
2825
2305
3518
890
456
662
1600
3792
4631
1022
2730
459
554
570
573
6861
742
940
1852
3661
1313
1007
790
1659
1782
2005
3562
2236
6797
113225
896
2563
1499
458
473
473
476
504
520
538
543
544
662
3861
676
691
695
700
720
727
767
1231
911
919
1018
1086
1128
1202
1339
1368
1515
769
476
1056
1973
490
2551
2265
551
1379
2314
662
685
1016
739
2491
846
864
2746
2771
3987
715
536
540
547
3025
866
770
5557
1556
1563
2131
1009
1014
3459
1198
1120
507
1379
379
511
781
656
692
898
809
928
874
2124
605
9905
1141
403
544
438
4580
597
1127
632
637
649
398
661
682
682
683
882
883
586
615
3459
1254
770
773
801
811
933
1063
1040
1708
4042
1352
1070
1659
4120
893
36279
1113
965
1275
1804
538
1056
2436
3471
2016
1491
1070
1010
3553
762
7477
1168
3239
6022
2908
1931
3618
2171
1280
685
4284
19688
646
4337
314
606
1037
492
355
2092
510
5093
2822
743
1820
368518
5320
487
949
979
1154
1110
589
624
4455
1932
823
4793
1840
1008
1728
1934
631
1744
701
1905
4036
3036
673
672
676
2619
1055
684
3750
3514
1298
517
538
546
705
581
687
691
695
703
709
726
730
2133
2118
19642
968
977
1101
537
1420
713
688
879
409
811
4737
491
1800
887
559
392
597
392
679
747
2691
501
896
1011
1566
1055
1231
593
598
599
749
769
903
1141
1114
741
4058
914
3607
1203
2182
2185
1766
477
673
908
2123
543
894
1210
437
1368
1240
1214
669
670
367
1337
427
428
572
1613
21666
239
239
427
507
8191
2393
2887
1721
1035
902
433
533
415
565
549
704
2422
921
647
1144
829
4888
708
811
1551
923
3448
784
1142
611
1141
1146
413
513
634
1110
714
867
614
622
1746
853
1905
1111
597
846
541
542
1284
593
1416
381258
899
877
1411
512
687
364
453
784
2644
594
480
2253
3482
774
840
2022
1027
916
3205
492
668
3495
861
3656
715
788
1337
569
694
826
750
867
925
932
3689
1341
544
561
562
571
749
513
617
719
737
909
1626
1028
915
1227
5479
771
472
572
1364
888
1658
954
4217
2092
522
533
537
554
556
566
1067
2481
698
1033
718
800
807
977
990
1015
1239
1138
1167
1214
1795
1307
728
745
751
752
1746
966
981
987
391611
972
1176
1210
1223
1228
3957
1296
471
1449
2857
2092
1408
2155
361
362
509
459
1286
491
1906
572
660
2605
3325
584
588
1517
3555
771
831
839
512
607
1011
573
627
660
411
445
1451
1689
750
648
4156
1113
2315
1073
4689
1161
429
2573
2131
791
560
594
888
5042
639
754
1397
89990
91289
778
530
616
717
3664
1939
2191
1299
3426
457
662
685
571
1117
1496
1340
471
4720
538
682
706
839
467
1395
358
1032
1328
631
467
1396
471
503
964
641
8749
1147
482
794
711
332
1921
1074
1071
178245
459
381
472
595
1272
466
467
2643
478
599
798
815
586
3691
2518
1046
971
1453
442
1063
1645
493
489
624
625
791
980
1003
500
802
677
681
8558
4927
933
949
1484
1127
1273
543
770
1294
594
2384
2778
924
609
3310
569
716
741
335
337
338
979
914
661
485
1178
1151
1337
885
469
773
487
375
592
4875
539
552
1064
675
1145
1310
2642
804
579
3896
1454
429
607
616
2334
1700
761
2486
3434
1802
7122
356
1682
1692
1041
1853
260
862
1483
452
426
518
281
308
585
603
662
792
583
585
586
589
1100
593
935
936
902
1698
563
1509
442
456
2165
604
692
736
850
2282
2383
370
1055
706
273
289
299
411
422
427
429
434
446
480
507
1786
575
800
721
728
770
662
476
621
472
932
1045
507
335
474
303
464
465
447
1304
409
4191
595
542
566
482
372
620
857
877
816
1494
623
326
4920
1603
1092
681
1425
892
322
346
524
473
880
593
645
622
654
663
663
699
904
917
928
1311
1144
549
1644
1377
1380
562
744
1678
422
1362
741
732
984
1450
2144
1797
1862
248
302
308
416
417
560
2445
983
724
945
885
995
1014
1028
992
1530
816
1605
600
1999
648
3875
2254
655
665
2044
1045
1060
1276
1437
588
1643
17951
644
5626
1552
461
883
3540
995
2610
1467
408
721
1559
942
695
601
603
1416
1090
668
859
861
1392
1033
519
763
946
535
584
3456
446
634
1662
1421
1174
390
385
566
2416
717
1052
669
537
1220
1199
454
626
578
587
587
588
589
970
1004
1024
547
548
550
552
557
1395
984
821
1189
2195
1771
9694
1898
802
420
510
738
587
561
954
1079
453
1108
387
530
1433
463
552
881
437
588
1078
670
1616
840
1646
1884
585
553
671
500
730
1029
770
1037
6256
569
578
528
339
462
371
373
379
380
612
522
552
1133
841
681
696
1049
1486
760
503
3003
874
489
492
378
388
677
542
547
678
696
700
2924
698
1077
2863
980
896
1097
1066
1091
644
1667
2814
2583
2118
3587
974
2692
1086
938
737
741
3186
781
1070
1050
1436
1328
890
893
894
675
1365
1418
1592
1819
1833
910
1162
1305
3643
2198
1812
592
2621
2790
2792
2375
667
423
3220
2832
4122
3425
3072
482
489
513
6283
593
4590
677
685
796
844
1116
949
1089
1113
427
827
2623
919
976
1839
700
706
1567
912
921
923
632
753
3925
68676
412
414
1286
421
429
2620
1476
320
1507
695
704
1680
1821
447
457
806
947
558
352
248
1251
973
776
912
1339
2480
4163
540
954
872
3413
848
858
421
493
1638
1722
520
407
610
452
759
1369
535
1314
1167
1418
910
605
788
95756
972
619
1319
280
281
282
2221
1046
1091
815
908
361
371
611
905
978
392
403
716
760
633
641
643
689
700
706
708
710
725
735
741
751
761
761
763
774
781
906
946
948
960
1013
1024
1042
1096
1107
1174
1213
1230
1248
1259
1289
1352
1366
1392
1393
1405
1461
1059
1525
1653
1715
840
592
1783
471
1956
2009
2016
2044
2213
2253
2295
615
2347
625
609
616
702
719
2516
728
886
2119
2726
2786
216
2800
238
262
336
386
3014
471
559
527
442
3301
754
755
756
799
889
3473
485
3625
3670
1967
1115
781
312
1003
1008
733
783
1165
3865
4564
639
1205
1048
4950
736
1883
822
862
2504
5117
1055
1068
1092
1103
1096
5337
639
1232
659
1240
920
2201
1023
1039
3369
1837
1891
919
1452
617
2291
527
5627
2623
2630
2711
365
366
7037
664
848
4031
3569
1130
1646
1443
5269
3468
560
58940
557
550
735
938
647
757
938
298
392
294
1310
1588
2562
1302
900
494
872
423
626
405
1469
836
1393
476
484
486
994
678
292
737
285
599
290
295
300
328
472
493
444
599
646
701
776
1393
908
510
999
1010
1037
1051
1244
1319
483
1232
535
878
831
1773
343
326
356
2039
460
2181
577
358
867
779
1330
1841
769
785
494
1245
78
710
392
395
503
523
2724
849
892
4389
348
1256
1004
1420
1270
729
652
465
675
1348
717
1412
1146
390
729
990
1051
590
591
1554
569
1418
575
844
632
682
1239
953
1316
1335
792
2069
341
522
839
870
1184
991
1255
465
3378
3624
922
627
747
660
614
642
647
653
1120
799
806
814
834
836
715
1004
1024
971
1014
499
359
1160
1244
818
673
556
563
2264
2254
2273
964
976
1726
2846
1523
1783
563
523
525
306
670
3445
336
469
861
337
685
586
995
428
1029
1048
3059
1001
1449
662
538
3355
3183
799
550
1293
820
430
488
764
478
603
607
682
503
505
507
513
750
837
693
700
746
752
977
914
937
965
1017
1584
1570
1460
1722
1888
737
2275
2398
2442
2597
883
583
1035
967
406
414
424
425
426
453
560
739
499
598
614
643
737
800
786
812
815
598
834
636
824
1009
828
495
496
364
233
233
765
1149
425
1649
630
3569
2386
411
7535
643
763
716
874
383
1137
1318
1096
18075
1943
481
1345
1046
1437
835
1127
1136
1265
642
721
1208
796
470
471
563
715
1007
645
1045
685
606
1715
834
843
849
1260
409
410
1182
1070
338
425
735
616
1464
541
774
472
865
1778
831
1681
2724
1228
442
1149
476
498
636
775
793
812
427
507
979
402
551
1435
1443
1736
1269
660
1037
605
609
620
715
802
1143
816
988
1051
716
1502
1081
571
1047
782
1635
642
2105
1541
695
714
585
1655
2416
2036
1039
859
916
1025
1055
951
425
409
410
451
590
402
1577
1645
871
872
1783
1823
1170
2276
1468
1498
1523
632
1646
2566
956
2689
420
167
187
463
597
545
4523
771
4614
876
872
378
810
487
494
545
556
567
576
578
731
738
742
624
997
1115
461
1171
1284
372
1068
1383
715
339
1046
1594
1049
1710
429
430
432
563
738
749
739
910
915
7422
294
3021
295
1526
2541
361
2259
634
755
695
956
535
1138
873
647
651
520
879
887
910
924
1138
500
671
940
683
1046
1647
845
1109
949
965
1458
2245
979
2559
675
1679
1359
1562
398
523
550
865
703
801
840
1054
491
495
496
508
2897
538
1537
1250
980
837
853
869
390
1076
557
783
1804
517
657
448
334
3549
751
511
1197
1018
1965
1373
756
1209
1243
112
660
463
593
717
855
479
764
3508
748
1284
1128
885
790
516
522
524
525
526
527
583
562
915
925
1590
739
1071
542
435
436
446
447
449
1523
607
729
742
906
1032
315
2077
954
1560
1601
740
1902
423
432
566
1368
1423
1387
430
994
354
548
4824
544
362
835
417
421
422
429
1221
668
670
979
743
681
697
897
304
912
224
429
853
321
454
385
1336
816
545
671
705
851
1036
982
661
1103
679
693
905
555
579
592
2695
1120
822
944
720
721
772
878
899
561
909
959
1505
1059
166
182
234
302
325
1703
538
1248
540
417
643
1496
1495
1524
526523
992
1694
996
313
484
416
808
1164
2156
159
532275
433
439
131
797
271
2998
3276
196
329
179
411
473
168
171
334
537
418
821
399
501
920
303
348
1067
315
143
341
146
545
240
191
762
604
202
448
899
1350
364
1777
887
1101
983
452
678
1464
193
204
927
538
214
952
363
406
431
454
685
474
488
1240
595
611
2702
536
745
806
823
1703
3098
1040
1819
1873
2099
176
306
172
232
226
405
532
604
777
941
486
451
4237
689
703
708
441
832
957
1129
838
833
1351
394
586
484
491
1062
803
977
315
348
536
136
391
301
589
756
2747
914
901
905
915
1023
1031
1229
1353
1074
1133
1145
1156
1280
155
305
197
1812
713
336
854
554
3453
508
818
619
264
2562
2786
555
465
710
855
415
4195
677
865
436
608
4191
579
4249
1185
334
1107
250
3690
2641
399
413
491
1070
385
552
641
730
2465
630
631
632
445
396
819
347
631
706
714
548
1586
901
747
514
540
3762
648
1634
500
1195
1323
2479
214
161
224
239
247
248
302
615
421
462
412
728
889
768
387
391
686
1488
1094
848
968
1367
1131
380
391
539
522
524
525
537
543
686
529
710
714
764
787
860
757
919
930
965
984
993
5010
921
934
908
426
1188
1324
1132
540
544
1356
1703
470
477
481
484
1557
927
646
771
1119
1767
2054
1979
1922
2193
2307
1752
1418
2641
2223
214
3275
3161
776
3324
3441
3464
543
266
1042
4407
342
463
364
203
273
1205
518
565
654
688
1034
857
4034
1203
753
879
595
597
635
1417
1261
753
806
315
317
319
322
250
549
494
606
422
747
877
648
416
2154
1378
692
807
1599
1407
717
610
281
538
544
389
686
716
903
707
617
1093
1115
1126
337
1072
3727
540
447
337
339
576
1686
2628
515
541
1659
468
482
486
660
677
882
923
1122
1687
1045
1538
2714
624
2059
2090
2126
930
480
704
453
460
522
1570
271
272
671
228
235
355
651
432
1307
3752
1338
510
785
3199
457
393
3272
1406
757
1000
1049
29828
1241
799
280
284
288
289
342
363
603
1319
655
800
818
290
689
1060
3542
602
3516
459
461
1682
799
37551
487
451
3534
633
640
1593
1824
882
900
1005
1053
935
1202
1441
3734
1385
1200
4140
2764
469
296
599
1474
867
2527
525
712
719
927
941
1002
843
868
1152
1745
3454
8515
4137
253
2368
359
460
3252
860
377
379
391
159
398
456
385
142
146
568
273
241
907
1359
396
948
1182
203
207
554
273
366
680
493735
547
1154
210
139
283
257
249
302
398
328
479
420
583
599
754
202
672
878
278
1110
126
927
174
129
139
220
229
237
129
225
364
518
256
258
698
335
789
401
475
582
692
414
534
535
592
747
966
1204
173
126
174
771
129
130
180
245
443
448
602
279
358
362
364
222
228
497
345
631
232
784
729
809
856
351
955
1001
398
497
588
407
209
699
294
296
950
915
950
411
412
558
732
595
583
415
2445
837
492
1247
818
574
779
677
761
307
342
305
406
1490
785
460
1208
164
284
290
297
327
334
127
127
140
330
395
794
887
1897
936
1179
317
1301
1577
1549
385
224
1801
636
1620
504
614
615
623
625
627
766
744
777
2681
169
957
279
372
240
864
291
155
308
230
257
314
523
1575
677
752
865
309
314
317
414
425
633
507
358
367
368
374
387
388
412
422
423
426
432
438
448
453
461
488
488
489
490
494
600
650
668
699
723
731
762
771
853
877
1517
929
941
963
986
1016
1072
1086
1095
1754
1151
1204
1329
1333
1476
1570
3966
1201
1697
1825
1841
780
1893
1919
2041
2103
2210
2220
2248
789
2374
2391
972
1093
123
2594
968
552
166
414
457
1242
351
1852
358
596
208
729
3183
338
422
423
299
305
3387
1005
1839
3580
401
3685
2174
3984
4017
307
1494
3316
273
354
472
4777
527
4919
643
83
26
367
599
276
553
291
435
192
73
108
518
1649
417
232
663
677
272
151
1044
313
138
367
141
153
162
170
171
235
312
720
563
339
588
368
409
431
699
715
747
780
592
936
941
1062
1080
1150
1197
991
1016
1333
1111
1535
663
1408
334
351
169
252
520
293
704
400
1220
1425
591
1430
247
128
1528
222
268
407
182
818
933
4162
693
634
543
931
1145
1461
3863
1560
1122
6100
3251
528
270
352
333
545
550
438
356
366
975
460
580
289
226
489
623
636
280
859
785
846
396
506
1145
1228
877
1883
394
402
1158
810
793
350
129
464
254
493
177
180
343
450
687
1183
199
159
335
1302
1601
450
490
499
284
135
373
381
481
254
209
652
383
777
168
623
274
490
1007
362
325
677
201
305
312
314
315
317
318
348
444
252
407
698
714
833
792
1053
613
1031
783
286
370
433
1857
385
329
1306
512
992
1547
336
848
569
460
939
455
434
374
475
487
512
515
534
704
779
984
1051
1055
898
1096
1271
1307
1514
1746
1615
1648
1735
1535
467
2067
2347
2424
826
642
2692
344
345
460
598
3079
337
706
746
853
2536
388
253
1158
681
310
385
355
3449
363
266
851
263
277
278
281
384
173
484
312
913
623
371
500
749
1181
662
526
476
1027
617
1415
672
355
1038
337
1278
1410
330
144
409
313
390
485
358
492
313
474
124824
643
670
1056
940
917
655
394
543
594
586
802
583
210
472
362
265
266
384
425
520
564
580
388
403
761
720
1070
1366
1373
991
1002
2306
1109
293
211
212
211
284
346
129
426
2683
264
585
594
686
20939
920
337
571
578
553
554
560
350
1039
263
447
546
813
263
263
344
261
258
264
264
265
269
271
362
444
526
327
463
165
416
354
163
260
131
177
354
938
356
1211
446
214
168
255
620
31
467
24
31
57
73
84
205
357
342
338
198
204
206
472
267
270
244
246
251
610
345
429
707
493
633
664
655
1762
686
463
121
152
155
545
171
565
571
192
240
285
289
389
406
415
474
152
554
589
652
264
750
322
213
142
403
557
202
357
353
480
571
353
352
466
576
274
163
134
135
1088
319
797
1406
1686
444
267
363
366
370
481
559
560
355
666
354
361
818
923
273
281
283
286
289
358
366
373
453
472
492
558
567
609
617
855
938
691
795
867
996
395
396
401
404
552
659
688
786
824
958
1035
1205
1453
418
420
427
217
578
308
719
110
149
347
985
1149
580
1179
1281
535
184
197
198
249
398
464
579
707
485
357
360
244
532
238
616
249
501
647
601
849
317
346
350
542
584
697
418
448
204
215
219
220
68
35
278
42
292
422
899
371
415
504
512
694
578
653
340
321
441
322
554
643
652
193
257
312
320
328
252
157
158
254
2577
428
396
1166
227
317
601
945
824
759
1145
213
129
132
148
192
230
1091
246
250
252
428
124
234
354
450
451
265
409
262
359
349
730
116
123
150
157
212
84
598
820
471
596
465
970
726
738
1199
1203
1092
767
469
1816
1939
2028
471
821
2545
2878
1752
3075
1297
779
3775
221
303
317
192
191
381
395
721
772
351
354
358
3758
747
447
394
268
406
211
233
372
375
325
357
1183
337
554
588
483
541
552
700
726
538
336
437
708
773
973
1036
424
492
719
1186
973
1029
402
1024
484
303
505
314
438
582
1268
1083
413
533
11704
626
639
441
446
200
763
330
224
410
569
315
380
330
546
256
639
380
1209
72
23
70
412
899
415
418
419
425
426
684
699
703
714
502
823
1018
519
1156
459
434
362
4848
658
611
262
267
270
276
279
291
359
363
454
458
559
280
1142
300
125
553
409
695
444
262
217
437
167
249
243
282
246
329
427
590
602
845
606
169
555
560
855
753
1001
1185
167
439
590
348
535
463
439
187
250
317
423
460
344
125
750
321
299
175
609
380
190
191
194
249
259
692
412
575
251
255
259
340
811
979
989
1065
1092
342
274
283
357
108
922
402
703
778
215
280
283
566
300
394
420
176
502
684
730
488
510
505
858
200
202
127
97
100
113
123
134
152
154
157
222
244
248
287
345
356
366
384
494
607
622
286
271
161
287
320
334
426
251
1146
334
338
343
345
514
458
555
563
564
687
806
587
457
287
910
467
575
52
28
114
83
840
51
123
570
716
702
46
33
166
251
402
253
211
218
340
127
470
46
52
63
667
340
403
1086
251
336
810
407
619
810
573
1258
379
472
574
553
697
443
518
536
446
459
262
547
628
428
356
868
439
1222
149
1189
239
174
557
651
948
486
201
207
275
403
425
409
664
1373
1359
1274
1195
1100
2288
371
478
489
698
639
2215
329
531
545
566
623
759
936
964
1035
325
556
1146
153
1346
377
567
564
171
231
427
306
154
976
8138
413
256
456
339
506
1386
197
591
274
275
578
328
418
268
495
618
898
755
406
447
199
172
323
543
410
513
307
407
533
537
724
738
533
536
681
198
203
262
343
357
410
550
125
311
123
831
442
167
263
269
360
458
1433
728
692
360
438
490
197
888
1519
483
558
624
631
636
777
448
413
211
134
140
176
216
227
234
236
467
549
564
264
204
168
214
544
6190
1093
294
346
193
3910
602
432
215
808
539
475
396
405
410
416
515
630
682
455
284
173
793
881
258
260
912
934
179
574
964
1010
373
253
309
1081
584
1380
1411
1418
905
1458
494
2157
312
282
577
582
333
162
170
224
282
402
418
387
232
745
265
546
351
342
172
233
391
410
796
343
399
827
562
1321
297
352
269
269
270
272
353
644
142
1133
136
310
236
1285
152
158
205
207
371
106
538
703
263
846
262
263
354
358
336
365
194
125
130
171
109
113
119
237
240
369
252
402
152
190
251
306
349
349
304
805
307
384
219
213
645
413
412
901
451
536
612
265
267
360
590
626
445
647
384
107
161
324
326
116
120
121
350
377
405
141
147
148
167
171
217
271
304
783
658
382
798
446
504
944
469
282
753
762
272
151
273
172
522
220
160
160
162
575
372
762
171
173
206
208
187
179
329
148
283
548
637
673
681
309
313
314
825
381
572
461
266
341
342
329
1270
438
532
583
591
711
233
1738
547
29
31
34
46
50
56
1009
871
260
349
172
160
125
168
171
168
222
321
368
583
600
933
125
168
320
449
301
440
216
137
468
694
438
544
377
826
281
275
362
445
631
728
412
153
412
272
320
187
106
108
235
351
240
315
267
332
230
96
267
282
343
216
262
396
290
399
1054
591
166
176
353
134
622
548
108
145
151
260
263
265
266
413
814
444
161
161
262
397
298
111
192
146
187
29
31
246
980
244
247
250
418
506
352
79
598
49
847
178
180
181
186
189
197
208
238
252
272
280
339
355
379
405
487
517
1016
493
429
692
698
142
34
32
742
407
455
198
769
343
513
904
911
197
807
384
1546
291
367
1725
1115
733
265
358
623
263
222
900
127
177
447
222
304
349
166
171
175
215
353
417
136
164
171
761
222
234
256
260
276
279
295
653
444
675
1383
614
1752
1776
1795
1028
167
168
282
196
196
164
275
171
361
213
268
129
206
263
414
631
200
197
267
534
318
238
319
160
330
263
268
369
452
454
620
734
749
327
246
256
276
277
278
280
344
357
364
427
471
483
530
671
681
734
472
168
170
774
719
416
552
750
572
168
125
456
123
128
134
309
209
238
285
337
338
364
381
234
582
479
1462
610
297
303
429
1151
618
625
792
1219
278
263
529
613
625
682
1354
444
772
783
530
913
461
649
312
1152
891
952
954
218
229
230
239
279
1075
396
1451
488
506
614
548
476
319
262
273
260
362
365
459
569
510
523
605
733
673
688
988
355
268
355
358
352
445
129
347
124
351
393
585
349
353
357
259
588
830
257
269
270
345
349
886
1062
255
694
256
594
444
625
268
269
270
350
630
329
418
191
222
323
840
957
458
332
263
393
335
191
206
245
567
412
431
256
658
678
1120
697
357
267
358
316
483
206
285
356
485
561
633
718
881
1162
455
64
22
413
747
413
424
437
573
573
587
698
724
740
884
998
1016
1120
1302
1204
1619
871
1134
204
254
234
320
275
340
986
466
511
820
555
350
355
465
983
317
191
143
411
163
173
174
402
618
302
135
167
213
249
244
329
335
1354
433
747
344
536
423
428
756
173
437
171
741
444
534
599
338
799
826
485
224
225
418
128
167
348
167
350
411
167
950
695
257
216
160
646
145
106
533
543
396
405
145
238
357
446
169
124
125
166
468
391
281
291
292
294
779
878
221
217
426
427
429
444
262
352
478
776
539
850
979
352
436
427
750
185
108
252
251
272
512
526
216
737
211
395
434
873
415
536
348
862
320
168
167
352
670
206
220
286
316
246
917
513
543
456
613
260
265
128
129
130
133
331
650
118
511
173
175
714
265
262
469
123
125
179
198
218
809
360
671
338
224
228
318
1158
1246
676
682
160
465
129
129
208
209
210
375
224
412
331
144
297
651
316
839
664
1372
715
250
310
250
429
458
163
274
161
165
165
219
283
564
381
615
637
313
320
324
325
333
339
341
345
416
431
438
449
527
542
572
352
743
759
781
1000
1002
1047
602
441
1090
393
273
274
281
283
290
299
380
175
177
436
242
497
520
524
551
302
557
598
349
615
635
416
704
458
829
749
769
1314
1339
32
80
92
104
105
110
112
124
565
358
772
274
475
555
207
629
1661
472
357
363
692
473
720
407
858
858
514
407
281
527
1558
444
579
326
60
900
27
500
515
68
130
368
275
135
357
267
587
254
871
924
329
350
446
493
520
622
1392
770
128
344
131
270
194
309
36
24
25
26
62
69
1052
318
716
422
313
168
326
335
336
635
436
436
437
451
228
280
662
780
1104
578
867
330
575
336
251
337
819
239
242
346
405
533
471
534
353
440
555
933
456
817
632
420
540
961
1371
1430
587
262
262
597
471
202
210
279
599
679
205
708
338
467
343
345
1160
367
447
781
330
565
426
440
353
369
481
491
491
524
537
367
727
585
612
619
958
937
2216
1304
1320
1323
1053
412
247
290
322
335
449
469
536
706
817
892
1162
1182
1347
1587
1903
2156
2197
2954
2286
647
507
600
1263
745
368
289
290
8701
459
243
556
438
330
889
785
330
1070
566
780
519
672
331
1051
355
362
366
380
381
382
448
454
464
481
585
589
600
618
464
683
827
841
340
915
1068
1085
681
534
441
538
1001
501
1054
1448
458
184
255
124
134
588
185
185
202
211
315
330
336
351
514
540
646
770
124
328
667
329
330
416
415
184
696
190
200
275
324
330
377
397
546
442
380
893
335
341
1280
367
369
374
375
376
447
456
464
469
485
201
567
608
154
684
187
188
193
194
197
217
218
224
746
241
254
267
813
302
818
837
562
532
536
143
146
148
150
209
368
682
630
413
566
200
202
428
206
281
336
351
718
426
341
316
537
589
720
421
424
424
197
553
453
699
707
714
519
693
552
443
262
186
197
206
212
265
267
356
413
647
695
459
1083
355
361
463
487
862
982
1105
1298
192
146
551
469
346
349
350
533
351
346
592
831
382
184
1149
507
561
266
354
551
328
336
342
351
352
456
462
465
677
893
1026
1156
555
412
415
1295
319
206
280
315
323
324
343
576
595
608
727
1285
333
557
778
143
576
255
407
345
168
358
822
442
312
664
332
555
896
316
245
197
253
142
335
251
446
454
252
661
347
144
145
155
158
166
251
278
286
318
380
458
494
822
554
784
143
111
225
327
340
344
344
142
668
1046
1056
1118
655
521
1318
1393
287
245
184
473
151
152
159
568
168
178
196
204
228
269
276
328
333
468
896
693
1040
195
437
844
115
128
415
700
989
1247
627
726
245
146
151
109
195
205
257
349
315
316
831
347
351
352
352
360
361
365
370
370
596
21
722
91
840
282
1005
553
412
575
459
1062
329
461
564
694
487
726
795
205
208
247
261
277
324
335
1107
386
1197
505
637
294
1518
262
268
270
900
62
25
37
45
403
45
30
59
337
779
1064
443
238
340
485
167
401
197
167
95
95
823
475
407
467
583
308
1079
242
168
124
147
243
94
98
99
100
108
136
145
150
184
298
409
57
56
423
60
316
540
656
836
418
553
165
515
241
256
1544
645
573
358
265
300
575
22
23
1275
341
341
346
352
467
471
577
583
953
273
96
99
424
330
442
450
549
872
941
1048
1134
1250
271
218
126
100
101
102
127
169
175
257
169
440
678
767
263
200
265
271
556
580
268
835
346
407
689
746
425
458
317
318
319
540
750
756
901
321
471
99
100
303
435
338
166
757
253
393
508
578
1291
74
32
471
197
200
317
322
428
547
648
658
980
555
197
266
670
332
333
335
458
676
916
336
534
198
317
329
265
615
329
679
770
954
1203
124
648
223
228
231
332
533
532
665
444
129
126
175
348
261
265
306
733
723
863
320
325
169
127
537
547
766
401
362
43
51
79
542
209
609
176
132
365
141
570
275
589
647
433
597
354
443
805
815
1020
340
289
456
425
282
316
671
77
22
191
83
90
201
92
220
289
335
346
570
587
442
731
388
578
479
421
177
178
179
347
170
242
365
320
588
498
132
205
206
688
321
355
190
500
1147
445
331
443
246
308
253
168
328
333
330
204
341
411
467
722
221
743
160
409
415
624
315
247
512
622
307
446
725
263
607
534
168
171
172
219
334
398
402
264
270
585
1344
344
356
357
363
370
328
337
458
496
452
453
619
622
578
695
708
852
853
172
951
1222
642
452
272
629
544
2183
820
677
724
735
632
212
23
29
44
1424
60
600
485
491
593
726
842
972
351
263
981
538
462
465
516
262
911
229
233
2146
833
561
499
733
351
695
330
1125
1051
1056
533
941
1527
9014
1015
479
350
476
195
197
304
311
352
518
463
648
838
386
516
463
436
283
680
187
95
200
471
665
328
340
817
536
214
334
138
141
142
143
148
306
184
200
220
222
230
262
296
313
315
334
446
300
429
1093
268
1166
447
462
127
173
422
229
1278
314
1158
129
94
99
169
467
167
198
469
321
1169
257
514
756
347
328
328
213
126
334
607
692
351
463
578
584
596
167
174
177
178
344
318
383
724
475
1029
1367
7585
2174
133
132
135
136
145
152
140
145
324
351
352
248
439
334
464
473
432
597
630
636
678
643
772
924
834
626
705
817
266
479
352
356
369
377
197
200
635
650
826
344
341
196
202
341
265
199
406
499
683
834
332
358
199
602
402
784
330
447
407
333
196
199
200
212
267
340
350
705
452
264
441
195
199
208
277
337
345
579
699
202
333
125
382
124
389
394
406
407
530
657
659
665
674
802
1165
1469
470
207
216
217
333
347
417
503
845
602
1498
691
166
199
1233
547
493
607
609
610
325
843
862
888
1006
596
703
1085
1083
334
608
1061
167
183
353
357
360
384
385
398
398
408
409
411
418
419
420
301
462
518
525
568
421
585
610
660
675
682
696
836
842
888
909
934
950
1184
1247
1265
1295
1319
1457
464
365
374
381
385
391
391
419
468
521
610
628
631
650
670
688
696
725
731
734
738
751
813
823
858
874
937
999
1096
1137
1158
293
1234
1296
1324
184
424
258
302
436
178
203
225
239
546
294
421
421
432
367
494
590
333
197
207
209
346
269
335
921
795
578
216
340
470
623
398
511
518
627
733
495
1272
1365
196
195
173
125
130
132
134
158
168
177
186
205
230
257
332
349
350
470
712
1064
160
163
184
248
439
124
133
137
174
175
223
394
413
591
383
352
367
465
486
590
724
860
970
828
446
1503
800
496
594
909
393
863
140
172
310
338
658
411
222
165
166
168
174
218
219
232
236
297
312
359
458
418
250
346
423
423
208
968
170
1114
171
128
137
139
142
175
178
227
327
492
508
125
174
217
1099
358
644
594
360
202
920
502
579
773
1205
642
445
1435
706
581
290
383
384
490
688
335
196
201
202
265
361
366
1044
508
577
886
954
328
346
238
249
253
254
499
607
239
672
754
132
230
259
1093
360
457
616
384
330
543
712
167
508
209
118
1305
390
396
208
518
538
643
655
277
813
813
394
926
934
955
189
452
303
132
650
505
264
263
407
392
442
446
612
463
745
879
248
325
463
586
1698
716
221
198
1006
510
546
450
1757
916
910
282
199
1061
174
156
1205
2794
218
214
222
226
232
239
241
445
595
352
189
198
202
255
331
397
572
583
634
857
263
356
123
130
263
312
201
206
552
199
203
204
336
127
123
751
248
322
333
489
582
125
124
129
184
810
1496
494
335
288
302
303
390
1219
496
257
129
692
303
125
510
299
167
382
46
26
27
55
259
286
354
394
311
128
129
135
137
221
267
302
239
247
251
251
327
332
403
420
129
127
127
139
143
139
237
129
313
318
339
348
287
217
224
414
689
217
124
170
221
162
118
467
300
229
393
125
216
713
474
136
174
196
197
222
280
377
354
477
161
159
163
25
22
207
135
140
141
141
144
169
196
209
243
292
307
339
398
402
443
450
554
579
592
671
45
25
33
125
248
132
135
213
220
325
342
497
1255
413
415
596
260
142
150
167
232
246
274
307
331
257
357
367
426
246
513
170
389
212
516
541
350
667
346
1203
584
207
1348
197
387
177
562
263
327
983
244
429
840
609
762
384
118
245
511
650
663
1433
458
331
340
329
401
203
466
554
781
388
390
392
263
270
271
774
777
462
917
629
391
462
649
663
773
340
346
590
213
402
431
516
1643
388
428
280
326
166
426
432
403
470
532
641
265
454
197
334
1177
689
313
382
384
128
273
259
175
207
208
213
358
549
593
596
692
662
538
261
215
167
215
693
346
459
28
53
125
259
447
505
42
118
533
263
773
401
159
173
206
211
1035
642
252
120
431
886
1362
1237
197
346
403
465
685
810
341
348
74
582
69
691
1186
172
256
132
130
124
179
173
215
95
110
123
170
216
222
223
475
385
412
494
951
592
948
59
52
267
39
321
571
220
171
354
266
125
125
466
351
462
467
454
341
33
353
59
1172
452
265
217
128
326
372
504
685
972
326
431
543
865
1005
168
215
303
129
265
347
412
879
349
246
244
784
1360
526
208
333
126
161
258
349
319
459
268
674
366
763
643
721
1100
342
352
362
369
378
385
397
399
407
493
515
552
602
627
628
639
661
677
682
203
703
706
807
824
169
857
858
864
873
889
941
972
980
1025
377
1167
1351
1360
1366
1495
577
418
346
353
411
464
585
814
586
466
468
267
198
125
303
344
723
456
462
279
281
283
392
458
480
540
553
580
591
697
522
1202
991
1113
284
1209
578
591
353
353
368
369
126
482
488
492
130
596
604
265
820
835
670
345
814
269
209
263
341
618
708
125
123
903
382
443
264
278
293
358
371
374
444
492
546
666
667
736
859
955
1190
857
354
445
632
760
934
353
126
450
247
141
671
173
213
485
207
274
485
639
263
315
542
377
924
351
635
1080
170
262
4829
289
328
300
349
294
310
450
557
304
521
640
710
275
842
848
896
928
950
972
981
1125
238
144
158
160
372
514
458
331
343
344
356
327
693
355
450
1324
626
1134
1758
2382
285
169
182
230
309
178
198
207
219
226
231
239
245
778
478
489
525
661
663
785
948
969
1462
1091
107
390
188
658
630
687
129
106
179
925
697
358
371
374
376
377
380
525
648
1070
1543
291
443
943
315
330
1047
589
608
1222
603
604
493
744
754
855
697
903
935
1528
181
148
155
226
296
330
349
494
650
902
1301
464
486
894
1221
1397
544
726
1209
672
1067
525
594
509
261
300
302
701
407
436
448
547
550
625
755
788
966
872
959
784
502
503
866
866
1250
1421
733
518
927
526
1127
1331
1340
1008
1030
1019
2486
832
348
687
485
488
461
463
1953
1178
810
1399
1517
1000
1013
401
1278
1579
206
315
419
537
328
662
1015
296
296
388
391
402
349
353
587
467
704
348
712
579
394
48824
124
126
128
133
238
278
356
356
369
375
377
391
1111
1205
491
500
506
516
599
603
644
723
846
1068
1105
1611
1672
1755
426
341
807
443
263
458
355
185
184
125
550
124
171
312
694
266
973
273
294
357
366
325
377
388
412
479
497
514
518
534
569
800
832
320
897
903
1021
392
1359
482
990
261
1733
346
202
256
127
260
214
222
317
445
705
175
134
172
288
709
357
400
449
1327
723
435
586
632
422
954
230
714
206
164
211
245
705
955
57
79
593
346
1059
654
320
388
391
396
397
468
528
530
643
211
652
225
909
464
1052
592
383
705
414
592
240
1751
1475
466
310
310
735
346
323
328
411
417
565
590
827
843
205
524
434
761
860
1053
119
121
125
344
201
215
301
202
118
122
206
322
573
822
574
376
189
199
250
259
267
521
295
259
873
165
572
167
172
402
411
405
575
342
348
357
363
376
377
386
390
393
404
415
417
478
486
490
508
517
554
592
594
611
618
647
656
665
678
702
739
765
780
866
901
993
1044
1072
291
216
329
349
119
118
125
386
341
527
343
457
525
304
304
309
311
939
590
1199
466
347
349
412
413
414
515
80
68
526
693
465
417
349
692
465
573
346
575
305
304
710
468
752
1213
319
411
413
422
628
1103
1314
443
351
585
239
1125
238
328
1107
408
1174
318
512
250
259
270
319
599
347
359
366
426
503
511
540
570
602
619
376
888
973
1193
1302
118
159
352
263
592
443
355
594
448
728
1363
409
723
904
385
1692
332
268
341
1174
388
1038
1051
645
262
326
428
340
1020
1413
519
238
516
513
407
670
414
339
343
344
444
570
572
696
778
824
1069
918
787
1388
337
622
557
443
412
675
2177
1038
446
447
600
742
309
651
514
245
250
409
495
591
732
513
382
387
903
591
446
444
264
266
272
283
288
355
382
454
455
458
490
496
658
680
842
865
304
450
932
354
502
503
741
539
441
317
321
539
895
764
638
771
643
327
331
1042
1444
346
1051
463
553
350
351
358
369
416
450
473
482
496
506
521
531
538
546
586
603
625
626
671
679
686
696
703
706
836
840
950
1027
1028
1140
1571
1582
1678
1881
1913
1009
459
685
825
911
944
1080
1167
1278
665
1212
334
445
452
599
641
894
389
533
423
919
573
342
344
348
344
585
689
831
835
470
582
607
693
846
852
490
1519
1616
443
741
597
261
690
458
813
445
355
748
901
725
620
347
311
313
321
518
362
364
471
482
499
756
638
850
841
861
1095
1111
1507
1593
223
123
169
1053
636
341
348
751
1223
487
791
800
1104
384
1140
1861
673
948
1117
903
1128
1108
312
423
387
515
521
635
773
912
265
179
351
1573
305
408
409
415
416
421
435
528
539
543
511
662
663
667
675
678
660
665
731
761
784
924
1154
1370
1311
1346
1747
957
2070
768
2361
363
366
856
822
602
497
503
3152
933
3332
310
132
854
10637
346
347
299
125
127
224
305
305
513
207
174
219
434
124
213
262
124
168
174
594
447
753
1235
1547
1826
376
388
713
382
1153
1175
320
423
195
279
334
362
426
431
484
559
939
129
124
637
646
376
385
388
515
339
533
343
438
1175
695
929
278
1379
194
130
131
150
167
284
596
221
479
1497
859
563
263
447
444
766
376
463
348
806
113
461
940
116
406
324
832
783
383
197
201
203
207
268
271
468
460
706
812
933
782
510
313
139
454
1058
2006
332
169
202
383
211
215
216
130
456
266
273
275
296
275
322
334
651
663
512
360
646
1044
586
821
1045
346
384
647
1175
1788
184
188
377
388
340
186
189
190
192
918
203
206
208
320
274
448
423
1182
444
185
216
174
266
197
556
171
174
315
857
925
267
344
356
203
209
460
463
467
266
602
426
438
740
946
877
725
1248
862
638
314
374
328
334
548
246
958
1098
115
116
241
327
594
657
584
125
215
586
348
971
1073
263
357
202
405
547
266
202
1218
1075
316
211
131
132
346
135
270
378
397
769
711
898
346
1179
628
523
339
376
458
747
642
317
898
185
425
1485
874
728
380
593
378
384
385
387
703
525
833
659
893
1079
1341
1654
560
1531
1887
1621
594
704
368
192
128
158
177
192
252
268
285
466
600
456
934
312
440
342
470
583
174
943
343
445
470
942
346
185
448
952
351
594
763
575
502
637
638
340
347
309
213
125
380
184
188
189
190
248
953
1357
524
747
1098
1325
642
352
354
915
1021
184
716
638
472
412
361
322
631
716
855
888
712
982
780
863
1049
1115
1652
1787
1579
499
1652
398
783
628
1212
3967
770
507
1304
663
514
651
652
573
343
346
471
693
1243
462
1463
346
464
763
523
432
521
1096
1274
1961
640
381
392
505
507
827
655
663
351
355
917
590
494
1321
318
212
170
507
581
441
347
187
665
285
578
194
327
1161
347
346
361
373
376
384
385
474
482
521
601
622
629
632
639
163
721
863
887
217
944
1025
1085
377
313
555
332
778
170
126
151
236
112
347
118
151
204
236
348
111
197
401
741
691
340
269
339
347
550
238
403
446
1125
438
1192
125
616
505
506
160
107
119
333
354
169
124
776
704
346
1613
297
224
505
376
377
170
213
216
572
1079
311
312
315
316
317
421
530
537
551
762
826
170
366
413
503
511
659
598
616
630
718
869
376
968
683
672
1686
797
834
111
106
566
313
1470
841
259
264
463
593
349
352
352
462
708
604
803
346
456
460
939
406
951
250
251
262
263
327
353
431
501
515
590
840
935
464
955
713
474
409
304
305
313
414
519
577
357
359
381
382
477
505
1090
633
716
733
495
570
376
378
635
505
643
318
325
326
428
1212
161
328
347
801
1614
918
402
556
2567
1229
653
655
657
803
370
3563
1133
1258
1278
1282
852
1602
501
239
419
4600
927
813
1056
376
383
632
638
771
409
12129
570
236
149
168
176
318
622
1026
521
525
751
242
262
1023
318
1199
407
402
1049
1202
1021
688
380
384
386
395
403
424
433
443
447
702
463
520
524
553
558
594
620
695
727
419
756
760
768
773
841
402
864
384
911
957
960
965
545
562
566
1030
1048
1106
712
1292
1303
526
1493
1575
1577
1805
248
416
401
203
483
552
426
535
1020
896
426
426
751
585
349
350
583
835
823
770
349
382
396
397
399
636
644
662
903
1050
1209
1512
573
502
263
130
571
266
1031
1176
363
576
581
613
713
248
968
1395
530
1152
329
665
1183
857
326
540
656
665
760
890
890
511
513
376
454
503
548
196
198
582
586
463
242
648
239
383
384
567
537
427
262
271
276
462
674
724
772
479
340
343
749
456
700
320
332
435
440
552
560
566
576
1043
1180
342
441
354
533
415
422
833
413
211
733
194
462
483
136
176
447
198
199
206
348
348
462
477
924
1285
445
262
468
483
333
414
499
514
575
674
827
706
408
202
168
271
338
346
322
1186
949
260
267
270
307
319
445
351
718
601
865
1114
125
348
548
126
257
239
252
332
416
1405
333
242
888
493
1372
759
125
132
119
317
325
201
350
246
404
853
981
1520
515
882
642
615
747
760
358
997
348
355
579
588
721
1406
362
366
368
512
514
519
524
1056
327
1582
127
1145
349
1408
445
901
329
3477
123
124
136
417
428
1059
345
332
724
836
356
474
558
708
171
574
133
1116
329
365
367
367
371
375
375
420
605
614
728
1369
497
207
469
594
933
1520
1545
1568
1794
1098
2181
1002
11292
122
130
160
362
172
210
343
512
710
347
348
967
311
413
346
412
431
433
706
635
982
997
1003
1009
196
273
824
589
705
425
554
321
322
328
338
343
345
426
461
480
552
556
590
328
329
657
678
700
782
976
1014
1696
764
170
463
124
455
1347
1208
1527
458
1000
346
440
691
332
350
670
428
590
585
984
1188
848
1173
1381
332
439
1063
342
457
226
362
125
126
176
230
293
311
403
475
450
331
333
439
546
664
761
771
871
1005
1406
222
168
829
348
166
171
172
176
176
177
248
286
306
499
547
350
353
362
375
601
724
864
937
1093
1095
1122
1142
1279
941
343
354
468
557
569
574
696
702
926
1052
584
1238
344
353
1656
507
737
874
1099
1229
225
288
314
350
321
568
791
442
772
383
385
386
703
283
350
166
589
597
472
465
347
381
646
167
424
167
170
179
319
328
358
367
561
643
689
1123
923
1532
1547
813
1061
343
571
643
383
775
424
426
428
754
955
196
775
435
437
268
537
465
476
642
464
443
585
256
605
751
353
355
708
880
522
1158
318
327
333
340
342
561
663
664
227
788
128
136
907
1006
365
437
1177
525
475
460
335
198
317
317
744
124
217
742
422
316
225
283
399
357
365
560
451
643
595
351
279
281
283
467
542
573
639
666
738
924
263
263
535
439
469
1525
256
256
113
47
631
343
313
740
915
196
202
203
336
476
483
334
547
226
165
172
229
445
995
489
493
1215
773
336
196
198
205
387
343
472
263
264
269
362
441
540
743
442
304
420
425
432
527
736
746
1136
383
514
697
341
933
110
182
329
340
468
557
579
681
215
799
463
125
220
432
256
260
145
345
194
270
345
345
348
349
359
360
463
582
591
838
1067
1312
596
363
471
477
481
