Waf: Entering directory `/nethome/dkochar3/project/reproduce-red/build'
Waf: Leaving directory `/nethome/dkochar3/project/reproduce-red/build'
Build commands will be stored in build/compile_commands.json
'build' finished successfully (5.150s)
Load generated: 792200 bps
Number of response times recorded: 17511
97
113
246
194
120
187
266
178
217
173
395
354
224
211
282
235
479
493
545
569
520
323
384
446
363
368
345
454
518
468
399
406
573
550
567
578
664
463
506
511
871
651
779
1059
643
951
465
861
810
904
710
637
811
528
592
557
1232
923
646
996
979
1087
831
1372
724
480
481
590
927
1159
769
925
1127
989
983
704
666
1329
616
765
665
1076
1239
795
875
718
786
651
1615
896
1616
1090
1917
748
900
1168
1875
1051
1289
457
1154
876
940
674
508
890
707
1099
2179
627
444
2306
854
1416
1835
608
354
640
632
619
517
2435
783
618
677
1637
2062
517
634
641
1192
1136
729
705
1019
622
733
696
697
912
1598
1143
808
1429
845
770
1160
2303
804
643
745
997
2848
735
824
794
701
2518
2687
2417
2660
802
2782
1259
690
521
553
3727
980
650
607
2026
2368
501
501
750
2791
520
638
523
3000
3804
904
958
913
1389
920
1287
2653
2038
2345
3535
3657
2852
566
576
2471
3937
492
589
308
916
3245
740
3633
884
521
584
3753
2624
2977
1885
1705
1616
503
3650
3531
853
3899
779
2738
3292
3239
2224
2490
463
468
4113
998
3473
858
3082
3481
3470
3631
475
570
440
2853
495
4861
2713
1117
3512
476
3816
2339
3187
779
816
5190
3774
4846
771
2973
3727
888
2337
545
3664
4359
1414
5513
1349
511
4850
5656
4048
792
3697
3849
599
4440
2239
4484
5680
3904
3644
2034
3825
752
1941
664
2885
2892
5300
2898
482
489
3005
3929
5813
517
3400
1904
2208
911
5237
548
1911
5265
2950
5630
5172
4641
3947
3622
3954
1268
3480
3498
5094
5572
5701
2917
2914
763
3711
683
2508
3640
3645
4755
2628
523
3518
5990
3649
3946
651
4541
2132
6038
5867
573
5515
581
3307
883
646
2631
2135
878
2773
5152
2605
3153
3027
3741
1886
2908
3465
4597
606
3769
2535
793
1841
733
439
5250
779
3644
4033
7126
2810
1915
3883
3450
5502
6712
818
479
671
1636
5633
7897
3851
6809
6194
2049
3942
4137
2815
3640
3211
2427
7656
786
514
6050
5248
6723
3536
6168
2838
2649
4925
2072
680
6186
2239
2283
2695
7968
1978
6256
4933
548
2041
7399
5649
2172
974
3861
7089
818
3984
826
3601
4121
5537
1574
4787
3306
3132
3535
3461
3579
7041
5780
5962
3807
6683
3348
4629
2877
659
2517
3960
3526
600
4818
6124
7537
2987
7667
3596
8409
678
637
6366
5612
5726
3496
8900
2590
2592
6534
5801
512
498
6630
951
5511
3541
6452
3317
668
5307
595
6038
4489
5601
5039
5826
3818
3572
2861
5312
5941
5981
654
10131
2603
5069
6514
711
3717
5070
8844
6781
3848
6669
6852
1924
9086
9713
8520
7152
3863
3661
6303
6461
3528
8008
7208
2509
2564
8475
3517
6734
6949
3500
3616
3811
3516
8260
3696
5685
7372
5836
4272
3310
7598
6726
7040
6866
3095
7755
4001
5784
9249
3977
7683
9734
3799
9632
3792
3781
3696
4134
725
6123
6620
3144
4188
7228
4034
7421
1050
6759
5373
2591
3027
5112
4062
7047
11031
4232
8499
5621
3744
4038
8842
6847
5638
8936
5122
4452
3731
3705
3749
6011
11183
2952
7418
7239
4607
9770
5710
5759
4627
6612
12069
6787
9748
5518
5732
10374
5284
3724
7427
9605
3706
5335
6590
6904
2869
681
796
5682
4114
9793
8509
8228
6732
7695
7411
9613
8488
4116
5325
7241
3679
3169
11076
6913
7046
7232
5893
4073
9624
12611
502
12575
3621
764
7543
3690
8863
9870
11232
9640
9577
6381
9793
3715
5924
6482
9827
4188
7311
4012
7368
7420
5554
5555
6659
7189
7216
3987
3862
8544
3722
9436
4488
886
6501
9944
4062
9434
13434
11908
10220
9503
12049
7750
12771
6329
5156
8219
9533
5692
5225
5628
6891
12158
10603
2624
10022
10659
9431
697
10056
10249
4755
7211
7663
11495
7139
7162
5091
5987
6799
6807
3978
6748
8519
9747
5535
9594
6373
10345
9045
3664
11313
6054
2735
11684
10531
5987
3786
6007
12691
914
12726
6381
633
11734
9771
5848
13468
12788
11978
12253
6946
9848
11409
6909
10986
6612
7587
6675
5356
12832
11241
9953
13536
7940
7266
7344
9684
14768
9997
9737
5994
6848
8638
9677
6559
6915
6569
6072
3559
3765
4023
6229
12736
8202
5651
11314
9669
6729
10708
8555
8563
9565
5790
5702
9889
9530
10044
6937
1045
9935
6036
9731
12718
5502
6972
3696
3699
5658
11156
6847
9134
15306
11412
9996
4080
6862
9945
6868
3370
11167
9329
3912
11162
12638
8460
11530
6554
1023
9693
12443
3527
3532
7376
12671
11188
13324
15856
10178
811
11336
14153
7492
10168
8990
8266
4854
16210
8571
9992
6101
13654
17134
13087
2909
15169
10947
9686
13183
11436
13241
12057
15252
8809
10069
10053
7618
8938
15797
9532
14741
14616
11131
12727
12264
10260
5352
4090
843
2944
11895
9922
11541
11020
12678
15148
2576
10548
9554
12957
9064
9199
17949
16028
6682
10205
10482
11294
8563
10559
15258
14708
8995
10322
15963
11164
16568
10689
10140
3626
11606
9554
12140
3803
10598
14966
15764
10026
15834
9951
17217
10977
11472
10044
10247
14532
9855
12203
13989
15619
17559
6269
11212
9856
18895
12686
14715
15883
3715
3715
16313
610
11399
10122
11765
11730
11773
798
11065
9950
14927
16645
15396
3773
15417
16069
4258
6753
12248
12897
10541
17302
12772
9565
15221
16828
6793
12788
17604
7152
6817
2880
11277
15103
12240
7039
13054
16593
11425
12185
12630
6890
10770
14231
10085
15853
12367
5882
19191
14751
15390
14775
11319
7776
12738
14644
16998
14053
8803
17798
10270
7719
12178
13151
13547
5452
15986
15258
11745
8441
3677
10671
17916
13117
12574
16022
7861
9120
18736
3961
12398
17686
17876
13093
9909
15234
9735
14776
13254
20933
5447
5622
3666
20551
6325
21188
16100
14735
14830
14424
13649
15099
12933
14513
6661
2591
6630
5714
11752
5730
12962
13696
12079
17870
17973
21350
16456
18643
13016
8722
15118
6147
8729
13528
17283
10067
3531
18373
15139
13003
20647
9985
8889
8364
1217
9214
12833
8600
14553
15313
9800
5438
20993
9990
17366
12787
13789
13885
9552
15040
19018
13305
12892
9703
12889
5726
14495
4289
16628
17975
19382
14707
822
19526
15681
9708
18773
10547
8053
13564
14515
6529
20195
1141
11498
4201
11268
9394
10111
15004
3687
2978
9358
15437
845
20737
19200
14688
2901
14703
19127
3944
16572
11436
15125
1126
20988
4384
12704
11664
19837
15577
16413
18046
5884
15749
11024
12271
15408
10167
14230
18877
14694
16454
23690
1379
6796
21024
23169
14918
6282
12895
12945
3695
2795
3719
2794
4917
4925
20003
11188
11210
3846
9885
21814
12069
19096
16637
18464
17819
19857
20893
17142
12597
12003
5288
12038
3858
11153
17658
13035
17853
21372
17284
14621
4683
11809
18898
1137
2562
9372
21600
16871
19853
13207
17701
23871
13506
3950
20991
20999
4611
12087
5936
5940
14523
4369
21706
3840
2884
9623
21887
5958
3906
20354
15335
22866
9839
9860
16237
16099
3087
18341
5659
15524
21123
11312
14509
17521
19144
21355
4412
19915
3840
18641
16267
24837
13749
22067
5795
17338
20931
18683
14542
26013
22655
3810
6813
15227
22633
23309
9601
20400
9407
13428
21048
19500
20642
12944
5654
9040
9709
4501
15089
16607
4368
6784
18949
11514
17723
17469
21888
23826
21654
6572
8815
19884
23788
19584
19147
15569
18768
18374
8483
18932
23942
11721
9050
5896
9055
26392
20032
14684
7672
23219
18270
23291
3696
14320
26485
25629
12109
16134
15657
16702
6679
14779
24694
2934
9749
13769
6948
15581
18400
14452
5840
7512
24529
18830
21816
27613
20916
3050
10006
20863
19613
3923
6018
23902
20623
22594
12285
21543
14827
25073
25072
10357
19716
19157
17178
9753
12440
13118
11596
6291
17091
19248
22200
2792
17676
9639
27815
9968
858
23547
11546
17358
21390
23680
22244
1277
10984
13528
22562
3677
3997
10020
25165
7100
9428
13110
25124
3729
10194
8144
22189
3354
22209
19783
20673
23792
12330
27526
28735
13210
14506
27649
13996
1016
9257
12469
8485
12901
10695
21158
21077
15004
26771
13335
21715
17704
21485
18383
5149
22481
27258
19216
13232
15898
17696
22441
21906
22183
801
22948
9706
15251
12118
10150
14547
17614
26471
16438
9687
11536
24024
18044
27903
15569
16609
11672
9707
12605
3834
20805
15163
26756
3981
31101
14024
12601
12792
22978
24161
24088
3800
12937
8076
16313
18759
27853
25450
11732
22983
10094
24847
18494
22820
9676
12508
7138
16086
21521
23185
6675
22840
16717
23677
26020
6168
23593
23807
5394
4445
20606
24305
3743
25631
23924
7332
27725
10558
14628
31970
11185
15266
23040
20206
3595
23699
3613
29182
14665
24393
6313
23353
13549
30587
26882
18434
17647
11403
26618
13295
9913
27127
21636
981
25632
26956
16311
16647
23362
13975
25462
24751
23848
10853
873
20504
20264
19170
29785
27695
31000
29743
12192
12873
3879
17864
12725
25358
30979
14852
27020
26052
24967
9948
15906
24641
12975
28504
30609
12544
30100
20190
12642
18417
30865
30855
3804
24761
5166
21693
27917
19669
650
6770
31791
25529
21847
3129
29308
5668
31240
11375
27464
27017
3789
25901
25955
26678
30441
31115
22181
19014
13275
31699
3666
32293
24087
2929
2939
2944
6831
793
28693
21692
3107
15787
21873
22526
32532
20698
32821
27953
15961
31178
2879
8887
26872
33683
17645
3696
9893
3747
26738
6050
30247
864
13333
14717
18334
3902
26360
22868
31942
27604
25572
17940
17910
26637
22617
30377
30408
33176
18149
14392
18714
30909
743
11026
30138
13577
5091
7664
32611
17885
21864
12615
31373
2892
9540
6248
27822
17875
1128
27810
20673
3797
35590
6180
8457
8658
32560
22181
27406
22472
1480
12823
6063
5528
3697
11768
4443
12952
5653
3869
23752
8373
29374
24434
32805
906
33748
24438
28423
15236
1388
25976
21929
24468
30313
24800
5834
29089
3506
18151
3934
13777
21675
475
23117
26575
24823
15383
20797
29119
28666
20693
18503
3720
3722
5323
23770
3827
25431
18234
4594
4183
3826
12434
3790
21853
1897
6676
10334
18210
23705
10127
36826
11399
5699
12036
36580
4080
26901
36100
22711
27205
15156
35430
27324
5160
909
13311
4693
7183
28413
30429
38257
23835
31855
22284
25846
19170
23679
2888
23293
10278
12726
7128
32943
9127
23530
8542
6624
6624
6628
5410
36111
9514
23836
18618
36841
1102
25134
24028
31376
37084
6450
21309
3923
7393
36874
12961
19008
3913
24250
25684
6973
35707
35791
37372
18949
18769
26063
29158
32393
11650
25884
33490
7361
5360
26854
26299
6041
3972
3876
23276
28554
22316
15322
6055
13294
36518
33980
33457
36048
14969
2432
20194
35337
8994
36050
9158
24044
24734
26838
14253
22065
38985
37180
17547
5863
6391
38889
13551
6304
28707
5887
13686
6890
6409
36136
21456
39548
4254
13403
7628
38689
2058
22665
3178
33905
17439
23234
5977
22549
21953
9895
33120
17224
33054
6221
23169
10448
2733
31282
21897
24801
6796
9740
28534
6145
41652
36084
27376
7050
6689
3319
29776
19239
28291
36483
11706
27939
13791
4279
19117
7012
9958
2995
30527
13231
19534
40055
17640
12037
27861
958
21972
11988
5793
22047
9980
31579
36839
22753
593
13583
10224
21748
31235
8407
25058
35413
793
18881
23309
33826
10161
27566
37170
37185
41645
36972
42161
23820
36794
37391
24058
34353
29061
3765
3876
37643
40487
37091
7988
34610
40740
18096
7031
24716
16069
33679
10830
29628
27336
39329
13434
40822
6958
36245
42909
11046
16269
41577
39876
27012
35922
24004
14168
10052
40392
36719
32485
10212
11907
19212
31828
32737
24467
2021
12922
3438
37034
28393
9944
31976
25600
35882
11461
10406
5520
10147
37274
11822
27232
2951
18448
7213
24986
3760
27213
17507
3691
25623
40252
15153
34327
6822
6830
12766
33023
3025
31789
4046
8013
9845
26877
9604
27905
13168
41837
30611
7377
21653
43825
25554
15031
29731
16384
39808
14744
7096
17808
45374
15125
14397
6106
6118
35325
22484
26625
3851
35879
21518
7190
13566
41651
37016
22941
46397
20364
45756
45113
5550
24670
47948
3672
31251
6206
39316
24702
9899
14673
36973
45667
11497
40092
10686
14786
29090
10580
17599
25229
5948
13188
32725
33377
3905
30778
15035
4586
5083
3308
16212
46330
2615
41426
5914
25750
25759
40383
5723
33824
14809
20958
31214
28015
28027
3974
45139
47438
30396
39012
27230
3965
9813
46706
41461
16395
9177
35439
1080
49486
4236
10356
19552
39899
47292
4478
17516
48154
11539
18805
32884
28970
10561
7452
8825
45193
7019
48354
13259
36815
22477
5205
19029
42285
8728
15439
27256
40886
12956
42782
46208
25526
3867
42283
6182
7714
32835
7097
37084
46994
8704
47893
46478
15072
51185
12215
24914
3754
25221
42834
14250
3668
7411
48126
8910
8687
8691
8991
13690
3905
746
11696
19174
32142
788
8943
33686
906
36243
7839
25140
23807
9539
48488
42841
28433
28463
43152
9747
25808
32988
19784
33122
4398
4105
6727
16677
52282
26499
11866
24147
41843
24131
14077
31216
4217
6922
32643
11235
24938
29100
11755
51357
7681
20537
9971
17379
19197
29415
46064
15375
5957
12856
14042
13430
33068
26830
20800
18890
28107
41798
45550
17113
15621
14261
3769
43666
7086
9010
21875
26690
24779
9847
12897
43284
19799
7342
39663
8427
8461
1160
2619
3976
19457
46952
26943
27156
8627
52039
46969
12904
20822
20476
6357
44775
14212
5618
40858
11758
6748
31255
6902
14307
23909
23932
15903
2900
9655
34463
35987
43606
27139
14811
22014
19250
23644
8653
19784
49303
3637
16686
6697
43221
36997
23454
27896
53308
32618
47802
3275
9864
8331
5072
10390
24002
3939
32783
32786
4494
22672
47580
5719
50623
2707
18648
53909
10782
12696
47675
45751
21090
10176
12104
5959
5538
43834
7284
5872
25309
11032
5497
3855
49057
31805
11549
13498
20111
42997
14842
49763
11779
13314
6914
56540
36421
29267
6004
9797
9265
43416
12921
12216
16098
21676
12033
42845
10069
24389
8669
46572
16810
18874
5226
34950
39902
38035
48715
51616
7938
35075
41130
14762
14372
49843
24725
16396
45729
13322
9094
33156
31079
30381
11528
14217
44391
26691
14340
11761
50386
34986
17402
3700
46425
57937
3690
56297
6883
31554
9733
9738
47645
13154
21915
29998
10742
41810
24054
7765
7238
3914
40550
17604
44803
15477
48120
10506
7788
42260
11173
4018
14781
21906
53683
3906
688
47584
44841
28745
17638
36917
6281
38301
20304
4247
6189
48509
37272
6592
48405
10564
19351
9739
47735
1198
21083
27506
21311
6564
33367
59673
3876
13166
41680
4065
19453
37667
51164
1070
5745
6830
22256
17557
11693
13224
25500
10771
47902
21838
5352
3386
47485
16163
4241
4313
54582
22074
17135
20309
23883
46647
27625
17999
20081
38671
24588
15632
20427
27042
10786
805
31501
5761
21824
11570
9927
36331
805
51221
5946
15023
53468
16708
20394
42144
20306
54173
60010
1297
6465
10221
24930
59136
44923
48106
3810
14646
13933
20648
43442
10162
57383
5871
47228
799
56214
4682
20995
28379
44847
55463
48626
11096
57681
60475
23261
24207
3719
18401
11933
25487
28178
48798
48804
48828
20745
21729
21736
55662
5838
23852
24544
62823
32667
8762
14215
56352
19462
33726
29955
37005
25969
10681
3439
26635
3043
21571
46645
45198
8985
11097
3064
7992
13063
51241
44964
8875
33841
50194
28638
30142
24173
60968
43062
4376
22360
17106
4669
13611
19725
15482
48244
53254
7126
13230
40246
33936
10313
4280
42893
3868
9995
26085
13238
51215
15613
26254
33500
64237
64811
3738
58600
60780
52264
60394
876
5898
53413
29450
56364
4831
1019
33371
57636
47299
11117
35324
29728
22045
17740
63597
6091
6274
62988
6399
59293
21363
61204
18926
33762
15947
34293
31977
58405
30588
15054
9033
62952
9602
65217
32915
37603
6846
6859
9429
60610
63470
54818
52383
11061
66117
4285
15334
33305
7797
55241
16523
30783
9668
26467
12763
7921
16021
27027
7858
59562
31342
1097
6806
12139
24931
26167
7079
17103
61532
12453
58120
50730
35555
64569
66287
6561
7385
11127
41758
8796
53785
12766
22159
8934
27622
10916
19624
51345
4581
9912
14882
36724
3175
25233
14294
55592
66509
16855
9821
15318
25489
32353
21995
17566
15371
50712
14864
17316
10964
6954
64660
35809
30886
36318
5662
68838
10209
26221
7845
63924
3520
60823
56602
10404
28474
62569
29596
44877
9938
66493
7020
52983
13098
6939
5667
5987
817
19007
1316
9874
9877
11107
25004
3694
44450
37508
20493
19238
28015
16292
7275
14835
24370
39017
4077
49286
11612
49337
12211
6599
52659
70380
64662
12505
5493
67456
66513
16764
64221
17455
19240
24499
19327
9791
9849
62836
27172
5935
21677
66256
11421
67275
1160
35104
6254
19663
13348
28454
67139
53786
60210
1045
10398
57991
12802
3914
22891
11835
66372
43167
988
989
7735
4055
807
28212
9167
36233
4815
8975
40472
30145
70444
13336
52679
4246
3232
4266
54555
33524
50882
5327
33598
56687
41428
5908
24717
596
18181
12536
6009
15202
10022
19303
56312
23485
22246
7180
20268
28407
10302
28563
10323
21835
47598
7267
14553
21147
11144
11176
23924
17874
52913
10550
73201
16027
1321
45653
3973
60732
10972
10503
63764
36325
61414
15322
4504
18090
62919
14225
9731
15823
28887
48655
12069
61875
5932
64996
5795
963
56932
55553
11961
4347
52274
16854
64863
43982
19589
65415
73813
1471
5773
16392
56107
12728
19318
8188
41007
26840
20892
64113
32835
19738
3819
75078
63036
6838
10240
35915
5873
19312
17364
57621
13251
18400
73632
13277
15039
25821
33833
26780
3919
3920
1340
17830
10986
63385
3709
8091
7042
47374
10963
10357
30731
23784
14189
14196
75183
6114
24447
4808
14299
55113
78291
18846
18847
71679
7078
21479
3903
57050
5492
14877
3981
3285
10022
80490
48861
66782
73277
24932
26411
3490
7087
6026
1259
8843
4737
19598
19670
12304
57721
67024
26818
27394
22265
4762
55074
70341
6237
9721
7440
47500
5783
70287
3908
47701
5330
20006
54670
10594
1209
75138
9880
40223
4059
13842
67820
48382
28835
8827
70158
3854
8753
10637
6797
14106
13601
12043
8824
1583
3958
4152
61399
12002
7039
6961
72742
8652
7251
4150
17894
4084
4599
48099
4134
3197
21599
20490
35922
9521
38082
5971
747
55827
9686
50931
50310
6246
3903
59621
3972
2595
4752
19692
19147
31510
11478
43679
9949
3483
32098
22875
67368
69997
12712
6553
69474
76943
36879
73550
12144
42202
30345
5547
3925
9923
1054
4308
3895
82240
3769
7343
6762
6768
42263
72163
13394
13161
12463
54222
9712
71064
6120
34534
6829
35676
31473
75540
6460
9056
74893
73249
7372
26907
6210
78102
47761
42291
6844
17136
44446
11082
24839
10375
9931
7133
9855
13060
54147
23513
3170
11930
57468
11784
19329
1745
20979
65610
42320
3115
71366
13838
27062
19893
6209
6225
32979
23674
41592
27304
39594
7263
9211
3757
15751
69481
39325
3335
79231
43794
1111
14566
23016
12157
47757
9629
4551
29467
22289
11943
20230
26855
3257
45830
31409
25969
3644
46839
60933
18572
14493
27961
17035
14513
5189
85807
6359
77537
89002
3005
52954
6942
27685
2936
48943
15397
3806
14243
87540
17926
6996
80627
23783
17612
20761
35416
84094
3510
7629
4354
7013
6785
17927
31372
24657
26532
3934
3935
66751
13156
7180
15663
11188
5005
9858
55075
4267
45185
6114
3110
4324
5967
43316
87619
10153
18335
4612
23650
43598
18144
43435
3017
17712
19625
16658
4014
75735
59732
18685
12073
7973
4763
23898
35759
16003
8721
10262
18866
83058
21814
25772
5269
5277
68381
9986
65546
15437
24259
32031
3852
41243
2710
30787
40571
9996
39925
32216
5814
14720
36754
18883
24794
4001
8571
11873
3888
21922
662
9942
44882
29698
20150
46359
27666
27265
17830
1443
3740
84974
6376
12195
19263
3773
78003
27908
23149
901
80774
1095
27308
7324
28032
1127
7404
18323
45854
55892
28508
86842
777
10152
5749
905
21770
917
25682
7210
53570
13939
74407
29213
3932
92856
8707
8413
85183
8837
6033
4149
10109
10984
48122
17058
19122
7304
4370
1497
17292
36716
7705
15242
25522
19055
53980
25480
25527
19214
3315
83270
17962
3087
85165
6714
87549
68249
684
22372
9617
1014
36324
35239
25066
4112
93869
4356
81074
5012
90290
1665
1636
19077
55745
24568
10835
96769
10948
84866
24768
9834
12121
16240
73940
22746
90049
15164
24979
38933
6923
3462
86238
87887
6366
96014
53153
25294
15800
13304
3810
4539
3749
58016
16226
24816
4004
9760
77416
1936
66829
83620
13003
865
11135
45701
9747
21840
37809
34529
13769
56957
46667
10588
43710
13713
72231
18774
3283
92815
62267
9811
1325
7739
94951
9702
87318
12315
59492
81326
12205
52581
3919
13132
60516
94972
25780
17800
3000
12127
21412
58884
754
14327
1120
19061
4012
5502
14995
13352
80294
39542
2934
36536
1180
39666
31157
95965
30521
98498
5126
11426
11712
5190
5199
12740
12746
28825
12756
633
637
15223
11574
52042
70170
3882
9795
41604
94357
4130
10587
83003
872
66418
54112
93077
32971
98388
10315
43227
3064
10388
10392
19065
919
68747
50245
21991
99907
8774
16159
77691
49821
41875
11877
4052
17990
16913
6286
28651
4043
22608
30947
85667
28134
6840
17368
5332
42505
6050
6051
31294
31319
3900
5919
23964
17770
13046
38090
39863
80657
4505
21237
33627
5920
102306
97165
52811
31913
6761
9912
39484
18240
3994
88390
14560
17949
26775
7024
32212
43624
12156
4036
935
12768
9218
8725
18359
87179
10230
6007
87459
4871
17545
13786
4373
12989
11223
7337
33171
13323
4750
15064
13640
31264
50757
33326
53021
5740
11769
8287
10285
17965
5929
3982
800
78754
66391
8718
66426
41420
10449
26300
6701
75608
12898
3287
7546
23005
17604
28054
15485
6772
9358
39874
3774
69288
9015
4060
21175
4483
9836
28388
3955
10710
95352
8091
35250
3705
95448
94752
19574
100576
95535
96024
832
21278
35510
97061
15814
10543
100066
36936
3800
12407
13908
17315
978
993
10443
35473
19225
11907
47666
22646
4929
93729
14996
11464
97878
17534
57063
11956
31897
3942
4992
9685
74574
4301
9341
3336
28842
13679
21792
5655
48639
10022
20743
12302
15874
6748
30164
57011
5827
661
662
12194
26703
45009
18848
107473
12370
14363
26665
10468
30868
103138
6307
18020
11513
13411
50045
12882
19531
10853
24678
23240
64144
6010
50463
11572
3923
7439
19603
9949
1286
1287
16158
15843
13764
103240
25647
724
5980
1332
9539
32437
10513
110765
6024
7780
12344
60860
12388
3990
14960
35115
5880
96829
40480
5359
43397
9209
106449
3525
21852
16789
58657
23738
42108
22375
89872
14304
7177
31011
7227
14160
99511
14485
6136
29071
14341
41222
105135
8260
35585
903
7277
18092
51576
41457
20768
13592
27408
108998
972
2603
99133
13270
17986
13574
10327
10029
22132
10149
3833
3965
3834
113281
37539
6778
5972
14285
2740
32782
3792
14346
105957
13114
99789
99795
15226
24064
8795
103189
16833
100044
15859
42708
5947
94517
83604
4010
12553
17690
16341
16354
1266
16219
64384
6981
3771
50287
13249
1207
6831
50641
40849
17981
3942
8848
9762
3158
114115
4235
9972
38279
103891
97966
12281
3862
9614
102846
25562
115485
16338
981
29240
11302
95114
678
4155
15303
45903
93893
3891
63352
101984
21282
4427
9790
9880
10008
10018
8337
8142
3253
4992
15270
96837
2761
15620
6838
947
17612
1228
20320
18472
31921
2530
10993
75681
105566
17983
8891
879
10059
12992
8997
26159
6180
53844
6595
111386
4197
5851
104830
9008
11430
13817
57211
22944
9496
105212
2629
9918
9919
18993
9998
1793
6854
27247
58512
11554
103621
21827
10887
14961
108778
12253
10419
19661
20039
20722
96884
3941
3955
15757
24278
112499
19933
4580
112726
5405
45324
99618
106667
86231
3815
97344
117793
1303
3388
24923
18131
21024
63993
8666
34600
3458
42911
871
10738
3774
25549
25297
3229
1449
18601
21915
97276
22910
116638
3953
85939
114161
19184
3902
105904
7596
7012
7071
24491
120326
7217
20627
31369
49885
9951
6978
18188
26656
10753
26069
13327
26947
108860
3270
8201
37838
25434
20815
50620
916
11535
7658
2554
19721
1249
80645
3256
10966
100030
7326
7328
12216
16553
7356
111197
6265
102825
112961
100760
27913
6873
746
32779
21188
99403
85777
24770
31787
832
116110
5931
6572
82839
23783
25013
4205
63306
50466
1119
38985
12187
103568
24828
11346
1172
3855
27075
3419
3901
1234
19310
9798
2740
3839
9765
12686
13973
4106
4223
12899
845
97658
104240
7845
9773
114525
24935
6478
116905
16066
7740
10009
3918
4747
118344
7859
117359
26029
6802
16266
3693
826
5025
5037
13089
23836
12741
853
5710
17240
3011
112096
101535
108055
80853
13934
103129
1938
60988
2932
5719
6800
19447
95844
3673
115603
27293
34257
3895
51671
5940
13894
844
50692
13564
11795
14571
3797
11444
3875
70272
14923
31048
17687
3865
3873
5897
4546
1378
11780
110173
93817
20345
37194
16846
4191
4192
28521
1682
10543
9886
8769
24862
94103
30431
6517
5493
112608
1454
12924
27620
33497
4867
5140
23847
121477
9197
9113
33916
11955
23697
9895
6164
5864
911
10765
1007
5686
7602
29149
6072
10199
3938
9629
95974
30974
13801
121327
721
685
19247
12267
95166
5872
5613
5697
5699
96464
102962
920
29635
14787
108403
97220
7408
13809
9709
8766
117661
33505
4280
6982
10772
8971
11937
14240
13629
97635
3869
9079
17562
4410
9121
7888
29826
3997
35458
38874
123065
110668
7560
7634
9640
7264
7398
15928
96920
2807
3699
12665
6244
3889
17552
34742
3800
6190
104737
11916
17322
14839
3640
61488
20216
18137
619
9876
20527
3282
23811
3838
2704
2878
9397
3687
2941
12752
12760
98124
3919
6309
4172
15306
17711
6250
11159
98627
66961
16794
11389
97921
106501
126725
17919
4224
14962
11644
13723
14716
6218
13242
124469
11071
2949
17822
16908
3941
35073
9679
25430
2701
10359
4217
11837
6268
7291
45692
12263
109940
45843
97233
5787
26005
34297
94029
10051
12979
848
119696
18866
10749
7892
45799
12908
12975
6198
13330
3729
3045
6897
120330
1597
797
119241
6132
1463
6995
3121
18602
4596
4529
4306
5819
34154
11508
6998
46298
6259
1348
35760
3903
7368
47111
2715
7709
12434
7142
101880
35140
8190
3347
99215
124161
6007
974
8095
14841
15125
4279
10289
7546
13148
9201
6477
16513
4141
6288
25334
113069
131978
9158
97043
822
38800
3675
27272
1169
9136
121777
17365
128306
12882
34121
75824
131877
15332
5838
16594
30365
24394
9840
9840
34519
9491
4676
9800
6315
10692
16738
10082
1259
14673
12739
9169
16965
134169
14517
4730
10076
9643
10674
33779
96847
1476
10430
9208
6261
10496
117369
673
23700
22282
7760
798
6484
50154
3945
6984
10454
118809
8265
97426
1082
38479
29445
11421
4319
11740
6867
33858
3188
13974
73988
9565
6273
15090
10240
8877
10274
100563
3781
12475
5293
17237
18145
12852
3145
93185
6783
5815
24980
10448
4108
108057
955
5877
9182
3858
3333
124740
3013
9272
9794
9834
11423
18102
121142
20201
11467
127238
29018
4521
3741
80041
1374
30989
11811
40891
41842
34252
18867
51001
9870
5659
12902
4061
30537
27095
5840
6155
18729
37884
27316
25318
10272
114233
26888
20520
42053
128068
9929
28071
128951
8973
116627
69949
19738
9865
20124
25271
8016
136016
10280
6969
101694
2617
135737
14511
30351
110590
12638
12638
6133
31181
16534
8608
11793
9102
3909
73751
35301
8856
127708
7608
21311
72891
21333
139234
34687
18301
3847
129185
21354
8341
128948
4592
116427
22370
125235
65740
6750
141740
24042
6366
16227
112708
17571
22035
125181
22398
9496
24426
6174
9031
9187
9422
24579
15686
9278
7916
5853
12953
3854
30202
48353
25266
9840
139696
6691
9854
13562
64811
40936
17204
3978
4358
5975
10339
10366
32168
22506
108423
9089
1060
5837
25554
3107
5140
18473
12209
2239
21258
10814
11119
19532
46081
3671
4985
6940
18745
4815
10043
7009
11641
35564
47596
12902
8989
138718
52377
48471
1735
6137
11900
63602
115863
3133
10626
141811
5668
8238
4183
26091
4471
13875
11073
33795
13920
1281
44544
105808
9348
31413
950
33539
39206
12434
125937
13079
46489
14428
21920
7624
6316
1099
13106
51226
77042
9042
12045
4014
145729
13392
137181
27297
32413
64062
944
9879
17957
9809
3856
4032
1239
9096
6794
22543
26727
3023
10598
7060
16351
3022
7805
3282
25324
10632
53951
15283
18976
9876
16739
10323
2879
15519
15532
21763
24003
5856
15679
9884
4173
36020
29518
73810
129558
110735
44772
15952
24842
10013
16314
15597
129013
36936
5762
16192
18871
34985
8764
25245
4720
15031
5993
21686
151147
3974
8462
6445
9786
6538
24188
17092
6071
21189
13782
13956
10478
9952
1000
22982
971
33215
55683
145199
41436
12428
6257
18056
19364
2925
12656
24926
7836
7866
16081
18551
13123
12359
19810
76529
10076
22237
8656
6367
44749
10343
126075
12834
8471
2310
817
19360
10938
19305
40023
142511
33995
41134
6115
3996
125087
17327
26728
59870
16156
152165
4217
10899
31504
19798
6602
9224
46909
140729
12121
3043
1796
6309
12915
9755
35176
13141
16202
10023
13222
6570
133447
3882
14554
6080
94700
36692
3793
4345
818
16809
1160
10340
12875
20465
7715
8887
127131
124818
12526
8979
9364
1201
28132
125705
6056
21360
9592
21756
23114
4675
21968
21272
43059
9991
1359
43152
43338
11690
44575
1028
13919
15075
11948
4352
5781
5458
7345
2887
14593
24291
93969
9794
9795
155715
2002
15940
6499
14492
24583
24615
9997
26813
12841
144670
988
43642
40926
24965
23846
6879
26882
10448
19561
148360
7009
8781
20949
19883
7396
10018
1562
13741
935
10903
139145
7636
3037
3082
7796
24827
23279
3767
28362
15288
12966
59071
13790
11535
6218
4040
25168
18972
920
3458
4181
4299
49287
23360
7155
2781
1349
4039
19325
24178
9107
19493
1089
94006
20178
5476
4757
47008
4279
3230
13613
13614
14397
25978
4934
26006
5989
1407
15737
25725
1487
22028
55141
12984
12987
12988
6279
47151
13119
14504
13070
3964
3921
17537
1245
97571
4022
16270
53612
147909
986
4297
7193
4307
10245
16565
4635
10086
3947
7359
6227
7160
7246
8920
40664
4812
6952
6578
14961
10948
9563
6912
65037
926
163593
14655
4070
9149
36908
6982
17759
16353
28300
8164
27761
4158
163103
3141
6518
5980
7598
4841
86031
19833
3183
24568
1574
160021
3009
6238
15535
1367
5479
2860
25616
24898
4422
23856
18527
12301
2836
7421
3900
4457
917
1193
5880
967
48564
869
883
884
19426
6334
3565
64339
30063
6135
33811
6627
9113
1459
833
24801
741
1243
24375
1530
13451
1270
11714
39152
834
24750
13900
166127
9978
9983
3855
52354
3238
3990
10207
1467
15814
1673
3974
5372
19690
111643
12810
1051
1356
30543
866
1040
16121
8138
15654
8450
21712
1088
32283
3297
6640
6856
6857
9774
3152
3653
3660
3670
12485
19218
3887
10629
1611
22330
956
32306
5565
7124
4176
4212
4222
19895
2890
18527
5987
6001
6536
5587
8336
47100
1040
6140
14829
58518
22502
3379
3860
14380
5491
29822
4550
10059
814
56027
3997
13315
5732
10429
4472
3161
7021
21362
9200
7390
5874
3872
800
5938
9967
9671
7580
3196
50850
116538
6971
6998
15009
76307
797
1519
16420
71020
7437
76842
7230
4558
1068
3815
1073
2904
7635
3663
3986
5100
7800
921
8039
166485
988
3730
11505
9641
1192
23771
6968
1352
1363
3812
11090
2298
6202
17839
3803
56155
36687
2956
2964
4193
6188
8257
1281
1288
10549
812
3220
2775
5832
4302
4204
1102
17815
9191
715
97471
1240
3959
1391
1400
25273
9950
846
32343
5426
1983
17368
45679
143850
11194
3979
7557
15013
3748
3995
938
3141
5858
8498
4992
9165
14074
19638
4533
55168
83324
807
4655
4071
3796
4856
7100
7675
1882
826
3791
29900
11566
3195
14983
21815
9237
5909
12322
7223
4390
2939
5719
52178
8812
37568
15172
9969
6000
10136
10160
13830
3012
6320
9384
7631
9590
112657
47179
4382
20649
3957
1118
6955
889
55537
6006
2646
175703
20997
4201
5029
1021
55339
21830
3331
9779
9930
805
7512
2495
48390
3112
26822
3004
3965
3336
7699
5794
1068
7758
14063
11871
17294
10958
11751
2226
17559
6708
31294
13793
7264
13257
13015
3762
3765
8651
31407
24780
66950
11971
8453
4125
18130
13600
13927
15000
11631
14643
12221
12942
45532
11088
11687
11965
5928
21973
15045
5016
65903
5815
41148
19195
3994
65516
6374
975
1116
3202
6318
6321
6321
22559
64215
11713
4273
4974
43750
10437
31479
3768
11260
66633
9691
2937
13195
4880
4900
4536
10316
33051
6326
6769
12802
9991
4335
12819
12836
10024
8718
17796
13249
10331
7921
921
16678
31118
19649
11204
9324
9163
12796
12805
12805
1310
22698
56538
9020
11850
183834
18567
6744
38030
16576
1715
1680
7700
17023
4548
10338
3808
3810
9530
54746
124903
14766
8610
17185
93815
19732
4267
9026
15068
12245
2535
12507
9378
20249
3948
3608
177261
739
52656
7827
183673
4076
4390
1633
6909
9830
11646
7238
14242
15096
9974
13036
3043
11026
1120
182642
6649
4229
1572
10692
939
19205
4046
6982
1242
5805
118472
21294
15596
83763
6530
683
19545
3851
3984
14792
19577
3490
696
3037
18884
1105
22866
2928
2830
11035
21328
845
12868
36706
12188
1142
6034
6760
22216
12030
1435
2839
12994
14308
3897
10242
6514
826
21347
960
4056
14396
3967
5997
24065
9307
13536
10442
4972
2993
20805
15348
45877
5995
995
22430
17115
135274
4093
1651
4007
12092
3264
14428
10782
5745
17594
3637
3640
5905
3181
3856
7900
3870
1302
1006
6180
5575
707
13431
1280
12329
183985
169828
183642
3891
136891
188878
177014
6603
68976
24225
754
760
2813
100212
22850
1015
15728
178490
9866
1429
3724
43771
827
3994
14006
81940
1106
14030
55818
12163
7832
949
6748
6446
7858
7880
3941
3947
11425
7407
171262
2385
70183
8848
26754
31637
909
3756
10257
5894
7971
6207
6211
7524
8994
8562
2860
5461
4899
4920
24981
78509
882
9159
13086
5351
3928
884
18511
856
3289
21335
896
679
663
6037
1213
22356
3689
3694
15036
7837
2772
10127
129855
2624
4862
3595
4078
4088
9829
6159
10363
10373
25509
14430
53230
4350
2825
18372
107411
24616
2174
6859
3939
6397
6037
6025
7249
12666
11369
6725
8871
844
1342
30540
47101
5724
1018
716
1646
1680
969
1941
5755
29709
3854
3855
42485
10504
2973
4532
7779
3075
7321
10170
11183
6016
9631
7201
2600
4190
13648
2925
4107
8206
7626
4551
1047
9389
9952
31520
4956
3467
2992
18148
8223
3991
5169
5973
8995
1615
3828
3828
3839
3842
3844
5057
4357
19842
4032
14860
10033
25677
8560
9527
12776
9743
4313
8565
15247
6990
198588
11202
139126
6884
4633
127862
11548
35131
6236
7178
6664
6647
13206
9804
3205
9863
4749
9881
777
781
1551
2927
68496
7786
12417
54646
7996
1294
7237
9234
21623
1313
165742
10320
11855
989
9529
200722
1270
1291
7672
10157
6923
935
8999
13682
1636
17456
6686
22637
5960
11502
1482
9625
183440
1070
743
2282
12501
35529
4083
3356
16640
30355
916
10288
5286
18799
4273
12863
18811
4559
10957
1145
11974
16619
11104
7602
13238
10148
11178
3221
53498
1027
7232
12273
14178
7024
3938
3975
3976
1264
7095
19836
147980
19848
35786
6477
2572
18231
16662
7520
1095
3894
3895
8825
28183
14492
4961
198409
25909
154609
733
1647
4202
29941
12636
3686
21054
4479
3977
4179
4180
1420
3718
4901
4909
4496
6667
870
13352
4978
4971
1964
10384
1100
3871
15946
3270
4965
13961
1736
1298
3415
10037
16013
22345
7742
975
983
5417
4586
758
4162
15432
13522
20144
4228
739
3806
14847
14854
17006
1297
1339
120126
14926
14933
15176
59600
17340
1541
12806
12807
4377
15411
7699
851
16460
11381
2430
1890
8522
22230
13134
4088
2006
33969
9450
4898
13399
18462
2688
15875
10020
15281
1203
54145
758
761
1423
7410
808
18435
13291
24617
24750
18676
3323
1094
21236
18746
12212
5814
8924
3129
16824
3612
14891
21761
6941
3976
35849
17556
1283
1298
1261
16958
935
4381
1796
1118
1161
4066
2497
2538
20105
1391
10620
2279
1135
4230
1242
3982
3065
861
3040
15026
1085
9887
1647
96416
6895
15346
5552
3071
5794
21202
35216
5836
9249
21369
1470
3816
5690
13350
1732
4071
3694
3708
19673
9383
1201
25509
29181
5014
19785
754
4185
9948
4215
206524
10016
37709
6061
4111
16835
4424
4455
6748
685
95972
4330
22586
6785
6639
3689
9735
4555
6842
9953
25113
7054
630
639
639
656
661
664
665
7299
18680
13777
6964
4900
6693
1121
1132
7608
1316
3921
6340
3251
3798
21932
8209
4301
6633
1787
19723
3805
3806
11472
6656
27220
4462
4093
83381
4381
10091
9175
12153
2707
12207
13059
10053
2946
5593
23301
23319
12944
13379
8151
7811
12725
8202
1328
12882
3872
13663
9643
3910
5687
5898
94675
24220
8755
21804
6447
8420
6047
884
1119
6890
6904
7014
4849
4598
22384
24689
1326
6300
7123
5947
24968
5223
21099
22004
3972
9693
4635
14705
1154
5565
9885
6430
6932
10092
12976
6881
3416
32497
10266
2053
13106
14676
6102
1625
7121
11193
1017
26491
3196
8448
6574
13177
95875
8514
6988
9357
96123
16308
9497
1679
1682
1508
1724
6878
3984
11697
2281
105623
9800
17164
93905
993
2756
9883
12502
4829
3922
2187
2982
15228
10069
9857
3781
12410
953
19880
12531
9665
4212
17938
4009
14543
8818
37314
728
8156
86152
18939
99723
9740
891
15567
950
4236
2904
1216
1185
17597
11014
839
835
162719
19562
1210
766
4119
3923
1122
16514
2453
20151
3949
3950
3373
3984
3986
1232
1238
770
6730
9058
14472
1630
1296
16380
3359
10573
4617
4622
3817
15113
9635
4934
2559
57060
20544
13022
11221
11689
22942
10123
10318
665
677
17115
681
4695
10571
14332
18120
11985
3586
6899
3990
6158
13390
4074
3578
4395
3856
3860
3861
12516
1616
4472
4096
3687
936
10612
866
868
40060
16341
39731
37470
12706
5903
86897
4736
9947
9953
6296
1536
5052
5932
47979
9435
13503
31658
13616
3858
10154
5144
8734
8896
4277
5077
1124
4169
4966
97069
20110
4782
4936
860
7523
102288
11925
11519
1373
11640
186760
8213
19129
16557
4158
15501
5671
4009
4463
2673
6901
4054
15248
2580
4378
6177
1011
7471
6291
3564
6440
9237
3594
1157
7574
765
10599
5419
7553
653
661
9308
8100
12916
4249
8656
1150
5654
896
8212
1675
30301
10124
7377
5968
18959
3413
1009
1013
5216
19268
7618
1383
127126
14733
171119
7659
6330
6355
1132
5209
105559
14271
1035
6659
1048
2769
885
749
48220
2341
2962
4651
10805
16019
917
822
4938
963
3056
10786
788
11013
765
5527
22886
4156
1614
1624
21587
5801
3995
18121
1016
3377
11776
4548
4770
1405
4196
20722
3878
20912
13521
3825
2900
24702
4065
5209
1096
2765
2768
9315
4224
1282
9469
5664
5666
5672
9819
3994
8888
3793
723
4096
4097
27354
1512
829
1150
5681
59303
5380
972
3944
3953
4478
18847
1268
929
7393
96868
6019
1558
3254
11134
4590
11604
945
5841
4248
4654
16319
13799
1203
1277
1634
23885
2239
23643
5965
812
16776
4400
8006
25522
6836
6852
6864
1545
3220
12563
4945
7127
12463
31518
3308
4126
1031
8133
1451
905
5656
2850
7019
13252
9016
742
28428
1412
1419
781
1924
972
4290
4751
18073
3607
99185
4995
2965
24274
5038
49280
19124
218257
10728
101209
8923
7601
4089
1047
4258
4261
5189
4579
11252
5657
2725
1324
9486
6341
5956
4553
99997
82732
171855
10645
9733
9745
9747
1867
9825
3891
3892
6226
30969
6267
11874
191805
12140
133942
854
115453
5295
10235
4563
922
931
4477
1145
11382
732
4018
10243
6915
7374
7896
5549
10343
22033
971
1452
4560
754
3820
1112
7897
120955
3342
777
22711
2932
12795
12804
13829
13865
9321
966
4568
20707
4560
20365
1682
1304
1299
6003
13352
1593
817
6004
4567
3111
96994
12814
244361
4037
12254
9312
1419
13202
1367
9053
972
13352
5182
104197
9605
1332
36563
5256
7466
2994
234073
167375
3939
3158
2893
957
10262
7996
13112
32965
14130
3427
42839
4170
11416
25332
1067
4227
1329
11070
5760
2024
1489
14981
24249
3952
16053
15189
1304
977
980
9386
101393
922
712
9694
4544
15682
5042
3989
2962
4024
9800
16213
16225
12654
2013
3953
10088
36968
1059
5743
13008
216408
751
760
4028
1956
13334
6150
7717
5027
2997
13664
3018
1433
6628
1171
6583
6671
5252
8799
7031
5957
11616
4017
7784
984
7294
1804
7338
18405
57806
6480
3845
57392
15023
5869
1370
4494
4635
4497
2876
1316
12752
804
8703
29020
1085
1088
9069
16409
8517
1552
3188
3195
6694
1359
12401
8831
1646
2649
1058
2669
5395
4068
10936
7612
3741
9830
4398
2930
21392
5660
3830
12530
1731
846
3346
4706
3177
6263
252777
1292
1496
1338
762
770
114341
2534
21934
21935
841
1671
1673
22286
7849
7820
4570
3768
6327
6156
1402
1401
1026
13971
1848
37084
11220
4360
2930
1840
866
10719
6557
3146
1391
12931
11093
1684
3439
35109
2285
18600
9906
3839
750
13520
7003
997
7336
726
21252
10084
739
911
12860
4377
17072
1275
4413
1305
8084
9228
11726
6984
14542
810
5592
5223
4686
12957
4533
2927
1081
3325
1423
27918
13689
3686
6047
4828
26828
3090
6762
12703
6518
4584
6759
2500
11240
4748
6693
10071
16579
8842
1527
7768
7005
1359
3187
1749
11994
93939
93940
49951
10630
3822
1292
3402
1322
1173
938
950
950
1804
6914
4317
7868
4234
4067
1442
21536
6880
869
10791
9097
1145
821
1736
9226
984
3903
3954
1115
1196
1202
1237
1267
4216
14114
10090
916
9923
5235
942
760
2805
8162
5963
2093
1051
5533
2134
9102
12431
1217
263414
3969
11106
1340
3789
6989
15101
3280
3792
118182
4751
42575
97615
2470
2788
3726
3743
3751
12095
1254
3884
29860
4003
905
4349
10977
4185
4188
4275
4292
4308
3838
1715
1729
5298
4447
4066
5476
4130
6130
3910
3911
12256
4361
4421
15243
2299
1658
1154
9023
4226
8774
4702
1332
1011
4871
5536
864
9515
5234
99932
99933
5723
3899
3900
955
1932
6250
1783
3768
93917
93922
1213
1205
50950
14787
6522
3513
1184
3784
3785
3868
4728
94258
29832
1947
4786
4812
7104
7179
11457
6693
15853
7071
7109
919
3823
3830
833
835
843
1222
4128
4084
1166
4035
26179
1367
16489
1576
747
174497
4461
55260
4486
1497
822
16835
26769
1840
23133
3926
9017
3978
17365
2200
956
4221
6414
6666
1057
9434
1222
5627
1073
3235
9684
1520
3222
3470
3473
6075
9939
3466
1145
2631
3431
3734
3784
18583
1594
3868
4186
1422
1327
102376
4268
3123
6909
786
4024
14957
7252
4408
11201
7365
5614
4866
961
1588
4458
3149
986
755
2909
1054
1020
1598
3479
1647
1898
1786
6007
844
715
796
17493
1091
852
1616
7748
1364
3124
1918
3657
1011
878
607
1555
9881
8120
966
1156
996
830
1076
1905
7237
7105
1221
128726
684
698
4143
1600
1014
1020
2762
3197
1291
1338
4087
8000
669
671
674
14393
3017
1626
1685
1095
1102
1784
942
1246
1198
3716
2920
3752
3762
2959
2969
1624
2589
4021
23683
2658
33739
4021
4253
4412
3468
726
733
21544
1319
24641
4504
3104
1256
3338
2403
1231
6065
3923
3736
4851
13210
13214
4025
6067
920
1522
1840
4375
1314
4524
13837
112009
2429
4730
4748
4826
12832
838
2830
5697
6718
7251
3504
26816
6827
937
6887
4386
7067
3296
1063
2006
13189
7468
7483
1112
1309
7722
911
885
899
5170
6388
7085
4004
152162
6512
1190
1204
3970
8288
726
8749
1907
737
738
1584
8930
10243
1287
6448
1070
976
977
982
4744
6284
5177
784
9800
6553
7042
9604
1073
2331
2809
1307
69303
1269
4218
1007
998
7912
1068
6740
1338
1550
21902
1028
1036
6275
1327
1338
1347
984
10096
998
122990
1012
782
1097
2044
2634
1223
898
6889
4659
987
3602
1645
1840
3172
794
7277
1957
5175
6216
1514
1353
14681
8436
767
2216
5091
1292
12520
12848
804
3064
1975
10310
13122
13152
1159
6477
4403
2049
13381
912
160848
3678
2476
1947
1175
74207
2382
748
1037
1874
745
951
1705
2081
1032
4009
1544
4041
1266
1303
4297
4380
161818
11798
4126
834
12024
1118
14781
1863
1313
1447
1608
2331
1596
1973
15329
1770
1694
4437
1484
944
1057
1648
3284
75698
803
3377
2874
794
715
803
9906
1348
3725
852
1386
1644
852
10485
1620
1013
1361
2002
1154
974
15683
3867
3621
1245
1122
1070
1014
2225
818
35233
2803
1543
4095
1253
1309
1323
1241
1513
876
1576
730
733
1752
1132
1153
921
1019
1015
724
72229
3055
2946
899
1087
1324
4351
2399
1538
1767
1439
1049
769
4387
3030
3157
2801
4353
3381
5511
2871
820
821
2607
5600
1343
3791
1072
3842
3844
22290
4303
647
649
3930
752
760
2318
3493
2253
977
2382
1687
991
994
1770
1238
4603
4550
852
1077
4591
506
691
705
3843
1161
1166
2979
1308
1438
1459
1519
2760
1131
1162
1296
806
3427
789
2688
849
850
783
4194
1230
4012
856
2173
1840
1443
4370
1155
2441
3869
3029
3619
1556
830
1422
1302
4225
1008
3779
3785
1100
815
5390
7678
2625
4276
5353
5377
727
1674
1091
4682
947
1280
4882
10411
1396
2990
7346
1769
1238
4571
1295
1086
944
3628
9207
2398
2914
845
852
2563
763
2796
978
3993
1810
2885
5952
1702
996
5035
7030
1616
919
3774
1636
3844
3850
4221
2225
3180
1654
1279
33288
4708
1878
1524
819
980
1443
5202
3869
7612
4636
904
1367
3073
874
4149
1609
4291
1697
8941
3978
3981
1745
654
1414
1426
1127
4553
939
2660
3024
936
2290
4642
4650
10600
668
302368
4522
8131
1667
1027
727
732
733
5103
911
13734
3226
4271
666
6083
7575
1199
868
872
1388
556
1634
4594
5754
1247
1570
755
854
776
675
813
7332
1082
844
3781
5387
5169
1326
1278
4234
4081
4345
4362
2547
3416
4877
1324
4602
3007
1327
4628
1136
9477
3232
1389
9974
2748
1251
2340
603
2536
700
2847
873
879
886
36476
936
1504
898
913
1463
1526
1152
3687
3688
839
841
3914
3927
3963
4671
2011
6602
2046
4135
2066
4738
2494
7204
2916
12490
2205
2212
8210
8502
5106
4507
4511
5265
711
2551
4677
1050
17407
730
28941
2705
2863
622
3835
5072
7623
1076
2408
1162
1170
6190
958
959
927
3100
907
1301
1560
635
1120
977
10324
2060
4354
1240
6804
3898
1269
1406
2691
7364
3026
1903
987
24764
1193
3793
11990
1645
5996
3826
5342
1590
922
1280
6350
6057
1521
2137
2515
1625
12912
12915
12922
12929
12932
1176
1644
715
13261
947
948
1908
908
4177
3787
3819
4634
1077
4058
4088
4853
14221
4649
220277
773
4329
1882
1003
1010
2075
709
898
1342
4892
3936
15090
1076
813
2544
1375
312719
4351
941
1714
2779
2790
1371
1103
2827
5423
753
665
1984
5550
15556
3442
4457
690
3468
6373
835
1645
12877
2330
2918
1435
1741
903
17015
3441
1086
2833
822
1051
1330
318399
4388
4723
11836
1341
725
946
4531
969
4649
3005
2461
2055
5104
1379
2502
1775
724
818
832
4304
3809
1066
6274
1904
744
1765
945
1615
6944
6558
830
5514
1196
1881
3843
3266
2729
3589
7197
2736
1556
839
1081
38392
2965
3077
1885
1187
7994
2393
1440
15774
3803
3805
974
992
873
1075
3927
1486
1533
1361
16768
4737
6224
864
3859
3860
3861
1070
1186
1064
13704
48166
4357
3631
976
2483
1826
5026
5038
1196
7847
1612
11097
938
1469
716
5482
10928
6748
3862
3922
292489
1730
4147
671
1368
1166
1108
1109
3545
6514
4306
786
794
909
4389
4396
674
1399
1073
1085
1395
12179
7770
754
919
962
1897
5697
1874
1963
1585
1666
779
6383
6094
2368
6271
9267
2141
8186
322805
2773
1476
1878
2426
723
9767
6882
914
2800
3777
7200
10095
805
2819
2821
9473
1562
3517
1045
1056
8638
4036
15655
1392
1397
10992
3651
12086
1329
4436
4428
912
900
6393
2038
5045
1070
2275
4551
1009
5191
770
12238
636
891
894
903
5401
877
4200
890
9883
1232
1493
882
699
704
10203
1231
1807
1132
1134
954
962
10479
1890
4069
4070
4092
323790
1481
3336
4465
3179
3630
7556
3651
5275
4802
4825
819
1386
1005
972
4820
948
4023
8673
929
6130
4078
4543
4603
4640
1328
670
672
753
2642
1571
910
918
922
1002
4149
1194
3100
5670
3329
958
1131
1557
2243
9115
816
5739
6009
3792
947
976
3901
1335
6678
6647
13972
17449
249952
1018
1622
3941
2070
6965
32531
1458
3047
1338
2088
985
930
6934
1597
3697
1788
1222
2596
2811
5834
1492
5662
1226
6237
12717
893
1516
752
3786
9098
2692
674
677
1087
1015
1527
2968
898
813
1975
639
650
654
660
676
1150
1309
859
906
944
3758
130558
2273
1131
1145
1160
7681
840
849
851
855
856
3542
1107
3159
1500
1647
2955
3590
3293
1812
3325
3587
1341
2068
1416
1834
2621
2671
2354
3954
4007
1659
902
2357
12086
7539
3847
4476
4497
4006
4014
1615
6781
1124
3478
3436
857
1159
3867
2189
2456
84186
4501
315100
1241
1024
4523
4844
5067
995
2648
4255
1031
1033
5410
4130
868
870
874
877
1393
3445
1520
4198
699
705
708
1154
1292
2836
1209
12738
1427
1447
1563
5044
7473
10435
1670
637
738
855
856
1142
964
8125
1170
1042
1596
9996
1321
1367
7599
2200
8655
4219
2691
2163
4342
1780
2728
834
839
1684
1007
1008
4943
1069
1214
4180
1010
9598
1142
864
8313
287583
1101
12112
3028
1483
3227
279932
881
2698
9576
1423
10992
1986
881
853
894
682
683
898
1934
4141
1103
819
819
1281
1049
1155
4871
1034
7417
1936
1982
1826
3661
3670
3671
7591
4778
3890
3926
2141
4114
1473
4183
4186
2376
2688
7234
4020
4032
4306
6192
4323
2906
4362
1169
869
3019
1390
4758
4944
8876
4974
5086
890
1956
1048
967
13089
3901
1013
907
5820
2358
1606
1638
2247
5921
1348
6215
6292
8114
1899
1358
3926
923
937
1246
2971
43137
3855
650
1173
1179
1193
1193
28455
5760
2945
1413
1435
1437
1440
2336
15837
2271
586
1638
1263
748
768
988
2738
1030
1298
863
2247
1890
2493
696
2454
858
1417
786
1069
973
1327
1333
1353
904
3774
1792
3878
3887
3916
3918
4142
3676
4188
4209
1784
10034
3887
4407
4458
4468
4506
1233
4191
4731
4735
2980
2651
4420
4430
726
3240
5130
1524
3288
8833
871
3388
1726
995
795
1013
748
6650
771
1671
976
979
6958
1199
3831
7214
7231
7256
7270
2763
1541
4228
1460
1994
1734
7820
1334
820
833
835
837
8124
6219
3628
1159
1162
3109
1845
3795
949
951
844
1654
1717
1982
187208
846
2061
3486
4212
2222
1245
6955
2269
3774
9589
2121
4037
25859
1780
1137
7956
849
2261
4737
3485
3275
1252
663
664
678
681
846
1876
856
874
913
916
1047
1066
3189
4390
1125
1230
1254
1201
773
2877
4355
840
3488
536
9829
1868
30744
812
2260
2788
1141
1147
2720
1529
2408
1607
1799
1490
7953
2307
719
4120
1645
4374
1436
961
1101
1159
1207
2159
15145
748
754
755
1016
1022
1410
4468
979
15241
3425
997
1742
29690
1810
5047
7751
1231
2795
1271
1317
1580
805
807
857
1889
955
1249
4771
1523
1247
5198
1168
12543
1078
2724
727
1081
868
1204
1212
1008
1604
1009
1520
850
854
701
864
3504
1412
1241
13671
1777
1134
881
1260
1120
825
1792
917
742
688
692
693
694
2429
1739
1125
896
1901
752
1035
3909
1025
1027
1961
1639
1037
792
1086
964
1373
857
858
859
866
871
1146
792
1085
2410
1120
1316
1176
1336
3608
1355
1368
830
1864
3845
3858
1610
1861
4140
1070
797
746
2222
703
711
719
1431
2646
4323
1261
1518
1606
1333
4600
1288
1407
5647
2068
1850
1497
237513
1002
2125
5427
3899
3900
3915
2109
2689
868
1999
3968
2829
1701
2362
2369
2615
704
2963
882
748
1597
838
2599
565
544
603
6960
1083
6052
1010
753
940
833
800
823
827
786
1004
1198
2978
1113
1129
1142
1056
1598
1415
1568
4008
4014
4027
1699
1732
1041
1937
4176
4323
1937
929
4603
670
677
903
751
1264
4380
2784
1246
3016
1260
55681
5874
895
897
1863
875
3800
960
2136
637
2409
1506
1512
1311
1351
1375
2501
4552
2943
3917
3926
3927
3933
609
653
896
935
4388
4407
2467
509
907
590
675
4644
4651
2627
2937
5923
4790
2986
4866
2718
535
764
2983
768
5457
1822
5479
993
1010
1081
1259
2095
6825
1429
3904
3911
1322
843
5534
4478
832
2016
702
711
1080
933
1721
848
166648
1853
815
1087
1107
2975
1357
1364
1373
894
1541
3506
2669
2274
1147
989
1164
1959
822
583
1847
3121
1431
1064
621
894
1297
1514
1435
1203
1207
966
996
918
1800
714
1305
1312
817
912
912
913
1632
2460
1284
948
1537
1541
784
809
1203
5612
2172
111748
1413
1444
814
826
1281
1074
862
2960
855
859
1848
1157
2735
833
834
652
1431
1101
734
735
736
4279
743
753
754
3103
470
1308
952
636
1462
1109
1111
742
762
762
1559
3105
867
919
3919
4812
3413
2632
3208
884
890
1368
1380
964
4316
1198
1202
1239
707
923
3692
1580
1670
1998
765
767
768
769
777
1529
1447
994
1479
5511
1176
1328
813
815
817
820
827
836
664
891
2564
4249
998
1048
687
1155
1261
722
743
1875
876
1484
1497
1197
998
3421
3432
1247
1265
1314
1970
737
1553
759
760
3601
1191
771
1001
1031
1041
1511
3005
10288
5566
676
679
691
3633
3209
1655
892
896
913
925
927
671
678
2747
1104
3595
1033
1042
4814
1449
3849
1194
3810
3817
4485
1041
769
4126
3700
573
575
7536
1380
814
836
4769
4956
3542
1254
1993
8013
887
900
1464
5280
1132
1360
1393
716
663
1663
1711
3741
6692
1073
1349
2909
391
1989
386
186038
571
5510
472
296
365
5724
1098
3982
1025
2954
526
1268
723
726
1214
79169
1540
926
675
838
1306
531
773
996
1029
878
879
405310
1455
694
99918
606
1013
1389
973
590
764
787
784
948
1100
633
640
857
868
1455
1105
1121
893
605
1418
721
722
768
976
1596
1063
1285
998
1754
920
1154
1629
933
1503
1266
1269
1252
845
1791
1797
720
2012
1069
900
911
1136
2150
1719
1179
3680
3466
18726
1510
1518
857
765
1683
773
1707
2625
2541
1960
559
987
1088
1183
762
741
754
3079
1110
358
366
364
1987
276
596
429
874
530
3743
1645
1053
567
3750
3754
1870
1271
995
1002
1011
844
4341
4355
4359
4372
1544
1360
1054
1444
4998
1690
527
2125
549
550
551
571
2535
402
889
931
2922
593
859
880
1099
897
339
276
1024
1029
418247
2693
418
1359
412374
232
289
1616
519
521
820
774
784
1226
612
975
362
1341
1184
3465
1214
1241
280
1455
419
292
346
3829
606
1747
627
782
2622
425
809
502
500
265
266
279
701
617
394
692
1142
768
1114
1139
510
526
387224
640
671
775
801
1478
405
508
179
227
906
1513
206
164
323
217
391
434
300
284
554
428
674
376
424
696
818
687
1469
545
761
598
349
399
274
278
404
371
334
345
469
470
566
569
598
602
246
549
376
144
842
719
901
288
456
386
583
591
754
1590
417
419
421
956
811
924
926
870
725
1044
467
610
454
353
466
922
1674
708
569
862
1898
306
535
1070
497
327
1297
640
511
310
482
586
2018
519
526
646
492
787
800
1094
555
901
1782
1222
937
942
1223
651
554
315
315
428
542
2260
657
659
169
171
174
177
178
183
184
189
210
245
270
275
351
369
1023
377
386
550
569
591
240
252
253
646
366
1105
638
683
1280
771
1233
1249
967
1846
4207
1371
572
656
1172
5370
446
523
280
4148
511
518
630
649
1270
390
953
1155
1174
1114
1532
480
767
175
345
314
138
239
304
687
1052
286
1781
175
398
400
599
608
515
519
528
574
580
587
588
590
591
604
608
613
614
615
628
629
630
647
783
813
815
827
876
894
908
988
1005
1079
1125
1143
1171
1185
1215
1243
1302
1328
1484
1565
1604
1587
1669
1470
1715
1792
1016
1870
1905
1994
2155
2169
2261
2381
2389
1606
2508
2561
1592
2664
2689
2769
988
2884
1484
1113
1330
3159
3216
3224
3596
618
1561
659
314
320
395
3426
426
496
1180
1269
754
3807
555
664
1539
4053
1929
612
490
780
305
1037
960
284
477
267
290
381
1021
656
572
839
840
524
1000
1419
554
5531
1489
429
482
605
411
412
413
521
1267
1300
400
1028
1034
2082
280
440
567
602
336
770
558
299
306
468
369
576
592
813
824
1644
2586
1389
1042
834
475
1266
795
539
579
643
390
998
692
1693
977
1370
649
1547
714
341
508
511
345
677
596
1433
1208
1410
740
1039
703
829
1972
924
731
567
570
609
998
1812
1063
2386
954
587
614
924
383
386
397
532
1062
447
1280
1859
965
655
1038
429
1083
494
827
889
2383
1287
954
1556
765
3231
446
243
301
202
206
229
483
251
261
491
439
472
655
723
473
336
1134
1234
606
925
413
456
528
556
605
619
589
1665
8893
741
754
397
711
984
994
458
470
808
828
1267
1278
1096
1658
399
413
414
2223
534
1088
676
782
459367
591
427
317
1058
1508
225
140
480
340
707
324
216
228
264
511
579
647
332
489
516
765
202
358
974
474
476
503
892
179
380
384
136
139
626
277
446
632
637
646
268
752
753
759
261
412
1052
215
631
269
359
458
644
412
699
736
1020
344
166
248
132
343
213
231
269
208
422
431
423
320
1046
374
160
165
228
229
244
255
282
358
422
982
831
544
592
2011
231
153
167
579
219
228
259
268
294
2387
430
453
571
600
698
178
284
373
117
117
142
162
194
198
2469
194
24
31
37
641
552
617
4713
328
329
331
3317
188
3621
317
249
329
747
946
864
471
347
206
593
893
350
482
506
6875
359
394
448
472
484
486
490
1112
729
660
733
737
739
751
336
845
471
1000
1003
561
980
568
582
1275
1237
1246
1406
424
1482
1022
274
1037
1844
304
598
374
457
869
160
303
249
477
446
387
592
265
754
697
614
1198
259
349
618
197
213
273
339
346
417
634
637
706
802
346
202
107
202
188
822
349
262
585
476
624
607
442
1569
792
230
484
504
571
544
295
303
362
675
778
799
904
328
591
332
448
171
31
198
57
210
222
72
224
83
236
245
108
262
156
177
388
420
467
492
507
1114
576
602
676
711
717
725
586
740
642
350
462
592
346
748
167
569
214
715
475
343
873
353
704
425
353
359
371
373
374
474
479
481
650
720
751
239
831
883
897
766
188
830
246
341
607
1112
235
242
336
1379
574
449
450
183
290
825
342
346
347
348
588
878
1184
857
556
474
870
352
385
596
724
587
650
662
771
821
216
472
485
1180
592
618
603
275
281
202
144
528
1248
360
1321
355
1138
305
569
506
741
739
808
857
2289
620
691
1054
974
1176
1190
1186
584
1248
1384
295
1201
1365
728
1502
331
601
1649
406
449
554
560
419
420
423
332
763
297
144
278
271
204
205
831
186
313
557
329
186
820
348
527
341
313
591
700
533
350
376
354
872
1096
199
273
338
349
285
1221
170
977
202
1025
354
623
583
1254
1438
518
1196
130
215
627
300
164
161
242
683
604
67
32
578
423
524
536
832
316
329
314
677
617
859
498
502
260
268
317
382
810
621
791
248
146
146
194
1078
551
276
854
575
224
302
780
530
347
430
333
676
553
897
146
135
1089
172
56
183
244
247
296
276
289
301
357
566
214
228
766
789
538
665
967
746
946
1050
1081
1183
1105
1443
377
389
1664
512
269
637
647
227
783
124
142
143
145
469
180
255
1356
351
1058
785
1264
284
1022
1066
318
453
570
873
731
437
573
1028
1131
1218
488
739
2083
593
680
1109
844
822
598
1377
583
1546
676
659
620
642
643
876
892
906
1356
1182
1196
831
1527
619
1928
683
1181
1096
306
308
310
313
401
415
423
433
3116
469
486
499
435
511
535
537
143
630
566
677
749
338
836
2906
959
1161
520
351
716
533
298
521
947
472
789
823
842
854
1059
578
1012
634
1149
482
1315
3691
204
752
4661
4727
4757
643
628
394
257
223
340
861
973
637
395
296
921
208
420
438
441
451
466
467
468
542
612
615
622
818
831
873
893
1044
458
645
986
1414
1427
1509
1635
1677
640
2216
1076
621
320
1152
743
1053
707
1078
818
577
965
1089
1789
735
627
231
2057
641
304
318
376
455
1586
552
831
1735
3441
807
1114
1143
844
1403
1344
684
731
1199
809
953
912
937
939
326
1837
3766
1073
333
462
1123
412
2548
433
460
1298
1307
572
380
652
3727
752
2228
595
3716
2049
469
874
566
2513
404
405
734
525
844
412
565
455
645
589
710
346
825
1152
760
775
1356
1496
1792
1763
1568
1600
1657
1636
2344
430
682
310
186
244
289
402
737
1281
572
592
713
955
1885
950
1037
1018
888
801
1272
1664
1334
1177
1271
871
895
768
1148
1105
1108
2221
1125
1351
2608
1213
621
1134
338
16621
417
311
169
1368
1387
582
289
856
1693
447
314
528
606
433
449
2190
923
358
842
196
150
308
360
274
479
653
390
879
1260
378
379
381
394
420
426
440
426
373
628
632
495
772
782
843
668
994
278
1153
627
243
235
188
365
389
715
359
618
478
391
400
408
416
753
278
701
384
841
867
586
591
810
1291
551
552
572
579
1446
690
558
866
460
463
1056
1778
853
1816
411
421
423
425
428
432
580
496
1584
699
636
645
711
812
842
378
267
418
615
863
738
523
918
1146
435
434
1026
633
561
336
342
348
765
481
507
563
609
757
786
613
614
696
464
666
669
836
1822
988
946
1133
1289
1361
1198
1211
1547
1770
1581
733
734
1415
1138
909
519
1024
673
717
623
578
1936
592
601
602
1035
735
1345
810
832
2394
1617
1048
782
650
689
690
708
708
735
739
1727
992
1012
1718
1133
766
1247
731
765
769
1003
1022
1567
1044
1055
1603
1624
930
1392
1981
882
2629
2690
669
1325
2334
2980
1613
837
949
3151
272
724
462
381
1758
818
799
902
987
1067
4986
1302
6125
866
610
271
1083
67983
861
162
164
317
487
754
431
206
1408
318
284
894
561
376
333
348
1075
160
636
179
192
584
281
878
535
991
1000
1001
906
492
1399
390
169
344
288
354
357
257
259
347
418
758
333
2543
613
382
386
1019
2732
444
483
1404
430
2969
944
206
264
686
3178
412
578
260
3575
3691
262
271
280
282
345
3810
477
505
530
543
4126
883
4347
1123
1278
1167
855
668
777
1723
705
2296
1289
1684
1037
1879
1556
8148
838
726
134
166
178
830
1027
377
502
355
625
645
484
362
806
701
716
830
683
498
972
1250
1101
213
318
1586
408
243
1617
318
160
176
235
276
348
401
146
185
107
128
171
203
230
277
213
392
325
431
468
428
502
570
143
313
188
446
363
302
325
332
384
573
238
241
168
760
816
676
230
168
170
186
115
119
120
151
521
326
482
125
125
260
290
490
776
426
268
357
416
447
197
426
807
993
319
424
818
205
203
217
220
221
290
178
361
366
350
451
569
658
736
379
865
530
389
446
1550
223
483
212
1133
821
329
678
1168
1474
1638
131
246
411
179
183
145
281
299
310
311
347
455
412
517
287
183
728
185
319
96
98
99
101
101
163
181
191
249
427
301
374
409
560
473
750
585
353
418
346
171
347
225
167
288
421
159
159
350
164
167
299
1557
238
851
309
289
610
474
659
755
758
517
168
378
380
284
348
225
400
337
131
138
183
237
220
223
383
507
385
572
286
689
1029
287
335
337
341
345
443
450
577
386
799
591
277
355
388
398
485
130
172
260
315
177
305
218
167
509
624
738
583
469
315
276
312
279
586
124
127
592
348
412
223
406
713
287
734
226
1160
613
682
694
534
386
167
227
261
189
259
182
349
348
441
352
697
262
345
167
170
184
645
167
187
128
108
132
264
535
361
125
171
353
422
1318
147
304
414
516
369
688
698
351
543
642
268
454
547
845
2579
277
400
126
4155
834
6530
304
307
471
614
441
443
515
666
518
263
198
760
903
338
1419
327
681
575
143
381
389
624
1004
772
311
878
313
835
234
115
955
1319
370
309
266
512
223
308
308
310
132
140
418
245
709
358
354
127
892
227
505
472
618
537
410
594
329
483
466
864
579
882
723
910
199
119
128
160
201
216
1142
365
146
242
467
355
161
164
168
169
550
316
751
379
381
549
558
766
526
199
178
587
613
592
263
1035
828
962
449
329
732
440
548
328
755
353
463
262
556
624
643
726
787
406
302
827
860
268
423
444
451
739
132
316
416
286
166
316
322
429
529
562
544
646
414
842
146
249
344
155
431
439
624
708
787
837
851
1019
453
107
448
449
534
105
413
497
751
317
701
408
309
527
617
625
714
741
848
444
265
267
273
360
242
409
551
340
281
844
798
331
932
198
115
121
135
143
146
171
153
171
172
173
176
240
285
180
364
365
445
471
407
409
418
420
526
408
310
407
475
517
340
956
531
318
206
695
281
349
490
569
346
182
110
111
710
590
1273
304
346
495
497
586
592
598
601
628
573
729
843
1035
143
144
297
308
131
714
1283
750
353
678
485
490
225
287
854
150
154
228
1083
386
3798
1097
588
545
875
819
827
497
505
506
510
984
546
4761
651
542
685
761
218
784
935
1055
1084
1107
5030
539
1254
1300
767
1547
1614
1633
516
113
624
208
343
361
349
433
455
491
535
542
565
709
770
791
813
851
460
994
1018
1038
1306
219
160
445
551
442
635
716
720
215
130
174
246
252
289
308
423
466
544
270
305
166
625
170
135
135
175
178
327
604
843
429
1694
957
871
510
687
690
559
567
757
536
409
589
1175
803
817
868
876
1043
1051
1068
1646
801
1434
1650
1753
1425
1320
2252
2309
1059
1670
1288
1284
796
730
451
456
935
593
1386
1323
1070
1491
1864
1232
861
922
1176
652
968
877
892
1195
2014
767
583
1167
775
602
1326
1036
1053
1690
1520
2244
1984
1114
822
1129
868
1495
1120
1781
1759
1998
2358
1656
2136
2196
367
495
1279
363
2541
365
287
1814
629
435
446
515
4294
3705
465
747
1164
4205
1174
725
1619
1315
885
843
957
1591
742
285
186
2141
4627
353
355
5468
126
527
459
466
125
177
313
361
394
525
996
5962
383
4889
771
271
324
337
6557
136
149
185
6588
323
327
377
3749
3761
3767
295
297
298
3633
3804
394
751
765
392
4503
957
641
510
924
194
206
462
394
1381
739
586
125
324
420
264
454
458
608
629
349
338
789
265
278
286
287
298
305
328
335
336
350
365
368
537
573
577
602
672
708
719
726
877
1282
965
995
1010
1037
1078
1148
1212
1221
1249
1986
1288
1423
874
1575
1849
2086
394
531
1402
1420
642
1005
538
317
718
310
449
1007
539
1193
1029
491
492
499
501
477
618
619
908
848
867
873
1128
1384
1191
1632
1469
1476
2368
1667
1786
1210
467
523
930
712
716
1976
443
1073
55857
461
461
697
499
218
223
358
374
751
335
350
250
335
462
585
590
474
584
590
377
185
186
124
265
124
132
139
145
167
208
211
244
265
268
277
320
352
326
350
417
148
150
452
668
469
894
385
397
507
541
639
904
915
926
1026
1190
1249
1341
94
245
266
903
160
266
215
530
834
525
305
263
196
835
426
1094
808
722
392
479
484
353
494
516
522
528
496
934
938
976
199
331
356
351
353
413
375
636
283
292
306
382
487
215
695
748
779
988
913
1046
1075
1314
652
1296
120
165
226
751
297
1535
176
402
324
326
448
448
284
1268
274
528
208
214
215
273
291
346
353
359
248
331
466
637
346
485
593
602
608
381
706
1190
329
120
390
286
289
290
494
495
896
413
409
835
722
168
895
257
505
637
643
327
331
343
352
367
408
413
415
417
422
423
431
438
447
449
450
454
511
537
538
547
591
599
619
623
629
644
645
673
677
682
707
711
737
746
748
833
842
842
847
882
948
968
983
1006
762
1039
1076
1086
1092
1196
1235
1269
1331
1342
1489
1493
1515
1593
1596
586
1643
1654
1657
909
456
1955
2043
2346
502
610
626
629
216
646
663
1605
766
163
170
171
213
257
273
291
360
381
1168
513
456
588
251
254
342
511
531
396
606
1037
887
351
351
1162
197
94
342
272
410
415
837
130
218
201
227
349
364
377
596
776
285
242
322
1359
436
223
135
164
178
181
195
197
211
215
216
269
286
329
333
338
346
598
402
438
442
450
474
525
589
616
741
860
975
704
212
353
172
316
590
424
307
126
214
124
268
635
304
306
343
485
211
238
342
350
353
920
160
353
392
581
552
582
705
1076
958
352
308
311
352
355
633
964
724
632
723
390
169
220
514
689
1047
752
610
974
364
364
526
353
354
364
367
596
482
726
247
733
1085
403
583
347
463
465
387
219
527
618
308
312
315
317
318
327
328
331
371
374
380
381
462
472
476
505
519
522
526
542
555
568
581
594
596
600
760
778
846
952
949
989
998
1192
1230
1343
1383
526
618
827
305
311
411
878
265
1516
615
1601
287
303
369
502
503
399
669
2201
477
791
911
351
307
1149
306
1093
521
247
162
166
463
160
393
407
667
1510
414
336
441
443
445
445
164
305
309
415
755
519
531
531
143
625
643
1040
1080
267
138
144
145
197
207
295
325
596
374
369
1596
443
508
572
410
340
419
455
310
419
311
341
1068
505
286
164
305
176
293
376
378
329
331
524
534
526
569
596
611
674
587
517
839
366
969
266
151
1234
576
232
247
527
1371
271
276
285
289
295
297
310
312
327
332
381
382
385
472
474
478
480
510
516
566
599
625
665
684
690
707
719
725
731
743
750
782
788
802
824
863
878
928
965
719
1025
1067
1144
1219
1403
1260
1267
1278
1289
1302
775
124
2673
131
138
286
231
382
2285
2338
2339
2354
2407
827
3169
2822
2841
2844
301
322
226
230
235
3329
3680
518
274
311
279
525
515
316
454
1142
668
673
149
298
778
386
415
511
442
413
415
330
620
788
304
306
413
447
788
714
347
476
375
169
169
311
310
513
215
124
248
317
334
183
324
224
392
168
991
655
369
346
316
322
323
420
534
456
308
931
338
602
1725
165
201
457
244
455
762
1175
734
309
1567
996
200
203
519
274
281
489
363
425
428
436
441
452
576
684
737
1015
1038
853
1251
1313
282
512
285
374
616
286
201
478
198
335
597
946
812
911
356
382
741
538
482
603
628
530
255
744
423
334
144
439
507
1047
405
185
270
407
410
308
317
856
427
435
624
855
1584
900
846
975
1861
688
1415
1155
920
2019
672
469
303
491
350
592
2611
533
166
348
316
585
424
951
5223
969
586
347
364
304
313
322
323
325
333
417
421
591
3725
623
421
754
758
240
873
889
907
994
613
323
1145
1157
1554
692
1551
2501
477
410
7987
1870
341
416
436
526
596
620
633
723
507
869
982
458
805
1232
280
288
737
167
168
229
410
478
479
509
579
596
528
702
891
1091
1091
113
352
357
364
153
625
419
506
725
272
257
345
131
459
470
485
343
1342
1349
1593
408
305
767
273
461
206
314
406
725
630
743
770
156
850
216
229
1588
862
311
1397
1413
961
376
596
312
185
189
308
253
464
527
255
558
585
245
246
1172
636
168
559
178
232
266
352
196
264
552
692
724
306
314
408
418
471
729
343
1283
187
110
112
143
151
203
473
164
226
287
228
311
801
540
549
575
327
412
292
532
307
166
221
223
235
644
850
451
697
333
695
665
1123
412
703
465
594
613
124
613
734
177
263
275
862
306
545
268
308
199
375
345
413
513
472
322
198
198
222
226
327
337
284
289
297
313
323
811
355
364
429
378
552
509
667
331
306
784
808
352
142
878
340
348
124
413
579
169
816
512
308
412
413
786
731
127
175
314
1305
262
553
442
413
355
355
359
262
263
265
274
274
276
277
281
367
392
191
461
480
559
574
728
338
949
469
1410
873
1164
1563
598
160
358
359
1227
631
126
268
268
358
450
496
250
186
195
196
198
527
615
886
192
262
171
107
142
144
154
760
219
233
257
269
770
313
329
487
636
383
415
275
284
388
364
425
513
431
1044
98
331
736
95
102
177
277
286
408
1091
345
203
144
115
144
188
376
203
208
418
564
263
586
907
1041
468
552
352
954
357
358
508
261
960
1235
432
454
576
720
1162
878
717
293
296
297
388
220
364
503
803
411
617
626
631
508
1376
512
384
491
1403
503
203
551
586
249
412
185
346
588
971
414
695
533
222
338
650
840
978
395
472
481
832
833
1055
728
483
340
148
202
203
904
198
244
415
380
187
252
213
297
202
379
321
835
558
540
572
415
638
330
671
1151
791
845
481
745
1372
3289
196
319
109
197
3491
111
417
420
529
331
3493
3327
415
420
433
316
841
315
1000
525
359
3641
870
535
547
559
560
565
337
339
343
451
356
1053
673
1064
468
469
774
4136
552
4246
545
150
315
983
260
800
832
857
1125
2037
1095
1191
739
440
288
695
628
838
347
312
318
351
483
537
355
593
594
639
664
466
471
1073
1118
1308
287
882
865
740
448
1064
266
351
359
308
644
418
314
315
413
359
525
618
363
367
958
314
727
852
867
729
1223
658
472
1076
610
1111
318
405
861
578
489
1150
547
1692
419
784
548
704
860
787
537
1027
2433
757
1391
669
964
456
458
573
473
481
680
694
1709
784
21724
891
522
523
530
533
534
540
543
691
685
699
1210
1255
815
831
841
293
268
273
462
466
1405
1555
1579
1274
2030
476
1282
271
463
378
1832
743
274
189
247
203
397
455
1774
258
134
185
192
859
439
154
163
164
171
173
174
185
189
199
217
218
220
225
229
235
287
303
307
395
401
448
466
483
484
507
498
547
582
613
673
897
906
927
955
970
1059
1084
1314
1923
202
343
305
262
306
313
275
276
301
296
377
379
390
644
449
452
144
489
493
557
565
689
243
756
833
202
246
407
348
304
204
683
522
345
350
830
437
205
261
356
437
277
342
797
246
287
288
387
356
422
633
314
317
320
850
523
528
313
319
547
418
419
515
739
134
584
631
418
356
425
345
272
357
228
503
591
265
1172
360
171
272
104
608
507
116
721
537
634
190
376
320
148
126
771
214
257
1716
221
286
336
1473
334
634
130
190
384
857
889
460
640
513
276
486
428
466
329
414
419
536
319
1446
794
554
353
125
418
1090
229
236
356
356
357
357
738
320
323
489
600
366
367
762
788
532
1127
698
300
1597
275
1406
263
168
174
190
225
305
313
103
103
470
751
588
356
528
473
978
1205
356
597
714
264
345
353
588
246
417
598
531
625
548
360
668
331
337
344
442
458
464
467
355
679
349
351
354
588
895
482
1028
533
590
617
624
625
360
836
421
433
1115
1207
1308
316
190
245
257
474
205
533
159
463
237
614
359
470
198
232
586
880
610
269
349
710
450
614
617
896
464
185
224
575
313
130
137
141
178
196
198
550
646
1306
1180
354
364
364
275
696
286
290
305
2504
557
856
2991
968
993
1161
1213
202
274
880
492
394
428
641
788
158
889
112
973
566
521
473
319
255
315
318
1165
708
622
478
355
225
229
348
583
587
604
713
216
849
852
371
889
979
1018
529
191
1533
159
317
116
440
786
131
144
253
405
1617
521
538
448
449
311
314
576
419
421
708
529
285
963
166
200
239
258
267
295
322
360
361
373
426
569
502
630
732
762
848
1395
357
277
417
317
310
316
318
555
1062
208
1228
355
440
354
205
120
399
176
630
440
349
479
355
840
605
142
300
161
160
161
448
261
573
454
165
200
156
165
597
444
276
561
232
236
240
359
284
307
383
428
1021
498
577
743
795
846
764
637
263
380
392
393
524
356
646
653
667
640
644
653
782
912
907
936
1017
1610
582
304
583
408
553
556
316
533
310
288
330
211
268
436
283
435
443
317
1419
561
341
524
259
593
671
717
184
186
186
802
262
267
831
1284
922
640
286
376
223
771
439
408
506
378
394
509
626
777
333
898
220
304
236
1034
276
285
293
144
520
190
146
527
1371
282
744
442
749
108
901
151
158
229
260
277
398
427
325
330
534
543
546
331
126
665
226
292
303
411
167
328
317
180
232
418
296
301
305
324
432
544
1004
979
503
379
555
515
338
1157
315
683
1201
2105
836
1038
316
213
694
642
375
430
434
554
168
714
1052
603
343
442
323
630
730
364
443
444
1114
1164
1200
1260
335
163
535
215
1439
147
528
215
376
555
916
976
446
749
1209
699
695
272
492
208
271
159
773
215
515
633
383
381
633
1172
524
758
312
319
907
547
385
740
127
168
774
857
270
1173
701
410
355
170
171
279
285
285
352
359
363
716
744
878
943
1214
1473
343
208
342
357
349
351
454
348
350
352
355
469
725
272
522
134
348
207
282
285
506
358
649
864
262
633
775
533
199
906
429
544
199
244
869
971
969
360
413
421
562
709
981
758
1735
263
276
276
282
289
347
385
478
482
524
541
396
407
655
656
539
541
724
683
916
737
369
707
1765
133
838
414
716
982
907
267
268
352
1352
142
243
373
130
753
319
327
431
435
846
762
762
357
358
360
372
383
392
404
416
417
418
430
434
521
522
533
588
206
632
634
636
647
652
668
680
685
718
719
145
782
196
856
859
943
971
1022
1110
1154
1339
1552
1801
203
347
361
803
592
347
349
354
472
594
1095
1188
1090
319
424
224
146
285
301
402
430
316
317
337
544
253
432
694
834
617
852
854
412
869
672
1507
505
955
409
406
516
913
41
29
38
155
179
553
352
290
255
260
262
276
354
287
428
466
510
533
637
704
686
882
632
413
206
421
274
630
352
474
517
307
733
443
359
444
257
26
22
50
787
599
473
474
722
304
194
148
152
506
371
561
453
801
898
838
355
351
287
351
354
356
286
287
365
486
557
268
494
367
141
417
729
1090
822
704
352
354
854
545
634
129
137
238
330
778
382
444
534
718
306
316
320
518
521
391
649
954
970
697
246
244
355
262
519
599
305
415
360
363
364
480
485
610
1102
1216
1257
386
164
767
309
487
1168
354
269
280
366
443
557
452
855
946
992
344
274
444
203
277
345
360
437
352
1443
505
410
379
397
404
441
452
458
459
607
502
528
535
373
546
558
592
598
599
495
634
472
647
649
650
656
706
719
721
722
743
756
549
821
226
718
911
935
969
390
461
1107
1359
1341
1397
1410
1465
1049
876
962
324
338
432
740
173
176
388
509
1114
2011
1229
418
1669
366
1062
324
598
226
205
532
1043
128
271
199
744
953
32
241
905
914
310
908
1024
645
142
475
382
447
281
292
376
488
788
287
965
293
689
899
442
416
311
895
534
267
281
369
374
458
1053
819
396
163
218
755
204
183
184
186
239
289
691
550
387
572
494
688
277
332
273
220
208
129
23
941
274
339
26
22
523
309
32
47
765
250
335
498
594
34
47
348
142
142
144
631
202
260
458
314
421
1020
573
472
1149
636
957
376
386
506
508
644
608
4530
287
174
378
256
346
23
144
608
287
486
6043
351
244
352
167
102
358
811
1733
256
258
31
33
43
46
49
55
342
277
348
524
310
600
571
946
243
293
296
476
326
451
604
645
384
353
834
447
477
552
606
357
358
1295
718
414
263
266
333
537
257
419
433
513
443
772
195
143
353
444
471
134
593
137
144
181
292
279
294
168
179
180
197
222
236
273
305
312
330
331
332
348
489
373
642
400
425
460
463
469
480
506
587
603
634
653
711
713
757
811
470
894
978
1034
1077
1093
893
1153
1258
1296
611
408
278
311
528
644
653
311
534
702
872
504
1096
639
646
899
746
311
450
452
592
602
314
416
722
1067
359
1362
606
1537
841
525
314
315
424
704
346
143
587
148
406
298
166
287
1279
271
359
360
365
534
662
697
407
47
612
593
597
603
611
613
1126
261
267
526
892
448
263
266
741
758
820
263
77
810
138
293
474
400
348
203
206
206
207
210
282
277
862
129
131
25
29
35
634
69
314
422
427
430
661
669
928
937
960
1672
552
777
569
948
15483
869
486
310
1012
422
423
708
702
347
410
334
308
262
424
720
454
583
540
187
189
852
603
526
589
177
131
45
28
33
40
52
282
174
184
247
263
559
378
265
266
376
305
936
411
131
178
231
641
202
833
346
383
352
264
267
268
269
514
354
355
455
447
262
246
504
482
525
597
439
585
533
464
468
588
734
513
1750
394
599
456
457
650
184
286
188
286
991
487
458
696
703
691
314
538
648
477
850
717
196
741
293
886
703
843
1011
840
500
143
198
468
317
415
525
646
653
719
596
950
851
346
1083
661
203
213
273
284
346
561
297
244
218
282
441
384
385
584
143
155
158
164
206
208
253
295
394
410
522
1258
743
142
911
385
307
309
287
706
1397
353
816
954
1115
590
352
466
467
512
413
412
630
728
905
605
226
590
286
538
514
352
304
305
352
352
263
352
718
361
391
597
608
229
268
865
996
288
1082
292
141
410
166
168
202
1207
1078
313
314
315
855
347
1083
347
174
472
188
711
298
841
965
1215
842
1043
1576
422
474
354
470
358
416
476
485
726
946
952
1511
412
832
302
308
407
352
359
366
374
379
182
265
525
178
476
592
494
209
263
1160
1618
1854
556
312
421
522
442
246
619
269
464
145
362
552
373
376
768
874
904
1337
694
636
745
764
1087
441
1124
1144
582
584
1013
847
790
795
177
221
843
471
947
354
262
229
126
303
847
45
41
587
282
285
8558
768
317
493
547
429
434
782
285
858
372
810
531
370
372
475
880
307
774
1153
898
223
167
228
276
412
250
257
53
143
297
1975
352
361
361
373
483
586
588
644
713
738
845
856
920
531
1011
1018
1358
716
1367
2011
1042
2157
2922
3430
1057
1148
1402
506
792
1467
558
564
747
1200
1074
1591
755
2068
1876
8296
32
44
580
2015
443
461
474
163
543
48
840
489
203
212
214
362
416
275
797
351
1084
466
287
1083
717
351
352
474
477
604
1112
28
31
102
583
224
286
471
480
353
203
206
551
517
490
472
306
424
729
995
999
1004
1598
1366
291
294
387
692
283
539
295
551
409
647
681
529
321
539
866
766
849
974
551
411
203
228
341
535
267
358
361
721
844
620
526
635
1063
1146
414
351
491
524
167
722
739
634
262
453
274
537
643
203
204
205
417
202
277
345
838
340
224
228
312
431
378
727
911
1010
529
322
327
567
1119
1769
279
1117
79
42
72
3419
3726
3998
4004
4133
4155
4163
202
206
273
719
355
418
972
417
413
846
343
208
221
221
225
278
296
357
428
552
231
127
488
429
477
907
400
714
730
816
589
2525
2038
286
322
363
8883
346
3054
3064
3102
3130
3158
3295
3302
3307
3316
3395
3413
3515
961
294
328
437
240
372
1006
423
277
172
249
197
487
572
418
302
679
398
383
321
389
390
342
457
482
490
490
1110
1462
1824
791
789
1061
522
795
481
872
1391
699
524
530
531
539
875
2379
1025
501
503
511
514
1158
817
1009
1100
1855
2258
1099
1100
477
483
804
747
449
811
977
1002
1970
1485
1343
1476
741
1055
468
858
483
397
402
1348
1119
515
521
1358
939
818
1822
626
840
1532
936
2511
1614
1221
1552
1205
897
576
54871
348
750
198
354
478
145
146
149
200
349
576
1018
558
582
167
218
353
582
854
1071
267
301
1468
388
472
542
647
760
846
651
898
273
263
1194
300
127
1661
80
864
165
353
352
295
731
247
624
306
271
445
548
562
641
828
594
170
168
289
122
1369
353
273
245
262
248
329
535
335
338
341
444
342
57
207
690
136
804
127
1070
127
490
806
690
758
996
266
1478
574
794
635
246
794
253
256
1049
458
601
613
755
761
1852
125
128
244
314
353
963
356
251
142
786
902
131
666
377
226
352
365
482
488
541
599
714
363
456
533
270
1475
1091
1862
273
205
289
416
506
633
557
64
22
217
125
132
213
368
270
208
272
351
125
130
309
124
218
351
346
354
356
360
362
363
363
474
589
439
413
263
205
959
1125
342
451
700
484
266
606
488
839
210
278
282
284
1010
301
302
303
304
305
310
325
331
333
348
366
370
377
382
385
385
402
404
411
540
543
594
617
626
678
679
1412
716
767
782
790
796
805
838
838
848
852
868
870
894
897
898
900
932
957
967
976
989
1036
1045
1092
1103
1199
1218
1219
1349
1481
1034
1613
940
2338
1100
2764
2782
457
2846
567
150
1358
208
1470
243
289
380
3281
464
222
124
506
321
833
377
420
467
225
181
468
466
349
464
45
33
1178
505
376
379
587
590
1061
547
197
198
550
212
131
216
23
22
421
277
724
268
295
151
155
162
211
272
256
338
555
680
287
581
176
131
132
137
272
698
203
352
596
833
413
400
196
959
53
35
39
50
50
65
103
128
130
541
393
1129
295
422
263
306
364
802
436
437
556
556
568
570
697
717
846
1128
369
1851
346
174
228
239
320
334
347
100
23
36
332
266
2641
29
41
46
416
694
274
181
717
595
45
26
171
29
777
385
514
515
529
531
243
142
797
557
1213
560
1729
759
787
1033
1387
773
475
3349
3848
41
134
55
23
384
291
166
819
589
43
45
51
62
67
79
106
130
132
132
159
166
217
238
298
317
23
46
55
60
1155
483
282
291
389
428
516
544
691
641
276
14752
311
363
412
672
411
521
368
369
385
562
607
869
949
1204
49
1992
143
202
268
800
3217
3558
260
67
49
834
835
839
118
2040
965
1091
199
149
148
38
554
689
1278
380
737
688
270
1064
444
961
539
844
359
360
368
1212
1313
590
726
423
1095
916
216
726
175
263
264
474
23
53
56
45
144
208
212
235
560
338
375
517
527
764
574
376
415
887
242
196
295
142
149
466
488
600
525
631
417
311
414
213
277
312
348
504
521
336
339
395
497
599
259
261
263
264
733
1071
415
423
934
203
204
264
581
968
719
177
235
271
397
1017
521
215
1553
93
116
1795
1386
452
757
975
211
130
132
419
410
304
518
519
443
442
222
522
412
643
312
1474
166
170
521
420
379
290
168
383
1211
509
47
43
47
128
160
366
288
496
823
1508
1019
269
415
617
332
196
210
217
407
519
550
659
1029
344
311
633
752
714
352
353
355
332
401
311
406
416
407
631
217
166
173
785
441
415
533
629
398
136
265
278
360
509
205
206
210
305
275
311
719
630
170
215
217
514
306
285
215
477
323
360
409
312
290
124
177
177
407
416
234
409
625
485
701
134
171
263
516
305
310
318
753
1089
1316
645
262
124
643
69
25
45
62
85
309
939
348
56
226
26
28
57
70
569
280
412
552
622
1266
728
532
311
312
318
411
537
622
633
354
124
346
145
174
197
166
400
259
93
26
98
152
147
624
572
262
234
262
166
181
866
304
349
549
541
999
203
32
733
22
1116
268
124
166
94
449
425
460
708
766
860
1058
2289
376
1442
349
635
351
352
464
468
472
538
443
35
30
34
43
43
48
52
434
324
443
493
6473
413
321
430
530
641
774
897
1214
1671
353
1925
320
345
471
748
312
313
1183
623
262
633
377
389
639
1170
1745
568
62
33
41
450
536
408
124
129
130
135
193
217
325
875
428
667
279
281
263
341
27
43
694
208
348
414
261
310
469
713
421
349
279
499
224
376
1364
425
433
490
27
28
673
190
883
247
996
638
310
202
205
272
594
355
357
359
366
369
378
384
513
602
620
621
637
857
981
193
1254
94
2235
959
889
344
405
736
144
310
94
113
118
201
324
1093
742
819
890
353
599
415
204
168
99
105
112
128
131
139
166
168
177
192
238
265
340
340
400
583
695
850
1031
867
1254
1507
377
265
448
293
352
351
314
354
452
473
322
323
342
350
352
414
486
686
711
719
864
1172
1146
1275
1319
1346
1349
1395
130
131
132
29
30
31
34
225
271
282
400
616
601
1000
142
147
351
357
359
361
363
678
654
659
682
809
1644
353
830
643
205
131
356
246
225
231
882
529
626
235
354
360
361
366
597
602
602
955
905
350
262
268
460
183
145
154
155
159
159
163
193
200
265
312
286
297
315
361
845
365
869
460
1358
131
225
717
352
840
855
127
636
235
745
503
639
588
593
825
175
180
272
128
99
286
286
131
135
146
148
154
166
190
206
229
303
321
349
452
452
544
570
612
696
246
198
248
165
126
127
134
136
149
152
155
159
200
202
217
218
228
233
252
291
308
358
368
393
426
448
449
459
484
486
504
531
552
553
585
663
719
966
955
1033
166
474
129
263
262
263
267
447
294
298
170
213
142
273
276
470
483
582
202
208
214
361
362
363
367
860
385
386
275
349
471
472
362
477
480
491
314
750
761
899
906
1008
1742
1748
1236
2578
118
292
266
625
507
637
899
589
278
328
330
202
169
462
482
591
175
405
1790
32
36
37
43
63
67
87
334
466
456
144
146
197
211
216
267
302
310
322
265
695
257
130
318
379
274
197
589
641
304
431
131
272
178
216
409
267
251
275
344
356
459
360
367
369
456
466
484
589
360
739
752
774
272
280
352
415
1455
970
1649
1328
616
126
884
207
322
140
458
347
351
364
482
487
601
964
1481
298
144
314
312
446
202
428
546
562
818
301
128
743
446
162
125
132
133
147
167
175
181
185
193
198
761
209
210
246
286
311
315
325
329
101
387
425
120
228
610
786
316
328
531
548
170
435
661
147
733
2656
160
443
119
443
380
376
245
367
609
823
469
700
22
71
639
203
131
202
205
506
426
252
276
305
333
345
361
493
251
252
914
767
107
108
110
111
444
224
312
1365
739
310
345
342
961
459
688
485
491
127
456
360
262
692
265
124
132
181
400
422
275
303
206
210
276
277
182
403
293
906
532
263
427
261
532
548
537
751
1174
262
586
340
442
538
340
820
55
488
48
271
462
378
262
266
290
286
363
380
372
463
471
477
1283
596
879
996
418
383
640
317
1034
352
315
346
351
151
157
637
201
260
462
68
877
27
29
468
179
378
435
256
347
345
490
1065
511
201
118
293
537
318
333
337
449
565
640
23
787
548
1333
1373
381
506
162
1206
416
310
202
214
287
367
377
490
495
574
1032
768
902
282
1039
124
633
130
345
383
534
543
586
651
934
633
418
528
348
818
432
608
340
340
343
341
422
701
767
853
96
44
714
1207
448
618
315
418
532
1322
647
821
353
358
362
363
148
143
145
194
965
997
1079
1522
750
346
751
350
776
443
287
1068
274
672
349
194
636
380
637
380
377
382
389
390
394
525
534
785
891
906
1177
1617
1519
363
740
699
980
141
157
160
162
255
1369
1380
1397
494
1751
643
317
644
421
202
758
418
311
313
7500
205
203
226
227
231
237
283
310
322
345
364
398
500
515
521
527
599
780
315
189
402
516
527
529
537
550
643
652
710
814
930
962
964
1255
214
1893
541
391
2508
455
456
376
349
346
119
595
213
1023
1153
727
329
338
350
444
448
449
455
680
687
696
1043
513
392
655
1328
1609
347
467
631
378
506
263
354
1289
418
319
421
533
346
888
379
382
1057
715
661
774
784
794
1031
597
836
946
1516
439
462
348
466
346
445
266
829
455
347
939
595
346
705
346
352
467
472
317
444
710
352
477
585
596
602
1319
582
711
824
353
268
367
371
532
815
880
1339
616
573
438
336
449
570
667
793
1721
348
697
702
263
353
540
166
348
526
711
347
208
210
587
589
342
558
28
56
246
159
211
254
299
489
514
700
704
2079
344
166
170
287
286
295
415
1037
302
512
529
85
602
674
616
144
706
177
831
848
808
192
454
297
131
168
340
261
143
294
273
284
248
166
171
188
148
234
237
287
253
317
379
439
617
415
457
168
96
103
105
162
184
249
286
299
387
44
698
78
194
462
142
689
346
167
165
167
170
126
130
216
312
296
246
690
352
471
700
810
1072
204
245
375
478
980
722
272
308
422
176
424
433
437
438
446
415
1162
856
1437
700
974
427
701
556
696
712
852
855
864
989
1467
838
120
248
1113
693
974
287
288
291
263
353
449
553
418
423
424
429
204
209
570
579
582
283
342
705
713
421
849
979
1004
1012
215
124
215
589
582
347
354
472
707
828
341
206
210
213
215
287
437
452
560
598
810
836
689
584
346
386
586
700
352
213
124
128
589
168
169
224
312
1415
948
551
691
445
805
541
533
417
327
342
423
515
360
1087
442
466
335
449
563
572
670
1071
1143
964
830
343
825
582
1046
514
407
412
695
296
1691
501
517
346
202
275
409
519
557
1159
428
704
500
249
1044
509
693
372
373
377
382
511
575
587
598
718
820
934
934
939
1023
1167
1326
1341
1375
1510
270
278
830
1097
386
488
286
274
271
432
351
360
381
167
519
532
666
485
202
732
407
272
276
488
385
286
412
412
167
515
176
625
216
527
717
426
498
772
1414
409
1121
732
576
572
576
287
288
377
396
489
465
787
354
1071
839
618
866
202
280
346
415
271
414
202
553
642
203
697
417
569
1000
1134
1431
317
248
413
557
558
696
174
124
550
553
560
344
345
1259
552
246
184
185
1540
202
485
638
201
563
642
414
346
349
588
702
463
551
1567
633
202
40
48
58
983
417
1311
310
556
697
39
35
62
341
71
41
73
201
418
123
30
64
77
110
139
278
338
350
473
548
206
346
126
97
359
411
617
125
124
170
202
205
346
293
634
660
670
312
419
548
642
649
1178
471
375
280
781
525
310
741
248
184
187
695
450
261
1276
418
419
33
82
93
141
177
502
571
475
572
443
184
287
585
170
134
171
220
312
450
456
192
199
208
209
267
316
351
511
552
703
708
733
679
287
393
981
1016
886
289
390
326
762
817
987
330
1151
435
443
534
165
645
96
857
548
223
359
694
385
693
990
29
38
304
306
417
420
623
872
947
279
287
386
683
767
289
646
387
524
653
676
912
915
930
54
49
49
63
68
106
457
342
691
280
379
53
54
303
305
310
313
317
322
341
343
346
347
350
356
370
377
378
383
384
395
409
409
418
421
426
435
471
488
497
532
550
554
632
727
739
742
746
751
766
768
796
821
853
876
902
903
906
915
934
935
950
680
1018
1029
1063
1148
1198
1240
1241
1287
1289
1443
1485
910
887
1722
757
1770
1960
2050
448
454
469
472
2153
568
2231
511
636
773
785
793
813
305
1085
378
286
287
292
384
731
804
806
1250
1477
79
30
36
60
41
28
48
54
72
75
410
308
831
280
778
1211
75
43
32
282
367
Tue May  3 19:58:26 EDT 2016
