Waf: Entering directory `/nethome/dkochar3/project/reproduce-red/build'
Waf: Leaving directory `/nethome/dkochar3/project/reproduce-red/build'
Build commands will be stored in build/compile_commands.json
'build' finished successfully (5.120s)
Load generated: 689453 bps
Number of response times recorded: 16072
130
229
220
356
212
37
397
360
172
388
199
221
181
369
490
501
247
254
315
308
251
221
230
382
388
394
708
347
421
419
420
327
449
488
524
527
545
878
508
898
348
488
664
283
862
669
591
594
595
600
614
607
647
1017
613
473
793
763
1141
656
1166
939
559
855
664
765
573
646
447
853
1088
971
588
827
797
802
624
1003
640
808
705
746
813
774
646
661
1606
593
490
761
1067
1102
1218
931
1234
628
670
517
501
989
1432
726
1768
1322
1338
374
1552
557
1013
1123
1029
884
852
835
678
682
786
1067
644
569
1054
949
1962
780
786
515
531
943
857
609
2361
700
482
607
2055
1429
722
2540
868
546
1113
668
660
565
825
551
2077
761
2476
623
2293
2226
2102
941
2044
2362
1108
538
1096
613
580
630
624
2344
611
617
559
372
1996
376
829
535
2783
2016
2870
727
1547
1234
1416
709
1768
2070
619
666
736
1830
1985
416
2581
803
1217
684
1994
974
549
665
1093
3142
2868
1161
3176
730
3989
476
3582
3583
495
2523
2295
3341
3435
3436
780
628
921
663
3863
3926
3440
3602
955
940
3800
3609
2445
4135
397
3778
3676
634
965
707
3150
3069
465
743
744
747
751
3312
487
2205
2400
1856
2179
673
1152
585
591
659
4226
570
3021
3609
3535
2981
4688
503
505
3939
1883
2171
695
3683
3144
2000
5003
2839
2729
695
2390
656
598
4172
2845
651
4096
3080
3663
3210
4687
875
2679
3803
5342
640
3648
3939
2397
5548
3637
2696
4132
816
2643
3331
1726
2829
3758
939
1070
2528
1160
3190
2010
1211
3391
492
681
682
778
4228
592
2710
2510
1455
1005
646
2091
5934
2581
3463
979
2165
5322
2678
3360
4541
3670
5572
958
4041
3524
3646
2230
3916
5517
585
3698
947
1136
1027
3938
815
3226
5465
1008
5138
3916
2553
549
4312
2658
6153
5355
3925
5916
5857
4660
4472
3206
5563
652
624
7034
444
5778
3180
4054
6614
1179
6522
473
5303
6082
3653
3655
3657
5811
5087
5194
3583
6142
3594
3619
2613
5079
7180
5972
3843
2689
6160
950
6669
866
2659
3714
3467
8207
2632
7565
802
2823
3585
4366
7875
1441
3672
3938
947
3693
630
5782
5488
609
4613
4004
1175
5836
665
8211
2657
4849
573
4378
4401
5284
6852
2480
2635
6969
8248
2863
2013
5404
7268
719
7489
2942
8295
5970
5526
8055
691
733
3718
7117
7124
4611
1957
4417
3696
4202
4881
3438
3637
5169
1033
4336
553
5153
2826
3592
3605
6765
632
7758
3881
3586
3499
3533
3538
3549
2621
3558
3616
427
5090
3421
435
6352
3701
8054
5867
4749
3523
5546
5747
7350
2702
3636
2274
3694
6414
6816
563
562
5053
599
687
1843
8304
2474
8518
2531
4297
2391
8960
5766
5763
5783
3711
6782
8831
4357
9842
2917
1851
6634
5008
5996
4143
2722
5568
3523
9955
764
2095
749
4959
3724
5979
6484
5904
1290
3693
1275
864
3733
1019
2721
1008
2323
6916
9724
5836
2161
6650
3740
3500
9098
3731
4139
5092
4980
3695
10178
3690
3650
2619
3923
3671
9737
9914
6773
5736
5747
5540
5934
8166
3187
9570
9315
4390
5662
9928
8133
5915
4198
8011
5851
5324
6560
6003
3630
6187
6738
5633
2267
3691
10142
4125
4509
3807
5415
3660
9074
5582
2561
9936
6148
2587
5623
7970
6891
6922
5610
10750
3987
3876
5539
11560
6253
3544
6990
795
5656
6683
3785
999
6243
3830
5842
3462
6682
11731
8345
5516
3648
6823
5695
8754
8686
5189
3933
4138
11325
6161
3672
7039
8950
5722
5467
9295
6779
3706
3959
8233
3738
6484
6804
3748
7284
4217
11767
3438
10017
11414
7820
12334
5293
602
4748
5140
9571
3735
8640
8811
6555
6843
8317
4239
11810
3983
6831
5164
9008
7239
7897
6899
10741
11217
10540
3862
4143
4072
4215
5728
7380
4692
9841
4292
6589
6608
8765
6873
6993
5746
4545
7196
7687
10598
8414
3473
8723
6753
9764
5876
7703
9022
5962
9880
7210
12994
6833
5923
6848
9839
5545
11525
5488
10754
5911
7372
10027
5620
6831
9008
4049
10765
5454
9758
7051
6794
7014
841
12435
4141
9797
2698
8679
8695
9356
7548
7040
3532
6696
9221
7908
11797
9068
3702
10103
10807
10250
7466
10746
13459
10325
10787
7912
9108
5839
3628
5886
14871
7108
6155
10114
2424
8908
2163
6753
7574
10074
9629
5487
9157
5846
13553
8238
14982
3678
9752
8495
11798
7940
6319
9945
6765
3609
7648
11082
7349
3780
11590
7114
7201
2582
9350
15073
11010
9522
2545
8591
6899
4831
10360
1070
11659
11818
3828
11793
10189
13201
13982
10176
11412
656
8496
8790
11114
6596
6872
9629
10228
9849
12537
11276
5854
3867
6639
10715
14816
8908
3138
11038
9014
12841
9858
10056
3878
7880
16023
7685
11624
12931
10135
12377
6168
12868
9461
8115
8852
4253
7581
7600
7852
14353
10801
13500
9676
3857
3859
9579
16677
11769
15233
9813
7877
9818
10057
8201
9405
9986
6628
4440
9792
4034
12971
9784
10125
12456
6069
9669
12445
10978
9114
6877
9077
4278
10175
12168
12800
9742
14864
10810
4608
14674
5708
10403
9919
15397
6877
9590
12692
9148
13550
14730
9793
15261
9857
14752
8072
3903
11743
16812
5847
6821
7501
9589
16136
9639
9804
14256
10517
5785
5787
5789
13166
13524
8383
13620
10871
11938
14174
11830
15445
10371
13709
15210
10369
10020
5578
9304
18320
6729
2660
11846
18784
9524
13019
6747
3705
9826
3774
12769
13417
14785
8702
4181
3636
10649
17659
7286
19029
18559
6996
770
13958
6806
9006
807
16227
10745
18829
11671
19068
13701
11368
9808
6697
7846
15881
13108
13081
11628
12892
10396
9758
9750
14728
14956
19733
5835
12803
16955
6658
6820
12799
3607
12739
6383
11309
8468
12229
12979
16250
15597
13135
9838
12647
11306
13928
9605
8872
9177
9816
791
11264
5494
9686
10046
15061
5572
872
12899
16117
16040
9153
12571
5920
11752
5778
6182
20302
11828
4114
17420
12889
20769
7511
18573
12139
11359
20804
7330
8873
8510
17859
9933
16770
12646
7559
6226
1676
12796
16948
13063
17532
14421
12842
14608
16896
13457
3082
10649
8155
19915
12760
17833
5930
10651
13083
15927
9809
3779
11005
871
14786
11259
9690
9639
17899
17930
1107
7483
3611
836
15430
8866
12770
12337
14901
16916
16476
14773
16291
18688
9073
11298
8277
16491
9620
15111
6288
4493
11084
9839
637
2840
9791
16315
6617
12654
19480
15833
22362
11030
18721
7355
18851
9775
3876
21075
18744
20893
5688
13150
9843
22592
20894
17886
4150
11812
10492
5669
3861
17537
3535
3536
3540
16580
20295
17096
17337
15784
18312
9875
10582
16107
14612
14610
10314
16160
15334
12570
12603
10145
18537
15910
14887
17931
12787
619
14494
12789
17186
11110
22212
10332
1033
5466
3701
14677
3060
14729
7787
20984
5974
18957
22049
9861
13193
21010
14522
18666
14917
3706
15803
13945
17927
6659
19687
16517
14759
14619
15592
9936
13628
15605
18763
15756
18349
10383
5845
5877
5113
24449
20741
18439
22351
16184
11682
12979
19462
17175
20997
14501
17802
11663
5506
13795
10239
9088
14409
23533
15932
20758
17326
17103
19957
11889
20932
22770
14685
10600
14629
5310
9714
17825
6474
18374
12699
18825
25495
24225
3845
25606
21453
21705
5901
15214
22069
11626
18325
6767
21861
19656
20733
2660
9718
10645
6094
17294
7081
6618
15726
18063
3808
13213
5139
17955
20988
11706
13356
21912
6843
526
3096
18396
18424
18128
4053
8500
3954
18889
21381
22755
13750
1158
18255
23403
23544
21594
13164
17396
19718
24599
16505
22530
23734
19678
23723
20140
16718
23047
3273
26508
26883
6534
10399
7996
26173
14794
23184
24751
22846
6628
21852
7595
27426
19203
14926
9409
873
2494
22617
15151
22137
19410
18808
6796
21250
14848
5413
7388
23005
17859
8403
21140
3895
6284
3834
3835
26470
25356
20664
13728
2735
11219
25673
24018
9066
10388
3539
24729
21038
23801
6840
16986
22061
23777
26161
20935
6301
4764
22037
26830
23566
20951
12794
21468
24019
5471
21114
24896
5396
24226
18819
18116
5057
7658
25529
26684
7969
11562
24502
5832
21493
11611
26324
23389
6232
12963
18156
22002
1205
16929
5773
7249
25324
21840
12950
26572
22979
11966
22690
23536
23033
18593
11407
30948
18778
10045
21242
22090
30759
19396
25577
11951
21925
11927
18560
20249
22749
19293
20409
24164
2609
12909
25902
9638
12293
15687
17273
4231
23804
25945
27100
14486
11450
22921
26824
12950
20117
24660
20765
24150
18627
23963
8204
5746
22232
30258
31784
6047
21907
19560
18046
19813
23393
12420
23807
30648
16654
10238
24395
18918
22560
7198
7200
10848
18864
32464
15880
27749
14003
14669
21404
2963
2777
22473
25191
31239
11741
25239
18671
10215
13045
25399
11752
14201
23942
17657
11707
21139
27500
24202
28733
4768
20162
11441
11796
3908
24020
23677
21924
11677
3913
5036
20968
3867
5955
22241
13607
12822
24462
3832
14741
3626
13999
16820
31764
24456
25683
786
28964
5436
17064
15761
24375
22858
25938
21815
6158
24860
13355
24492
26514
27274
23708
9767
11759
9845
18955
31278
22347
16871
28720
17703
26149
33864
13237
33547
25973
23433
12838
1040
16298
3866
24631
15048
24780
11799
9636
23634
30151
29348
28735
23817
21255
12676
30669
25162
13268
34664
5732
9183
8970
4310
18019
22539
31845
13472
33525
5542
16339
18199
21798
5889
30645
23173
27718
7217
12777
14397
5884
2838
24945
2844
27990
11883
2903
11855
13226
19876
35248
13857
5647
26906
26568
3796
29213
2762
19904
31246
23526
5724
6402
10978
3572
5818
27968
7468
28042
21920
15012
26905
28235
17432
22763
1244
12280
25167
28876
12701
13221
3662
26541
26986
27907
5898
23562
783
25049
29072
31784
12825
32934
17357
27293
18226
30696
15478
33409
9496
12900
23948
33199
11923
5465
28711
28538
16359
34336
25828
15449
33031
7406
16426
32883
17888
6146
37510
11746
7519
26747
12916
29238
19435
10306
33203
28855
26971
35405
25958
28414
30157
6792
4539
6325
10119
27127
18766
30769
31166
4493
5599
15932
5816
32542
6727
677
12726
12734
27882
13227
37253
10116
9198
25567
8991
38890
24934
14266
6678
20919
14969
6639
10487
19620
19764
15148
32578
39795
36620
14491
15829
12029
39601
33795
27877
3618
12445
36779
24877
7126
22946
31594
35495
22450
4355
24282
3781
12098
7538
12788
7418
10014
21184
30792
31687
27242
33895
2957
31221
23079
6564
23010
9298
1754
26997
1164
29733
23711
27624
6677
21723
3349
21696
21698
16431
22696
34296
31374
3501
8259
31564
10111
24231
5208
24856
4840
26414
5713
5872
9983
21009
28189
25444
30587
14355
37170
24636
9829
6069
11333
4080
8994
3716
27667
31026
10512
1023
4564
8820
10314
33664
36871
31626
12696
3261
13376
12103
30812
9889
37683
28748
27597
7336
40216
12550
15287
27509
34316
3573
7235
19934
26869
37515
35674
26898
7858
36839
13641
12753
30311
10659
26667
19010
28625
39310
4965
9186
13890
28646
25330
9229
20407
7240
40948
32971
27492
36193
29015
875
8874
13491
21974
9792
8602
23390
28602
12334
25575
22344
14791
10335
15325
37798
23349
39156
16333
25763
6348
19227
11652
34365
39694
41912
6148
38722
11837
36077
3659
6187
11451
36844
18729
12870
41694
37550
993
34591
18850
10296
20977
30509
6823
42361
12508
5683
10021
7256
31897
27104
40836
37907
27145
25144
26865
24750
3991
7584
6943
12429
45388
36073
7330
36995
36923
15740
762
35833
3266
36292
42300
15878
5641
10395
2273
21224
45063
35688
17005
23903
41766
39111
30655
16789
11728
43106
13606
13639
26794
27711
22772
31482
13843
24734
20557
3949
13965
43443
23540
38674
27410
19331
3357
14224
30939
6843
31179
46757
25768
32021
8910
43959
24217
23083
33924
4864
39909
21965
40504
9376
44618
43091
35925
8098
14056
15021
11451
35542
8713
38824
10223
36979
22615
18828
44216
45078
4016
43791
26887
6075
45981
3786
28114
7233
42870
30988
15913
41269
31317
822
35999
29329
16144
21851
4220
43436
15300
6195
43711
26733
15025
46371
8865
19124
4499
32936
16643
4622
8637
3159
44884
28551
4007
16778
44602
19215
16654
45104
13893
15150
27925
43252
49674
6938
42288
6216
31418
7166
24081
9669
23393
42777
6445
41324
11838
41527
12023
40517
12274
41666
11356
5511
15753
11424
45148
42657
9656
6247
11993
50740
31776
18772
25696
17790
37326
46268
37562
17961
42559
15052
41218
15423
4074
15440
12729
18149
25299
40716
6382
20795
17187
38581
12996
13000
35263
15311
9028
9940
21875
25258
32616
6624
12903
27086
22289
18864
38614
6924
8955
42587
4936
19061
15213
9892
22360
17943
4167
5368
33434
49735
44927
26075
34245
46145
42904
27229
20994
28329
23067
42500
777
50087
786
16503
7783
39488
43489
9998
36896
10460
3546
40398
3178
48015
4673
31510
37228
19706
44177
18825
7325
21402
7354
50775
36397
25905
49146
46248
3271
46046
3304
12661
3326
31847
28757
33229
2048
18877
4580
13908
42072
11847
5749
2910
42723
32718
24956
3283
21892
36186
46391
35808
21855
31991
4020
4771
31797
8680
20210
35261
763
11042
22126
23074
47596
47155
37585
4895
33232
3902
8385
13787
47412
1006
47951
3932
7154
25735
47423
13964
40552
23205
15009
9796
18782
25832
3949
22929
10935
4199
16388
51949
36247
5786
14751
51445
43294
13456
2303
30877
39039
10519
24005
12699
32374
46749
16719
11776
10224
52514
8033
51563
7265
31557
27444
45701
27581
24109
5965
10139
7573
26956
18787
56617
27697
31093
41901
10257
27759
15876
38953
8410
7545
24625
55727
14028
965
5910
640
5960
24863
24892
24893
9798
15308
19974
46728
947
3842
13061
12055
48888
12217
21845
7078
37076
25164
19860
43639
4230
10734
48166
8712
1678
25458
49624
26840
33908
53988
51564
50420
50826
49669
34166
35130
10949
34507
12741
2995
22961
54479
3911
12625
6832
4005
39154
982
10225
30976
7239
42375
26145
49205
37766
34283
45498
612
613
2867
25373
9011
5039
21087
33004
2714
49143
3872
21218
8300
21307
6433
8798
3908
24814
50024
611
38296
15115
52236
41203
55714
26919
11391
31575
46490
9858
3265
14099
33825
1266
7068
7129
40418
7012
41219
13209
29072
41810
968
21806
31004
3876
15378
20771
28831
13430
13443
49194
41474
24316
3837
9984
19011
43322
53257
15746
46609
54170
12565
8817
3887
989
6014
6031
14968
829
2899
29732
48142
28074
46359
15972
51696
895
7135
28237
9293
28595
16263
55944
2689
5923
28332
3736
5871
16483
9078
4562
46250
10242
5740
3195
28385
9890
12812
57709
4335
4378
52893
4042
10150
11622
16170
4252
52224
25874
2915
28421
51481
4425
17640
12476
42274
3860
58303
53565
5412
16841
9824
4972
10128
45135
17325
17368
3748
3176
25099
38261
9111
44596
47421
56089
60815
30754
52447
21810
18099
8367
5973
15933
20799
50425
42053
11697
20933
26413
4659
62944
13693
18023
5587
55248
51691
6147
3681
33780
38957
28752
44793
20928
12878
9064
31693
3436
11404
9862
5889
3932
62204
3625
43098
4073
4318
3782
17748
35408
29103
17303
6914
32226
20242
12054
39286
6730
6021
6923
61497
9569
48996
45946
52560
899
32847
4818
14024
4506
6046
19021
4306
12854
33065
7701
15466
5893
65155
4072
1025
33285
6339
33383
10324
6649
35717
55323
58147
30876
49026
23825
15720
57303
6854
30976
63829
13319
28876
7211
6284
2701
7143
35530
5133
6611
6453
6466
45820
12857
16541
18863
3584
10005
34013
64071
1018
8520
5929
5804
4406
29882
60480
26777
10388
9223
5342
16854
19072
14019
43857
21796
4341
36063
61784
41294
4732
68431
7905
60263
6165
17669
3891
55016
22491
30828
4382
18958
24594
35212
22677
31074
14975
17858
3733
3744
8690
33869
18940
15098
9332
34236
1569
49382
9017
13754
1376
37578
25579
9214
16468
5815
4371
23019
11791
8329
9691
34421
36972
11878
37125
64154
9770
70646
44984
29172
7394
26332
63590
21658
20756
10230
12198
52618
10651
11394
21056
14010
66452
5775
45682
66373
14270
11920
2914
62846
33909
13035
6271
7274
36534
46398
13309
1779
12173
60819
3423
57851
39073
8919
1759
42458
12746
12284
8114
7987
5958
13166
7057
18921
10696
18846
55092
5661
10055
41385
41607
41098
973
14807
61891
18091
35894
3390
2965
7694
15118
9904
13098
28558
13194
6006
13846
958
70915
7535
55067
854
2009
39227
19637
8251
56469
1038
72238
4001
4006
3307
3881
41633
74136
6122
20222
6106
50694
12102
34077
48317
10691
71009
57367
6933
5671
62979
62108
55649
6354
5970
38274
8286
4057
29441
5959
11115
30673
72782
945
14811
60601
38362
12972
25129
2758
9636
24897
21573
6520
9616
6286
5876
9911
4756
9330
18021
9920
18686
16122
12384
25505
32523
72952
24506
70166
77202
9996
9588
58776
72756
17041
3780
67673
43827
4565
10029
1250
8950
12993
51128
39611
68207
3920
37197
3891
13431
3794
72084
17282
2778
18034
17047
6164
4223
1214
8842
6380
14754
2727
48768
9806
40787
2197
10032
14227
3703
71520
78062
691
5754
3693
10651
1170
6429
8761
3930
10062
50074
5744
18479
15527
3656
71102
72178
62789
14971
67127
15919
11636
1212
45669
79618
11479
16001
29943
16161
4677
7763
19224
72458
11587
4312
5458
15839
25951
8129
950
22164
5318
16693
10636
1247
5845
863
15364
5992
72811
58124
12987
72109
55000
12863
15186
5921
5999
7528
5890
2741
10861
10202
988
12084
11110
12597
64578
7272
49203
23265
7648
9109
3684
3697
3698
30683
16519
65129
13083
16464
4308
78952
8205
4213
4231
8805
64554
1196
1010
18199
5917
8758
7318
1300
69737
9751
74683
17092
3926
22074
5459
3966
7235
10087
7855
10351
10616
8295
5794
37556
4970
28913
19602
42699
5800
18971
78685
4138
5441
15498
75345
12837
13304
5678
7447
15327
6054
3329
2056
10023
6819
65999
3978
5878
29379
32983
72207
72631
1266
1846
18362
70876
12692
9882
7324
65114
12771
5929
4938
68169
3984
10340
5965
10607
1248
11055
6330
10363
10346
6302
32101
8143
10171
37341
9624
12946
5996
28383
27768
13827
4502
2965
994
11939
8227
13762
10297
22149
27044
3193
12828
10613
794
79123
85528
11829
21209
2742
16882
8969
2670
32060
6020
6043
11748
9183
940
23754
69112
12719
7200
13320
14840
16025
53558
1196
795
23780
4798
3871
2736
20082
3949
9931
10702
44293
82898
7268
3922
13200
5886
76750
14582
8466
730
5972
1459
21810
4363
12182
9798
7507
6227
84307
41758
13597
61367
21984
12711
10620
3317
21914
17349
5963
14914
5573
10957
1026
5644
4702
6790
8100
5136
12301
86029
17599
13475
7033
21149
8802
9259
11751
40071
15752
3870
3871
3873
3271
11884
13067
2758
3087
10232
8969
11972
23305
19832
7664
8136
618
26264
29969
3763
3765
12672
81397
9702
3878
5410
7782
8567
19186
8293
2290
6839
4302
3722
3725
11835
37309
13167
43161
13275
27752
15605
3334
3627
13545
72392
10009
14023
63423
3840
28023
1776
9977
85700
67970
20411
69214
6287
14390
16216
2211
4849
27029
29729
6850
10744
92038
6535
35779
3176
6742
5701
1250
4406
3983
26026
1761
7684
84230
18051
3182
27488
7946
30867
7460
11092
3791
1259
11081
25739
6722
6728
18417
16395
33844
4186
9252
996
13530
8429
18657
70925
2831
4462
93772
90496
22294
6966
34956
7450
21058
9989
3777
7896
8482
8912
6920
18182
9987
15971
49397
1014
10355
16846
3682
4456
11928
752
30342
93674
24427
14186
14868
27838
14989
18046
15843
18848
5855
3260
5881
58571
12038
22234
960
14343
21517
924
6684
86189
14673
13554
4504
6690
7287
9808
37946
18754
18769
9847
12651
904
25343
10398
4016
19006
6302
11830
6314
22261
9905
67684
59349
19230
9664
9666
9666
3861
3700
9693
13095
16401
16402
3917
14548
11899
1417
10184
9679
6291
31106
66626
13663
14795
19804
97034
38761
4252
4009
17521
2744
6683
7979
81268
3024
14130
1501
12222
17336
6701
3865
10045
8417
3975
70669
7768
89888
18212
2842
6841
721
21076
92669
3757
3869
7136
78692
10681
5885
781
3939
1153
59860
13126
5214
21602
85346
12213
18753
948
2657
4522
13611
903
13210
6267
6801
13307
15291
23931
16162
47805
3190
3850
12799
692
12884
11171
12935
22630
7593
10617
7075
2775
3804
1141
11465
17857
93838
2634
13645
52445
7941
11905
50683
18245
15367
4277
7326
4065
93879
3245
2879
47874
23111
2882
4228
3617
99610
15410
4204
14046
903
7629
97101
18408
8582
4792
6958
96932
1159
21419
24533
33980
3681
3686
18236
11862
10612
6793
48545
956
2985
15150
15274
2713
3106
16062
16079
3942
5756
18936
18937
5446
3427
15400
89402
98024
26271
15945
96845
96953
3225
22597
66339
25702
4060
13533
864
5796
4259
7289
4941
15311
4048
3569
16369
11846
17557
90440
100216
3877
15582
72011
26142
98998
97531
4440
97481
99168
2963
6195
3967
1948
54628
4492
17744
4559
5841
4915
96858
737
16991
20130
10147
55210
6227
938
939
37081
32644
4250
19370
12817
38835
3106
3122
6589
65173
53992
25128
37524
18762
29686
104874
12543
97890
4638
7220
30171
78832
40322
95953
1687
6860
6903
4150
8257
51238
93934
18073
5432
1007
93403
101237
28929
23896
8092
3272
22899
3901
2363
74876
5340
3348
29161
44204
10096
7537
9633
21239
3731
25204
22167
12228
102765
751
7510
4059
15049
99902
867
6706
6708
101144
9726
30089
1032
50714
55343
15605
89459
823
15687
6794
21400
742
4260
13940
7160
21766
3944
3950
104470
585
6287
20933
10222
20643
5908
3446
5389
11960
720
24931
52313
11860
3524
4228
99946
11691
8648
7892
9891
21864
2396
5378
4874
4353
710
9951
15182
7961
32022
16035
46320
6156
11062
863
678
10519
109618
1168
6069
110323
7580
22835
6076
101418
5680
796
5840
32571
6259
4534
7068
94003
12005
3952
104031
3961
3962
11055
22920
34857
101465
24050
988
12721
103994
101764
25458
15856
59449
13217
33465
3423
3972
5981
917
5684
23013
907
38137
24736
16192
12968
661
6933
6937
16909
13454
105140
1218
5533
100272
1024
6245
13764
4404
24884
12067
20529
17725
13981
102916
34575
40512
1837
887
6152
9028
93789
25880
85405
89191
7094
25646
22708
25307
11382
94894
23254
61906
11822
13569
11919
37449
3830
9704
106773
7325
738
3362
26726
96977
5979
42796
6849
3891
3558
1241
105851
14245
108780
97246
4602
4678
9801
3990
97527
17901
7454
2430
10784
18910
13093
15524
16598
4399
743
77108
755
6689
105187
96886
8121
103016
36716
1161
4210
792
3007
1319
108455
4534
23087
775
97546
1526
987
28467
4266
31227
2875
2880
34419
10017
28733
17150
104785
2770
96753
22003
15955
8941
10137
6744
6658
2212
4216
14936
14294
10501
1290
4095
1473
3846
102596
5945
103654
9836
50115
21846
9932
898
4496
107282
876
100076
2825
859
706
758
5677
17686
6884
941
3794
3436
1239
12122
109519
33343
3764
4097
31223
7327
8401
4218
6011
3055
949
3753
4029
7618
3781
7817
11789
8972
11647
8517
3715
42133
3913
8056
17627
2845
6060
2961
40998
7090
7100
54451
19721
5721
9416
94088
10061
13002
25972
111733
34560
32928
5488
4014
114607
22416
6536
3694
10078
10083
6676
4181
3690
9645
112084
3823
6752
777
10411
7696
3934
3947
10843
4179
10324
9012
45109
43135
6731
6681
16972
4641
7582
114841
871
4058
9692
33871
14709
6758
11868
92833
11093
6514
24969
24174
5605
17023
112757
3663
14058
6042
923
8545
1032
3671
13210
4278
90423
93986
118815
9827
3765
105113
6989
112000
10069
6380
10095
802
9369
11629
9374
8465
12729
12112
6090
25267
17730
8758
12985
74286
16230
5488
120830
854
866
11878
13323
5746
37137
11527
116149
37429
12332
23057
1439
18276
834
9811
9818
9819
9821
4312
124032
15203
4370
8494
14745
11480
19525
3785
3789
101469
81127
8596
13901
38574
35357
66451
6932
2673
7501
19320
3674
26451
38448
10404
16382
9837
124797
7103
10069
1565
9786
15917
108925
16016
28448
6122
10423
10436
14951
13498
884
4192
15023
11029
49983
98331
103867
6005
10219
10043
14545
9316
114947
64764
26488
115235
906
912
914
17200
11506
11758
8773
9715
15060
11620
10062
12154
16139
14547
12837
16230
10899
6946
10173
3904
12073
16125
24711
21674
99105
2318
33283
121740
13652
7743
3936
24495
18671
6295
1310
29562
15769
14559
53595
12760
19037
19043
122979
5554
4321
18203
5129
12440
7374
49322
17919
4039
3830
3833
12555
44560
43171
8806
2835
8908
6034
3401
11022
647
26715
129083
3721
3727
16410
5923
130451
6253
10081
14816
7563
3952
12726
123309
98835
118337
7977
860
97068
97076
2466
4089
99005
31353
13066
14819
15921
7649
11325
87641
4635
6735
3300
1271
25149
25152
18827
67712
1566
19029
751
17464
5546
850
852
100211
11036
31980
129519
7155
22195
68715
4934
33065
33134
15621
5157
20097
22479
4674
8470
9115
99347
11926
3574
6429
8705
19741
3704
45094
4553
17391
62167
7612
1042
31515
3341
12632
119248
3689
7307
10448
15885
17586
3803
9806
47747
3449
10050
30570
102820
2822
24316
6677
17046
3905
10638
5488
48602
8400
4007
5005
23568
2643
3160
911
129113
44581
11674
31738
117068
5358
104025
10063
6348
984
14903
9865
18120
735
744
3731
2363
953
967
994
1009
9522
24640
4402
1233
16033
976
105009
1520
4519
5552
2958
49710
105270
105275
4683
11679
19247
3987
5017
6893
93457
13913
5214
105819
22007
1041
14837
1031
105885
16595
2512
120394
6842
21834
10583
2867
106192
5047
62352
22379
16025
9323
22585
7962
106493
883
74587
5722
3313
754
20622
39947
740
3267
994
1039
2939
1520
3895
5177
16356
10318
12477
3971
10959
34941
1405
4421
56875
107699
4261
4356
13254
13106
107996
3991
4556
108161
87668
25511
18952
1320
6169
3948
139452
6415
1262
3559
53623
3897
4325
5102
5761
3282
5263
3975
5517
1154
5000
3766
25228
14280
28439
3932
23615
810
1007
3800
1388
83753
98690
110584
3988
1879
2587
2088
11922
3752
6443
4405
4004
24493
3053
2472
10298
1644
39350
19827
135083
6999
2573
6147
139454
25120
7270
7611
4007
5507
50763
11762
12343
8272
7851
55470
3690
3691
142665
5951
26639
3806
3809
6020
6168
39624
4620
3788
100222
3807
3943
8138
732
734
17559
3991
3890
6439
3050
977
3241
14391
6754
5298
9496
26462
5779
121562
8160
9821
3830
9388
1785
5273
6033
19280
5128
10090
6591
16121
62847
5232
10372
75227
13094
9830
5775
3846
3283
15782
14781
15868
3531
114475
7452
22971
101513
1052
7499
1208
5132
6381
6488
2668
45155
16039
11075
114879
10126
9699
103054
102021
4228
5778
10321
4211
12451
6201
16948
6801
5871
146271
3987
3688
30284
110820
145008
6503
4663
2137
10009
7489
8101
5999
662
663
4518
7612
6911
3888
4767
54984
133040
12105
46999
116221
746
967
94354
670
7371
897
35638
7866
896
7008
845
6088
963
7406
5386
32755
103998
1509
6178
12961
3718
2117
1800
3732
7350
7781
8884
2959
6457
6473
765
3248
5994
897
14402
965
1025
928
25240
9685
1939
105920
4272
141728
33800
9697
67280
1299
1145
2366
52774
7358
1028
2039
9212
9982
833
4243
1194
3340
13474
847
4628
13610
7628
722
729
3986
1507
646
4703
5652
961
634
35072
21725
3003
1072
893
1469
711
3631
815
823
15710
1276
5710
869
138277
8442
3964
3716
659
4238
1375
5944
988
7645
3876
39132
4137
1643
3142
120039
35856
908
4175
4181
11820
5538
4437
9734
756
768
10499
3765
5013
1448
2820
108408
4834
789
3990
9866
9868
9871
15584
108829
117750
7852
1323
1329
6483
738
928
929
3643
3443
13167
3810
1261
8304
10702
20600
740
756
756
4284
822
8517
5713
4738
18327
2794
66962
825
31467
35798
3559
3691
44550
3850
6145
6147
13908
2416
36121
4173
2803
3286
3881
1627
762
763
44005
6568
782
4211
6696
56123
9879
6645
6827
1032
1097
1282
10436
1291
4140
38755
7738
124071
2059
15019
948
7043
3784
3786
6045
1700
1357
4123
6856
42970
862
4030
69192
4506
15945
24999
1591
3912
3922
5971
5981
2565
42801
853
858
7413
150144
3294
1017
1586
4346
146583
919
6127
50145
8068
50609
11527
4619
11533
1339
3315
1350
5740
6954
3326
3698
1587
3428
1401
8186
3716
3684
5132
154782
4179
596
597
2074
9817
854
1268
10091
4891
930
12455
917
125997
1157
650
1156
5746
15420
1473
1492
1001
1757
3832
1952
4707
4640
16108
2900
1189
889
1845
1877
4282
6303
6329
3075
10852
1493
1289
1356
1739
7248
4705
11591
142031
5990
17203
985
10039
4283
928
2541
4236
1039
871
2231
877
5781
4230
7778
6780
6781
3063
11378
1256
2471
5005
681
7053
4502
871
946
8536
7232
86190
17091
1202
4539
2190
69517
1562
831
3584
11326
4022
14547
131039
4773
130264
4362
154435
160721
4933
69128
4117
3696
9353
1155
3987
5913
3556
6657
161089
6251
3861
6276
1425
3180
4088
5894
9101
862
4494
3322
10033
2547
6995
3830
3831
4033
6613
6185
4603
7332
781
1000
63443
6021
5316
7617
7651
1368
45013
9867
13036
8259
6387
15868
16901
8491
1825
16853
5404
1352
4636
11710
17647
3878
5018
5027
2794
837
159128
4464
6960
7885
4243
9269
728
3712
3018
6962
1205
14019
948
748
1758
12712
1265
2299
945
1140
1231
9272
3896
46309
3924
4471
1265
1299
2650
2663
153910
51143
792
5872
6859
997
3970
694
6916
852
9628
25091
792
1217
17565
3469
3986
935
1219
1188
865
6527
68642
1481
1371
4866
28660
14646
9232
1583
2797
2809
1582
1326
3853
60478
3199
9847
5759
13123
161120
3727
913
923
3562
10447
3480
10201
890
1569
2442
4226
4251
1243
6260
2746
2996
1262
750
6555
6573
36123
4423
5034
12988
3727
1878
968
2316
1493
926
4188
938
942
943
5123
1479
11890
122252
957
3783
3928
4985
11518
6019
8137
7788
6030
23159
20446
2921
10190
828
4010
3823
1491
17874
6606
4985
3755
9549
8726
4093
4290
3557
2693
3067
7039
2330
2773
3882
2949
7156
4511
3863
4272
981
4221
9008
986
696
6688
6030
1325
6309
5072
33848
1227
4378
4807
1661
4535
3982
3984
3985
4003
10316
2039
1630
2046
4466
21099
2189
2081
4179
1019
4234
15699
8293
4180
6526
5933
6538
175113
4273
4324
8601
1399
4372
9781
18221
3449
3653
3716
27895
3721
3723
3672
3342
3692
824
1211
1044
849
2830
2480
3581
7645
1249
5548
9835
39955
146900
7598
14876
1388
3532
4060
4794
4319
4328
711
24734
4961
4411
8199
2675
8248
6396
9003
144934
4261
1290
784
3598
4809
1517
14015
4010
1155
4148
1146
1150
10227
1037
4360
4371
1451
3222
1413
3931
3933
4710
30110
3196
3931
1706
4854
4173
4529
4208
4210
93936
974
3388
857
22498
9902
5141
4404
17178
13297
12935
179064
6465
5326
12436
700
4528
7198
830
836
5458
20260
1272
54284
1219
614
618
620
623
9381
33905
831
4449
10627
836
843
608
1065
104809
857
865
677
1249
9733
2413
8121
78744
1211
10527
1349
16877
2000
3985
5809
2869
15196
19225
55972
2103
1695
22094
9520
917
2401
15606
5060
11003
3294
3494
11518
16346
3711
3717
3733
3101
1432
805
817
17998
4012
953
10168
1270
11384
941
180716
4696
8685
4539
3776
12289
4594
3343
3894
10732
804
12712
2091
95666
7843
765
4334
10420
13278
8600
1045
1047
5142
731
8604
5279
2898
34624
909
15836
31223
83374
1325
26203
96844
15547
5569
714
718
2611
724
1396
9452
3585
4362
10346
10387
3299
12165
9669
10415
12566
1196
1284
744
12389
176219
18886
12594
990
992
15718
1005
1599
1194
813
1255
12854
1034
3680
3885
8466
1930
36663
709
710
851
1264
671
4120
1399
36780
1953
1471
1498
710
15717
7756
1604
2609
15968
781
6056
4523
43345
20724
2739
8394
2003
9368
2834
10367
12938
3725
3725
4310
939
8314
3715
19784
3777
1930
717
13600
4506
1522
4499
3981
1240
8722
974
9236
7625
1348
815
4063
13739
4047
5774
13298
3646
4774
4339
3843
3845
4627
4128
1316
1039
4892
780
3954
839
3234
2884
4301
184690
1613
6687
4133
809
4635
15447
838
32610
7409
6833
6372
5834
4082
6896
9816
4248
7078
849
6633
3988
6147
6156
6218
6857
5857
125317
1425
3864
5218
7713
6191
7191
4416
1896
6319
45711
3448
1094
3874
5240
3028
7999
4271
4305
6330
1340
4046
13828
2779
843
777
4399
1010
5974
2674
4988
761
1303
5000
1269
10809
12979
42128
9948
2175
1750
896
5169
1461
4059
10579
1641
14230
1257
7266
4640
3206
1296
1555
3340
3785
3893
40940
11012
5278
25897
967
4204
4210
4290
11360
6591
1685
722
1516
4044
4044
4351
3290
10735
3867
1613
4376
22794
7943
1033
2738
11841
4322
6997
1147
3996
14422
870
900
976
13040
13042
873
7504
2730
9338
8168
712
15229
910
992
5110
5944
3818
3821
7511
3882
136906
4187
807
5474
4114
4176
24378
1224
4504
12285
12348
5649
3029
8537
790
1789
8942
2545
50440
5036
6492
3624
4754
1803
5214
1793
922
923
6743
953
6756
4296
5007
4001
1700
7033
36764
5975
9195
16448
1780
4287
12835
15669
1389
2757
4579
4593
3781
7582
958
16013
16014
6684
29400
16545
4880
2790
4109
723
724
727
889
5576
4334
34531
996
957
4537
4600
1626
847
1191
1406
1612
783
1572
921
4290
11710
4206
4209
1763
3391
27015
998
10460
5515
1296
5546
878
879
19326
938
1112
9208
5951
1399
1206
9847
1111
1114
1115
10100
10126
1214
1221
1371
1384
1101
19100
18612
3728
960
5521
1141
3354
11917
1874
45969
4216
3238
819
4266
1096
991
1000
1002
1339
1305
1067
784
3075
110337
197320
3171
718
1966
770
1627
3504
733
967
965
967
2892
3868
690
6713
3338
1296
4086
9261
753
9987
9999
3512
6102
1491
51528
4430
28404
1457
1024
7452
1023
4706
6420
3178
4069
4159
1723
6755
4484
4969
1366
7189
5870
3005
1653
1301
2829
14707
6184
1564
3501
6652
1591
3958
7192
2409
4670
168467
1327
3791
976
3837
1160
8969
1366
38429
6933
3797
3798
4107
1305
755
21748
3819
936
937
1130
3975
980
993
1716
886
3594
1410
4350
798
2439
1386
5500
1770
1701
32498
5445
3778
941
7018
967
1320
3455
1683
861
2620
1003
1732
902
6513
910
4356
4073
4308
832
1582
3207
1953
4744
6378
2368
18960
18503
1326
13011
3750
2309
931
3805
3805
60489
3712
2007
1620
2525
2657
709
714
9636
3237
1887
4621
891
894
1322
1210
938
1569
6490
2236
21377
4860
5444
3207
1077
5797
1106
929
6075
3999
4081
2672
943
1793
10660
3022
13899
4624
1034
1291
3981
3990
3992
46876
7140
3472
1390
1617
1468
1806
1501
104458
4265
1088
1928
3744
808
4716
4721
1999
4239
748
6557
6054
3315
5181
3464
1051
4049
1620
1881
212789
1802
7338
1181
3957
25262
25264
4926
1336
1324
5218
756
757
3296
60836
3019
1514
7984
10585
4882
1264
11732
6931
845
56999
7127
1000
7536
11205
8737
3805
3938
1667
1688
4094
1987
2322
5991
5996
3221
3242
3815
4523
26150
2858
2736
3997
3755
3766
742
9936
2940
667
672
683
3946
895
1363
6825
557
567
5228
20797
1162
4232
1133
1168
1177
2841
812
5485
875
10832
4069
5525
1389
1424
3049
3788
7434
3814
1654
11468
4837
4934
1834
942
4299
702
702
700
719
1728
942
4475
2211
4532
6606
965
711
713
714
4000
1006
8336
945
1463
3912
8608
4975
1363
1395
701
1181
1835
4764
671
1119
6581
836
814
876
1470
6768
6776
3750
890
825
603
3975
701
650
3971
3977
1305
1374
971
858
812
4307
1734
719
725
726
1058
7974
3291
10413
961
720
720
938
1265
1091
3876
890
3271
1554
1160
925
1395
1320
1762
1893
1831
4644
7254
10010
2835
9057
851
7272
815
2456
1604
3646
3688
686
22633
3887
3889
3890
9702
3988
6764
9900
638
9989
4441
1499
11426
2020
7426
10847
10518
10528
3039
10551
10603
1392
79039
1859
1304
1631
1550
11057
11969
4263
4572
4389
3754
3890
724
5690
8383
17633
788
789
12731
23157
961
963
1037
11145
6185
3779
3751
3877
1332
977
12302
1570
17871
3356
1349
2610
1651
4494
3928
6199
6027
3798
13029
4000
4017
9977
13132
968
966
969
5066
2044
862
754
13395
7722
831
911
5261
4435
4267
673
4336
750
3732
885
1010
1930
3983
748
742
8402
3539
2425
4044
1683
3160
15112
15146
15150
1970
1997
6161
714
719
725
1480
1900
4206
15418
15421
976
8434
1673
5982
9877
9881
1598
740
6720
3607
3623
1366
10113
3644
10150
3689
9831
1580
10015
10019
900
16196
4078
1497
8043
1099
676
2002
3887
6414
2886
1258
953
968
1774
1261
1842
17400
10164
1349
1365
4335
1360
1622
11655
5238
5249
1521
1024
9278
787
1605
6016
2836
4388
5308
1934
1084
5461
18739
1539
18760
18767
3224
18987
12150
867
868
19011
19020
9976
19035
3727
3472
1699
19288
3985
19313
915
3444
922
899
4385
19583
19609
3444
19623
3048
13725
10809
632
1220
958
7765
7649
752
5009
832
4703
6181
603
3505
1098
813
819
1208
839
852
859
885
1203
654
636
6011
6685
1434
1092
13327
1121
9667
9678
9689
3198
9712
6709
1918
1589
2600
918
9921
2046
6945
3523
22292
22339
10164
752
10407
5300
2614
2171
7474
6203
2124
2734
1026
10662
1573
3003
7673
4119
4058
4062
4132
4276
735
708
710
856
860
863
865
866
3528
4234
4570
23778
911
3803
5884
1258
1158
3650
3654
6876
24237
4898
3889
4242
3918
24479
2618
1567
5648
12390
4152
4528
12426
5586
1137
24815
24827
4814
4818
2127
1283
2267
4756
25108
4171
7163
6781
2591
13335
1290
6158
1579
1251
862
2750
5434
1161
13509
5653
8137
1303
927
929
934
3995
6651
1176
820
821
1345
26809
2892
2958
3214
1479
1108
895
3735
3736
27001
6882
3226
1772
27275
3194
1113
1203
27480
733
12417
7896
10106
725
4742
7864
12759
1301
855
2260
1521
947
28341
13037
1260
1591
1437
28669
2774
5751
3436
1134
13559
2683
207906
700
1117
2390
3905
838
703
708
726
612
2752
3239
1448
1457
3042
973
1260
1280
1291
1299
1778
9716
9717
1713
2895
2957
4857
1542
1567
1164
867
1040
1366
3797
3798
3800
5296
27656
1972
5320
957
1551
824
685
748
1106
1519
9872
2573
2827
3061
6268
4390
11627
4404
4427
4440
862
772
1113
3104
16919
1291
32262
3513
2150
5907
1032
673
2277
242149
673
1690
925
7188
1742
32749
979
1427
1122
1549
739
1370
4288
762
662
868
760
4434
1528
6425
6471
906
2483
7994
1168
1224
914
773
8154
7002
810
817
818
3244
1017
1628
1808
1065
1067
1091
3021
1619
6114
3092
2003
2779
3910
2840
3982
9928
9928
771
774
111213
247486
3772
3128
681
1966
1860
4279
5545
1546
1295
4598
1327
10536
1028
3012
1022
3675
1129
827
710
710
724
733
9681
3781
4196
1131
4170
5797
6667
4413
1283
16794
1413
2367
10231
10557
1511
1526
1560
2586
4758
1412
10648
979
6598
1967
3674
2124
2149
1941
3850
22225
4243
17403
854
1266
5120
3270
911
919
1182
947
4350
1865
1965
934
598
893
903
909
912
3706
706
3758
3759
571
914
1489
1515
4529
871
948
866
1168
8669
4227
641
644
4169
4188
5418
2758
4477
4483
6349
723
725
733
2433
992
1001
1014
9530
5237
2899
10545
1460
1640
3368
23176
2590
5776
1123
4304
5993
3912
1538
1389
1627
3998
1216
4243
4946
1325
2272
932
6945
5224
1625
1198
931
826
827
1230
1469
1241
3497
1230
1237
1229
3628
1005
1920
1570
1389
3231
1244
742
875
1550
791
795
1126
4498
3852
18845
6296
2408
1623
1519
1371
1906
1865
1879
2372
7504
3399
3740
1149
3275
1046
799
1888
1710
1715
5724
745
3758
8427
11769
977
858
1390
9081
2461
3183
4295
4301
1360
1897
21993
21995
5104
1962
3892
3954
5181
4639
6021
4736
6027
4270
1418
3812
3813
4572
4439
1371
3294
2725
5438
4120
1460
1728
6846
1297
1304
6521
3028
3316
6328
3457
1002
49622
6975
5109
3759
870
11801
883
1039
8117
8795
822
6953
2137
1338
2808
2874
4232
2543
1766
849
3166
3357
2661
791
798
3795
1015
1044
1052
5311
1291
3500
1997
959
6944
6944
3615
781
1787
973
1019
1019
1994
6225
902
1555
2521
6362
1281
1307
1561
1130
1214
4418
1545
1363
1354
2775
1392
1413
2404
1591
2523
7586
1688
2259
2812
265024
859
35332
1115
1123
4170
1436
2798
4667
3046
3057
3591
3321
1922
875
2852
1287
1295
4165
926
2223
849
4412
798
799
4098
3835
3855
4741
794
8721
876
5579
3000
2632
7591
1145
2961
4012
3961
871
1755
3348
4868
1417
3999
1257
1548
1320
270546
9978
7360
849
20973
5987
1671
3338
6135
2761
999
1354
3934
3695
3634
1266
3954
4110
6724
1054
3578
3912
3913
18098
5216
3129
3880
669
1381
9333
873
4134
4162
4167
1201
4253
30392
658
917
936
5102
1150
1000
50927
1125
4785
4788
4794
10040
1409
735
740
760
3688
2490
957
781
713
720
1564
971
1208
14902
1540
1160
6416
3566
798
1457
9945
1829
4099
731
740
5290
652
973
4730
1309
1323
1334
1979
1353
6475
3993
12199
1432
21796
1559
3271
3326
849
3857
6923
1973
1824
769
4202
2568
5695
1186
7553
3408
931
909
6139
1233
13511
7809
3882
3918
2121
3489
1194
7967
1493
916
4111
6457
4162
3068
1468
228432
4302
1090
3999
2699
4540
3140
1756
2598
4608
4039
2041
1174
3615
3767
2140
3721
3722
3728
3745
3748
3276
4114
1161
4188
5604
4211
4216
4124
4505
5306
1142
9880
9881
9885
1662
4705
1442
4729
10235
710
4960
5369
1688
942
950
982
2041
1052
881
1240
941
11016
278505
3230
3893
1033
1221
11915
1273
4531
3175
6284
684
698
699
2851
727
4476
688
694
695
696
701
702
705
709
2964
2243
9899
1059
917
944
950
952
1240
969
1146
1151
3742
1478
621
4287
777
1458
786
1475
8616
1613
3989
1075
1999
3236
5628
5630
747
621
625
42978
7482
1384
201023
2200
1639
1659
1186
9714
1965
9722
791
13802
3260
623
628
14053
10199
10213
10218
10386
10417
1007
2173
1729
1539
919
3518
3644
2289
7627
956
3818
3836
3847
697
2904
3100
6335
4104
3534
692
1690
916
2654
4360
4380
904
911
4408
647
2723
2157
720
724
1184
4536
956
897
2547
1210
973
1128
1286
4890
7505
4767
5013
1121
2678
290660
1873
1472
971
4760
750
1754
1871
856
946
2288
6207
4364
2734
4667
6391
1536
744
745
748
753
5563
38731
1335
1056
5419
1941
1128
787
1052
1754
1076
3087
688
1328
1344
948
953
1490
2585
1656
1682
2335
2364
17959
10243
3066
861
2090
4592
5520
2446
13462
2300
5349
9901
1353
1133
811
6490
1852
1866
3442
30389
3182
737
2820
1462
1786
727
1097
936
1264
748
753
756
22365
1303
1324
663
1252
805
506
2087
1076
1736
1245
1262
1282
2371
1548
1570
1581
4891
2657
2489
1872
1360
2738
3074
988
2234
4403
1251
2453
1337
2195
1885
1384
847
3241
3559
93161
739
12632
1516
813
816
941
1537
1861
620
1043
1148
7625
1127
1132
3640
1479
1344
1284
1306
1488
787
3882
1384
1451
4022
9086
1597
700
839
701
4399
1876
1399
1163
712
893
3619
4818
1714
1467
1261
4932
5078
5083
1137
671
6123
742
735
2119
990
5850
3793
10978
4304
1995
3659
3601
3758
3762
3775
3752
3936
4003
4004
4050
1251
3743
4183
4502
4158
429
4222
4242
4261
4291
1438
4316
2918
4401
461
492
591
4787
4849
4892
7440
814
1063
21232
1136
1173
987
1535
1400
4136
1444
815
892
788
795
1347
1516
6809
871
740
748
2122
1180
1412
1297
1419
1160
1222
894
901
1059
1811
1236
1276
818
903
2299
1514
1040
3830
1136
1144
944
2486
940
1248
751
752
8246
1165
1629
1147
616
572
936
595
597
575
817
2900
807
830
834
1944
1086
3265
3778
1041
4111
587
1140
1218
1153
1859
2454
1418
1274
1074
306235
695
697
710
3562
3619
3655
1253
949
958
565
566
972
662
662
3884
791
1108
4093
829
1059
4333
5440
820
1167
1619
1019
1384
2367
765
774
776
1689
975
584
987
1099
1101
1143
1197
859
1325
719
2097
670
671
1095
1512
1563
189897
1239
1723
5927
1355
2129
1496
1057
759
762
724
6798
2499
1017
1040
1426
3048
1377
1270
1061
2243
1465
777
858
522
526
530
532
660
700
578
807
932
750
765
2000
1320
1003
3700
1232
1243
1163
1503
3787
3809
3811
3815
3826
3834
3846
3849
2358
858
859
860
1344
4034
4091
1118
1138
4267
4283
4321
4335
695
992
938
4532
1393
1742
1333
1337
1222
4796
1164
2508
2290
1374
2140
1733
2826
2101
913
1245
5443
2891
2900
1652
774
2877
2657
1060
3420
1702
1755
1078
3642
651
3719
1225
3741
685
232345
1117
2197
461
1301
472
478
480
481
1622
631
1449
625
632
534
713
656
1337
1148
822
822
946
976
1498
4278
1475
3889
1350
1387
1737
1167
1461
929
1813
1707
1486
2031
1888
2032
1812
1923
803
2229
1965
1420
738
874
1231
586
764
628
2370
3175
2363
2051
3152
1062
1809
996
1332
1462
656
666
1541
820
684
1902
1177
1509
1192
2334
2450
1762
1259
1768
1717
943
2332
1810
1897
1847
1627
1181
3698
3738
760
747
2210
657
662
677
682
690
2268
668
6332
778
1780
917
970
2859
1494
1503
844
1760
1527
6583
598
727
496
497
409
414
415
423
431
432
555
583
1553
1668
782
934
676
759
858
1094
585
1098
671
921
1603
997
1744
972
1245
1254
1265
2099
1526
882
1689
431
815
1857
1343
846
1612
569
715
3256
2740
867
962
870
3322
794
798
1629
990
1012
929
1011
591
1231
2050
1438
1485
2312
1689
536
536
1430
738
744
745
766
766
772
723
935
492
1176
990
990
1028
1030
1483
2240
779
1260
1275
703
1320
520
1357
1349
681
648
1595
1604
867
1365
883
893
911
1789
841
850
856
1230
4256
2071
2127
1399
1546
1455
5035
936
1640
1831
824
1962
239939
2987
2118
3158
1426
1597
883
2567
995
996
757
1291
1309
1326
1445
1447
1962
881
1004
1622
8140
3384
557
3567
227
4847
6290
1274
1971
5629
399
335
244
248
257
441
452
453
557
631
2744
668
691
695
576
610
6130
625
457
879
5544
729
1128
1162
1327
1148
1410
1457
1628
1284
1590
3860
1877
2634
1169
2832
2083
1926
1432
2270
880
2275
1740
1098
1724
635
2951
2320
4346
2285
560
504
735
709
4470
725
2132
1247
748
953
968
946
958
1004
1023
3818
5032
4311
1197
1207
1150
1256
1263
335051
1450
1558
1637
3435
2115
2122
4496
1330
2684
2703
1410
9923
296068
2958
1492
4418
3084
7422
1674
785
883
855
1040
1017
8165
1173
6845
434
1149
1569
5410
1171
2280
3586
392
512
8613
2941
3974
343
355
324
329
501
373
480
532
455
678
1077
817
656
663
900
927
867
1087
7071
898
1122
858
793
5999
1496
706
1655
900
1812
874
1876
2088
763
1293
5336
3537
3716
843
617
619
1356
1571
3920
437
441
1605
451
455
457
477
592
589
653
698
1218
838
4622
510
936
1363
1379
5001
1300
1461
5242
1550
765
677
1592
2327
5622
612
851
1334
9091
2356
1433
1005
1303
505
5046
6652
602
597
843
531
540
523
486
2128
1714
762
716
730
760
793
990
567
994
1843
3600
1245
1118
815
1180
796
1281
806
3857
935
1529
1415
1516
729
1591
4124
725
1386
4257
1855
487
1178
1192
785
1853
1675
1110
1539
1454
1324
3053
1050
1559
1660
3717
2344
3320
3338
666
5887
2466
1702
859
733
969
821
949
818
2067
2741
786
766
330
333
340
1026
6525
537
605
1141
405
405
840
555
568
954
607
616
637
639
837
842
630
1201
1452
3839
1841
1389
2774
2543
1061
1709
2764
2066
802
1313
820
1114
1092
1607
1287
6825
980
1545
976
727
728
733
7117
977
987
988
4231
6773
1212
1251
1158
2379
940
812
1065
1394
1191
1709
670
1697
3096
1279
4320
2110
1005
626
4517
2269
4538
3374
667
485
491
358
362
369
2446
381
3371
497
965
987
732
9035
609
616
631
599
750
1263
753
6129
467
1143
1212
1161
1348
1146
590
438
447
450
4640
623
760
799
768
774
809
780
783
1655
913
5176
1391
1126
955
1176
1152
1291
390
1532
395
396
1927
2702
592
1012
547
2093
3386
8882
580
3686
720
2581
1057
687
1716
4338
1199
1181
1017
843
743
1222
1158
3829
3892
871
951
637
1411
1305
635
1641
4447
2061
708
711
911
915
1781
4902
817
1854
1362
1184
1452
12153
513
517
519
546
553
557
1709
1626
1774
679
690
870
933
968
1064
1104
3419
935
7418
1436
2468
1515
1557
1601
1614
1414
2250
2956
896
842
1983
499
500
1563
3482
692
2264
866
643
647
7314
1010
1302
809
1341
699
1146
792
1033
1043
1506
590
2018
1432
5096
1961
891
2128
872
855
860
864
1012
779
571
451
1517
1265
1302
1309
498
3012
688
1017
1249
1761
941
1851
1167
1111
400
1262
1248
596
602
1039
883
1062
1041
1195
676
688
711
714
1452
847
967
988
1137
1147
1153
10480
1202
1218
843
851
1396
1415
1208
458
386
2122
2210
829
923
925
2510
403
405
682
690
951
588
694
1237
784
1300
1682
1073
1859
1231
1930
938
939
941
941
945
1001
745
747
888
455
846
1244
1201
1499
1235
1243
1426
2331
1192
3231
1337
1228
1052
1561
4141
602
1591
2510
1959
2195
1604
2151
1205
2328
1203
4012
2286
875
822
1017
3441
3328
3576
1919
1228
996
1609
2655
1529
1561
808
682
685
705
705
5265
1806
869
908
1058
1096
1826
1272
1050
2061
1380
1298
6054
3400
683
4162
885
2002
2024
2073
1019
6577
787
1282
1057
1063
1089
990
789
1260
7512
682
2281
882
547
1144
626
814
1677
1343
804
3191
1015
3556
832
650
3579
1645
821
736
1430
2114
958
3676
509
1622
939
3702
675
1199
1776
1220
1396
784
952
515
562
718
4362
429
388
755
610
542
769
996
1011
700
496
866
747
1144
1662
1177
503
503
1202
504
506
512
1339
6008
676
836
847
920
954
49245
669
361
2290
342
1035
264
833
474
483
623
635
622
494
660
1142
594
796
896
674
1178
516
1052
733
745
1128
1000
858
1555
1692
666
688
612
2424
327
122
219
222
461
377
408
415
423
2524
493
621
665
2926
1243
466
1169
4395
1233
563
217
338
1104
542
347
915
362
364
803
630
691
784
853
460
936
460
484
611
702
1496
422
518
769
258
271
1028
383
533
640
730
742
722
745
757
860
686
970
674
1622
1269
1124
903
1856
1197
1505
1106
686
3142
543
88
755
392
393
399
742
253
656
144
748
207
401
305
4294
1252
3137
4944
1261
1171
1637
326
554
396
689
286
557
3677
487
480
355
351
359
606
387
819
443
449
454
632
1523
384
1064
1118
442
696
729
446
450
451
454
972
537
1708
1009
787
793
403
404
407
548
552
901
883
928
931
983
1203
1230
1033
1503
1518
1649
1245
1837
1368
2058
1205
1489
513
1605
520
521
523
535
829
830
557
558
658
1781
698
701
765
776
804
820
1919
852
479
1973
1250
1006
1044
1071
1101
1179
1186
1158
1992
2020
2361
811
2508
1639
176
179
193
953
4513
398
1562
4078
320
299
3646
347
348
3458
3503
3824
3614
3645
814
3832
3899
4003
4014
3787
4055
4355
1423
4194
3951
4261
4427
476
928
4837
4876
644
4688
621
628
5123
815
823
5074
515
1039
1234
482
428
666
419
427
431
519
1110
502
1072
1017
1037
677
1565
1027
1858
1133
421
1072
312
314
315
321
322
330
333
341
1215
1114
455
671
476
558
569
576
708
625
711
1634
828
1458
529
671
697
701
2115
1252
930
941
958
1154
748
1381
1412
556
735
736
1676
1004
985
824
1344
1146
2570
2067
1505
1503
2411
1589
2348
1379
2362
2745
3390
791
2634
3857
1221
1726
1603
1799
1495
814
857
999
1824
917
1854
1852
1532
1345
1115
2250
1254
1479
1329
973
526
528
528
535
544
560
943
616
774
1077
1004
1015
1032
1155
1054
1059
551
554
557
564
589
636
5484
766
1472
1683
731
1013
1212
3826
743
744
1996
935
2019
757
901
1833
1208
1971
369024
1933
3850
1676
2382
1137
2589
533
791
2711
2734
596
2115
615
7461
669
3747
5412
4007
1062
1572
1222
1065
1121
684
41
141
173
174
176
942
233
306
2424
433
307
353
1080
401
1125
369
3377
477
598
197
4679
171
249
617
3531
617
1005
1259
383
386
474
474
550
572
597
521
175
177
682
702
285
290
783
812
367
216
207
109
1341
222
719
633
282
362
1218
306
202
355
503
352
343
460
164
460
225
256
285
296
301
367
128
126
175
175
177
183
241
247
248
306
332
336
110
515
524
1061
599
98
356
1460
450
407
420
214
207
196
754
771
340
361
344
420
314
535
654
1067
3743
469
831
516
1235
283
499
181
185
526
662
296
220
227
230
486
332
946
827
406
409
505
622
694
1223
1090
484
426
1426
399
684
795
500
405
407
1213
1315
1040
417
420
426
1588
564
572
587
592
594
688
1003
930
311
322
667
677
684
1782
865
1003
1013
1024
184
3723
135
1104
368
725
296
317
875
440
553
312
325
426
435
216
847
219
425
686
802
889
354
520
639
425
524
490
639
278
357
776
380
385
322
890
371
370
237
262
268
279
288
331
334
361
420
450
598
794
807
902
1046
1075
416
644
538
1622
547
676
706
783
1337
820
821
891
566
535
750
462
469
370
628
793
826
269
713
403
744
759
817
543
956
1041
1058
1067
1189
1191
1193
1237
1255
1678
1697
1953
1735
730
1951
1958
2026
2131
298
368
375678
641
361
513
2110
373
782
731
592
1296
124
1765
534
2214
535
205
207
215
269
275
365
446
741
566
1184
511
1103
1915
376
347
357
887
1349
587
593
3697
497
503
852
340
344
272
217
223
850
1342
366
370
374
437
448
874
1133
512
820
109
504
95
131
172
354
222
931
382
167
338
594
360
133
175
578
126
129
218
220
205
226
280
358
417
203
220
362
250
202
204
206
292
297
724
558
475
631
647
682
385
857
344
344
345
348
350
597
799
1195
630
1410
143
199
393
830
336
617
241
536
261
825
193
146
265
309
467
588
408
171
738
505
790
500
504
506
819
830
1667
17555
171
333
335
237
146
152
152
158
161
166
170
173
182
320
219
304
230
237
262
284
297
320
321
619
442
446
631
781
596
775
948
741
259
126
1077
413
1084
224
171
284
359
348
353
429
347
188
621
560
382
218
1176
427
428
435
452
454
572
583
593
361
605
878
712
737
608
999
604
344
536
173
96
379
222
223
236
237
241
260
252
143
307
465
471
471
344
353
379
381
440
471
480
646
1865
536
674
712
642
798
814
852
1068
740
1311
645
297
491
187
187
503
262
382
264
266
196
512
213
539
150
125
198
533
896
275
276
280
300
353
378
407
464
484
579
614
316
676
696
708
728
742
766
860
915
534
621
733
340
899
339
341
168
349
596
166
168
455
550
933
698
288
175
227
404
844
400
416
668
625
411
414
698
845
244
244
254
973
256
257
267
590
596
307
247
734
579
314
3581
198
3842
4007
193
204
328
342
346
265
347
355
285
297
326
358
672
442
468
666
471
481
487
488
489
270
756
618
634
1713
823
1215
1136
1025
1280
556
1422
1194
1347
1437
7365
896
166
346
348
756
565
407
461
511
428
524
527
516
732
921
1261
252
112
243
420
222
223
233
234
285
298
302
314
528
404
416
510
232
533
225
624
545
259
281
321
592
432
144
182
696
249
250
278
356
400
841
539
822
373
344
348
459
471
492
485
604
605
927
818
843
999
1553
1490
626
309
334
309
563
567
352
605
834
1080
1198
202
205
272
1482
1589
408
2384
3041
838
345
513
834
3116
437
340
3382
3515
611
799
335
351
4568
198
361
341
202
554
601
412
602
352
247
355
8274
739
220
418
126
274
296
309
314
181
979
306
1228
430
716
980
353
483
616
202
385
460
453
116
153
778
106
231
261
916
645
656
410
406
191
463
746
291
275
569
285
449
658
2364
615
824
215
107
905
1462
110
111
414
272
111
147
291
368
577
95
96
477
183
106
196
1113
424
554
429
346
344
347
356
465
199
714
469
476
1078
518
439
981
678
686
222
224
231
239
283
285
322
349
373
941
994
560
616
633
731
945
1654
1732
511
550
450
630
388
274
280
284
289
293
428
431
359
269
674
569
580
496
591
603
572
709
745
694
929
937
1102
1026
1187
1415
576
313
304
247
413
981
348
698
381
347
352
191
403
416
387
417
588
579
358
374
289
694
492
840
465
225
270
347
583
462
275
339
704
413
251
708
521
113
259
282
283
368
409
176
455
506
521
581
508
651
954
764
776
813
717
878
318
1178
588
1252
518
204
218
304
320
356
365
1107
1056
618
951
119
35
38
54
708
105
298
708
160
411
818
107
304
110
143
383
384
187
477
115
117
117
191
841
275
515
305
582
308
263
858
731
359
593
366
262
263
332
152
207
447
507
853
773
524
343
1058
613
338
437
448
337
550
569
779
867
704
907
994
207
1168
430
434
434
362
561
584
709
713
718
719
860
508
414
984
270
638
352
304
538
641
390
162
224
250
347
447
394
201
271
363
444
474
205
346
222
605
616
765
168
822
244
1094
1129
249
1400
251
257
1009
333
773
382
836
345
513
355
262
440
33
34
50
201
211
304
306
307
515
251
263
349
351
352
431
713
779
804
354
466
469
479
284
592
266
502
289
784
1106
1146
1588
1727
2304
2519
2572
161
162
226
226
274
412
4452
247
331
3567
343
223
106
3700
346
826
327
105
255
332
335
372
315
441
304
206
511
262
263
274
369
275
446
452
305
567
463
141
142
331
563
594
221
223
228
228
234
236
238
238
242
243
519
288
299
723
358
368
378
383
205
213
424
274
281
204
347
645
600
718
735
65
31
45
48
50
50
51
724
103
149
2316
630
318
437
144
948
247
351
165
266
232
233
282
370
346
781
478
215
360
272
290
366
401
411
229
499
295
567
203
277
445
144
146
153
162
223
262
301
303
415
816
537
611
196
203
204
208
265
267
273
281
284
348
242
143
464
217
271
585
513
733
306
347
166
516
727
304
347
669
348
556
402
201
125
309
680
188
109
143
190
650
95
198
51
52
54
61
66
76
78
135
166
181
1016
273
444
446
460
481
362
498
503
547
555
557
571
572
591
595
600
601
610
655
663
544
700
715
732
741
752
759
763
787
796
798
809
572
846
889
911
933
946
980
999
1041
1064
1002
974
1216
1228
1249
1370
1395
736
1500
1645
1705
1792
763
1901
1978
2085
2136
1115
2161
2402
1449
2512
1253
971
826
334
461
2781
2793
2795
2873
452
153
544
250
629
661
3133
405
737
497
650
3426
3450
705
852
3514
835
391
427
428
3002
3851
4050
4485
1015
464
3254
3326
305
3588
358
361
304
587
601
410
843
463
111
594
407
565
212
174
583
271
352
22
347
57
163
257
351
107
145
106
463
346
347
589
595
2070
416
249
185
305
308
739
1058
1074
470
184
187
917
717
589
383
512
418
350
360
485
317
327
288
614
570
637
686
694
373
736
765
520
1557
558
605
417
1633
1017
381
411
327
351
438
285
467
223
606
568
503
616
326
684
395
705
408
718
1032
843
1226
443
225
230
367
437
356
44
33
483
555
620
470
327
332
306
305
408
463
472
305
958
675
497
202
205
210
263
420
614
648
876
379
379
408
410
411
955
480
632
596
624
638
714
720
737
941
441
264
849
170
627
167
171
173
412
596
952
250
254
645
504
349
585
613
194
399
789
120
126
128
130
144
150
179
200
848
231
236
261
269
294
323
353
493
1079
327
336
339
409
379
304
190
420
519
307
685
649
1251
1303
1355
277
214
284
233
303
344
356
358
364
417
300
197
215
131
198
549
338
210
211
274
334
405
563
223
1345
335
455
560
335
198
214
272
1019
341
351
780
1397
420
560
568
680
683
698
975
1365
1106
1509
570
818
1094
1228
472
414
600
346
1323
463
724
339
346
356
464
606
523
730
858
698
1096
1198
344
605
515
306
307
421
428
305
620
446
470
357
967
978
566
672
275
978
1395
389
1192
513
200
200
352
348
351
356
415
405
633
718
202
347
583
688
700
701
415
412
414
586
427
347
318
445
264
1182
740
775
398
381
276
189
640
259
460
531
432
304
310
526
463
305
514
628
943
940
749
655
1208
756
1438
131
32
44
280
256
435
256
346
203
415
204
414
414
587
694
471
472
483
485
417
582
711
835
511
332
385
389
315
553
905
428
252
647
185
188
344
262
263
271
273
283
289
592
295
298
298
300
385
434
534
539
566
349
350
355
650
371
668
472
832
620
623
986
179
744
175
408
305
309
311
315
316
418
430
629
272
643
530
740
133
137
188
225
227
308
168
166
341
264
476
352
1247
1081
522
525
308
419
1021
631
406
332
557
975
477
321
652
123
126
347
694
244
408
584
308
514
196
217
202
175
959
220
465
346
166
134
188
189
230
257
309
639
182
146
256
621
426
320
187
313
109
130
314
582
329
463
342
328
329
331
457
778
346
517
514
783
834
850
561
1247
850
304
305
306
726
401
348
316
263
222
262
355
106
158
389
294
343
167
155
121
123
414
185
716
213
323
1342
834
845
847
608
617
829
1079
1073
109
150
200
231
370
1454
557
557
1138
841
851
987
584
309
409
631
266
273
375
502
744
771
839
900
496
410
304
620
315
188
142
254
828
311
407
592
645
646
659
363
213
893
760
583
418
350
352
705
1063
1143
459
684
405
533
678
936
435
443
434
1207
333
97
784
384
197
112
403
198
264
356
808
716
573
967
1218
845
1273
173
126
698
609
1342
423
316
1162
536
328
166
1187
703
351
838
542
352
235
167
202
477
132
377
470
220
142
554
200
241
371
375
347
445
368
371
374
600
489
742
735
515
1024
1201
1246
1374
404
412
595
197
2387
342
537
2922
642
980
843
360
345
289
364
689
824
898
367
304
202
891
642
383
384
387
644
1179
448
265
271
531
801
1287
260
1296
140
141
208
357
465
468
487
370
1153
952
1315
745
928
1214
822
334
687
870
720
17657
308
368
412
485
486
275
276
621
341
233
925
662
215
780
787
1721
1221
309
408
517
511
382
435
705
217
161
165
166
169
172
224
241
285
293
701
413
304
553
410
525
414
413
423
415
130
1127
346
1307
249
247
752
321
142
251
468
1097
992
552
648
617
304
781
470
617
207
210
281
343
344
357
405
819
317
319
326
434
532
542
304
188
310
325
412
416
532
541
619
382
623
959
981
691
775
412
718
306
257
530
256
259
841
863
696
642
321
431
311
553
841
995
458
1007
445
442
460
312
306
187
577
131
357
576
1221
482
518
521
524
526
932
1170
943
1609
1652
564
1011
1895
34
46
68
554
1683
383
697
257
258
177
464
230
329
375
356
472
407
508
244
518
1591
451
412
418
423
427
441
708
179
140
181
187
248
250
1301
584
794
385
387
393
403
406
408
595
614
706
720
827
1050
231
277
433
407
249
617
709
464
272
130
136
179
228
278
288
569
239
244
417
696
245
416
993
851
588
249
187
249
381
631
593
328
382
267
272
275
344
352
460
1222
1308
379
763
1567
516
408
971
619
525
728
271
983
203
207
211
468
298
303
318
202
347
351
364
364
468
541
233
379
380
381
617
626
1021
1732
735
124
128
130
217
398
552
329
340
345
345
347
350
354
355
358
371
375
378
386
387
475
488
497
530
533
567
599
612
661
678
684
690
701
715
764
895
902
321
1041
1058
1070
1114
1141
181
1423
501
181
130
132
166
225
232
288
171
176
183
230
230
234
288
309
649
413
432
342
460
461
464
471
527
565
552
579
587
635
648
346
907
968
722
467
1049
1075
577
591
270
141
353
839
254
468
303
941
1049
1135
696
384
1202
664
761
382
253
258
259
260
264
342
427
528
550
551
565
307
1953
141
528
541
894
891
938
306
71
656
141
512
198
55
40
75
304
309
197
321
516
633
416
273
514
596
1172
1224
685
433
239
533
1005
3388
40
41
871
795
3485
382
252
339
499
1197
970
512
398
202
207
414
518
307
430
524
622
633
124
128
970
256
262
271
434
440
352
817
829
424
402
204
278
624
346
444
235
239
1269
299
508
642
701
726
817
560
567
1022
1438
861
630
630
619
308
1545
526
979
663
306
414
478
479
825
407
331
306
642
327
904
498
410
503
472
318
737
454
527
283
884
667
870
881
29
705
95
731
1257
727
714
626
609
256
431
341
577
584
378
470
514
355
1328
269
270
275
279
385
446
469
665
532
556
648
700
822
391
1042
276
313
231
246
297
1553
432
443
468
669
406
470
306
312
315
619
465
305
312
321
321
757
412
428
529
822
1035
734
743
720
1364
635
343
945
444
405
696
707
720
553
678
460
709
795
1277
347
769
360
361
364
654
475
564
984
605
277
365
376
1222
342
1343
621
731
488
404
411
630
449
54
196
80
423
187
249
320
480
312
541
430
586
166
533
346
529
825
620
350
347
843
411
513
620
478
311
124
128
196
175
334
240
284
639
497
261
105
184
149
197
357
712
597
345
621
1311
465
976
1115
630
1322
727
1350
148
188
1720
834
462
1297
29
31
44
46
67
137
469
713
1390
1533
717
180
319
595
459
416
578
342
275
282
383
559
345
384
349
350
350
1039
834
954
215
118
129
162
252
308
42
137
184
346
153
125
126
419
206
123
162
407
304
982
383
602
966
696
972
345
341
716
814
347
1054
781
315
436
497
1249
286
295
309
310
324
327
344
358
360
370
332
379
385
809
459
477
481
502
513
524
525
526
628
643
662
677
690
717
358
757
794
812
819
466
838
728
534
914
1006
1150
389
1308
592
328
998
542
280
1343
267
456
365
546
705
807
467
852
853
1006
347
467
696
846
561
713
270
336
347
354
309
561
567
668
307
411
305
731
108
840
477
116
142
195
268
278
349
364
464
608
612
707
720
511
1701
287
127
1233
822
217
227
227
232
484
591
600
318
462
586
328
333
439
166
224
243
562
111
514
263
281
293
303
305
1047
344
291
380
451
457
465
352
371
471
565
572
813
1084
435
303
580
345
1181
719
352
345
589
1089
447
347
440
588
704
1220
332
862
561
1012
328
334
423
335
166
469
129
469
125
172
466
818
194
112
692
523
347
415
260
560
418
354
358
364
371
254
339
596
608
613
618
1118
740
960
1125
111
1416
714
99
232
241
244
348
452
457
558
253
680
786
1140
417
222
417
343
262
268
345
363
436
441
449
726
185
255
266
267
268
312
321
467
608
305
714
325
333
335
337
341
343
431
442
462
530
540
548
684
721
732
769
787
499
911
619
1006
1187
210
118
525
413
169
256
260
583
633
259
206
260
317
336
354
358
407
456
460
619
591
466
346
130
353
177
364
380
381
388
397
463
467
511
520
617
621
715
762
770
871
994
1155
1350
1514
516
826
261
351
352
353
357
471
268
358
450
533
1312
875
464
346
348
588
345
346
708
346
514
314
521
1350
588
1299
385
189
197
198
205
214
218
249
270
272
222
315
340
344
417
456
612
623
352
466
744
468
341
353
403
470
410
483
712
273
721
572
551
626
341
176
178
181
412
184
189
235
244
347
630
721
742
316
188
192
249
391
172
341
126
135
141
226
235
239
278
304
203
442
824
453
354
485
592
620
704
711
722
729
742
334
196
197
204
207
632
343
345
662
687
392
1029
552
305
341
428
446
460
569
602
546
627
677
763
774
777
836
767
890
842
1047
1133
1164
1270
1303
1232
1321
1361
376
1813
382
184
187
303
516
308
415
768
503
691
835
142
488
145
290
397
492
498
500
507
281
280
282
269
347
200
402
271
204
209
216
273
287
354
357
411
820
505
550
253
326
184
454
596
1648
474
400
346
347
333
200
204
270
344
187
270
280
284
321
334
347
360
362
366
553
592
718
764
196
203
203
263
471
246
345
416
867
1112
1662
245
329
94
109
191
251
318
465
188
516
283
112
202
120
245
193
195
296
143
144
199
463
167
346
346
347
473
167
584
168
349
701
347
610
343
821
1084
405
199
117
600
583
118
962
350
352
641
1068
490
495
593
595
611
345
869
1075
845
1222
167
390
226
168
1064
343
323
94
213
436
246
196
196
197
537
469
362
366
369
382
385
386
390
394
492
494
499
586
633
635
638
854
892
1090
1129
1144
1310
123
162
188
185
318
414
215
263
276
472
332
347
3078
168
247
825
408
295
488
200
204
280
286
3563
431
181
959
201
217
263
284
649
328
390
487
513
513
537
611
1079
1197
1180
1375
1405
1342
965
967
1539
795
1071
756
839
843
952
2233
1312
2501
1794
3620
1669
2910
1546
694
4224
818
1381
1454
4345
964
978
993
1399
1673
803
1507
452
769
818
1185
566
577
806
1849
1528
1179
1404
721
675
1805
1654
2026
1563
1200
1545
656
906
1161
1289
2736
1584
1676
1798
870
1096
819
1076
1155
875
1159
1160
1186
1187
1582
2061
2112
1454
2405
949
912
1195
1131
955
962
1357
755
1286
1300
1682
1691
896
1255
2410
572
669
2795
2260
2856
1037
1562
1984
1897
1291
521
425
1171
697
7004
2473
736
894
1432
1635
1184
2753
1637
2240
754
946
1166
1519
1106
2038
2730
1569
3952
655
520
865
849
410
419
423
2553
426
46602
781
484
16627
821
601
888
247
754
356
3457
3730
113
113
275
343
1786
840
689
458
343
456
576
263
533
351
353
354
587
343
345
194
494
475
197
630
143
195
30
267
29
355
1081
292
151
162
193
212
267
273
275
296
371
476
41
39
49
64
81
86
139
149
175
199
216
465
586
263
537
245
247
198
143
152
476
1277
1272
1863
741
168
475
197
581
1488
196
197
287
171
821
348
824
288
166
347
257
916
347
202
273
175
131
106
188
48
66
114
700
412
1285
1674
197
196
578
461
490
238
249
250
301
307
1053
319
491
554
568
590
1315
649
301
260
218
417
275
596
636
276
134
176
181
187
289
333
126
260
1241
1027
1664
413
556
1063
701
673
355
364
597
708
1090
942
131
656
176
696
417
573
590
919
773
295
270
272
272
280
288
375
462
477
59
26
1506
68
1615
142
413
249
247
261
276
280
296
314
360
376
390
446
607
526
573
721
612
612
633
674
702
610
855
892
924
946
581
369
473
137
182
233
364
436
500
545
1093
1159
260
113
116
158
249
273
279
293
183
699
217
197
413
197
573
334
333
578
698
819
584
346
473
707
714
202
206
271
105
271
107
109
267
107
148
146
182
266
279
348
370
544
616
334
1100
482
1365
672
673
800
335
197
200
208
208
209
272
60
213
26
280
281
307
544
142
704
341
150
159
633
377
710
134
148
182
183
194
424
273
467
1455
179
201
362
469
477
411
994
996
313
455
1085
1502
583
589
127
125
107
185
125
136
138
150
164
164
167
175
181
187
199
209
248
253
284
287
303
316
316
338
344
350
390
442
494
496
502
631
704
714
773
778
829
586
145
107
151
487
278
490
1212
307
172
216
167
213
239
1089
651
466
954
600
944
1318
623
715
198
205
343
349
358
422
629
263
198
403
350
320
242
1290
404
199
335
242
273
489
274
260
410
362
307
311
313
625
308
312
313
520
728
1046
128
471
417
771
331
282
519
107
109
150
520
589
347
1170
339
555
340
344
575
583
585
709
697
707
346
692
693
272
202
652
241
568
403
818
649
247
251
257
260
324
413
441
445
446
749
785
806
347
346
703
216
217
125
129
133
140
178
225
342
317
392
203
205
213
342
350
479
124
129
133
465
308
463
474
954
840
1058
348
348
169
355
358
365
374
707
485
137
166
532
622
631
634
643
649
731
744
760
860
981
1503
1529
62
1046
28
45
576
337
401
345
702
591
346
464
349
337
1175
342
268
346
464
469
352
340
1061
344
273
204
333
196
345
182
218
229
509
461
353
464
572
693
703
709
377
249
277
42
111
345
256
719
401
474
492
467
603
538
855
272
278
279
283
369
1217
755
316
820
132
407
307
472
400
438
197
177
455
715
130
816
134
142
193
247
342
853
987
700
949
347
416
342
203
197
197
205
290
346
420
483
497
224
176
331
205
207
210
211
212
219
223
236
274
283
290
303
309
338
357
232
431
436
458
128
586
258
56
174
718
444
967
217
346
253
1913
511
130
138
183
407
461
477
131
229
299
127
129
439
413
417
191
152
208
307
351
364
213
193
126
144
351
305
408
411
417
525
621
49
35
38
39
755
152
175
795
618
1879
1881
674
368
396
67
137
143
290
308
316
330
531
368
384
390
415
428
436
440
516
524
410
747
888
433
1102
1150
599
676
732
348
142
245
124
124
127
191
253
344
427
258
431
549
604
336
701
724
838
842
269
273
586
594
354
380
315
508
252
337
341
583
464
44
22
703
65
2394
56
45
132
971
130
131
181
337
260
1556
38
61
699
223
140
146
153
154
192
192
231
232
274
307
94
26
345
421
425
702
835
176
513
273
252
147
151
252
256
344
177
132
135
182
1145
249
143
552
789
57
61
507
45
153
154
831
231
182
174
440
328
44
39
347
355
370
480
483
825
715
725
347
348
149
1234
348
144
827
472
714
407
304
309
311
517
142
142
474
581
346
347
467
591
441
1587
49
526
28
37
56
750
23
31
410
195
346
1182
36
53
514
257
263
519
683
706
975
444
331
332
1011
346
353
365
481
588
592
606
849
547
1490
318
321
323
424
435
536
746
989
587
584
332
610
295
192
1386
1397
2116
1717
126
197
3459
362
471
603
30
29
31
58
717
69
140
3556
3569
1091
3588
3590
3665
3708
3790
3799
3809
3840
3844
3847
4021
4053
4097
4182
4207
4412
585
4578
329
305
834
502
748
592
350
411
439
446
105
542
546
572
96
366
367
484
500
817
849
500
1029
735
837
454
1107
584
186
464
464
589
611
635
403
355
309
736
1235
2172
345
539
806
354
353
488
596
599
781
953
727
360
362
329
481
305
307
457
524
648
342
353
977
463
706
432
1323
547
300
307
1071
1080
446
730
347
408
281
284
291
291
344
349
363
367
378
452
468
629
635
767
858
579
208
591
44
31
212
351
266
726
328
213
168
330
446
448
555
443
347
142
309
312
1034
631
464
564
995
453
1094
1137
196
265
272
392
205
208
462
464
466
575
591
634
524
897
720
728
462
941
332
255
171
401
242
700
200
254
975
573
328
340
346
347
351
351
352
358
418
469
724
446
698
808
837
672
310
411
1172
254
184
192
207
211
256
263
280
314
386
396
461
196
532
152
686
302
125
305
358
695
261
478
482
581
356
846
554
329
333
557
305
732
516
726
553
445
447
555
443
1049
525
670
616
356
201
1005
262
268
273
355
360
345
464
473
589
796
909
998
1102
1179
1300
471
378
190
147
149
150
191
249
255
369
249
408
851
709
439
332
441
447
518
674
304
412
281
377
543
200
201
201
900
726
343
478
480
269
653
595
962
1090
1161
415
1640
1508
143
347
527
410
313
318
319
415
642
784
792
803
867
974
980
1141
198
265
201
205
99
47
282
426
363
535
465
476
480
621
645
671
835
379
184
271
263
279
284
288
289
298
301
318
318
319
323
323
325
326
328
340
346
368
382
394
395
403
409
464
464
490
502
505
509
602
653
658
661
700
711
745
743
748
783
818
838
842
851
866
875
876
908
932
978
1007
1039
1106
1133
1193
1241
1264
1289
1455
1469
1514
1616
1654
1665
1796
1830
1874
1888
1899
436
264
885
263
528
195
806
691
200
333
447
273
286
703
368
450
472
211
572
396
730
737
752
882
882
305
308
505
808
258
622
303
350
336
267
931
263
264
266
272
454
720
819
349
266
702
267
281
353
358
373
461
645
731
444
268
442
201
644
824
910
1052
304
506
307
354
378
733
629
741
416
408
529
411
513
621
823
281
265
418
479
203
208
212
213
217
224
282
359
555
674
976
1120
903
410
517
738
630
638
364
408
1069
351
2058
477
2153
600
833
715
353
492
503
596
605
624
729
857
840
276
639
376
746
641
1035
1045
757
275
36
360
465
470
1146
1241
623
1780
1024
379
1193
807
1612
14168
929
516
446
156
455
474
26
40
610
759
780
793
924
1383
57
130
336
402
442
461
636
1053
821
951
310
554
1057
206
554
338
572
694
747
697
66
25
48
90
483
347
443
466
463
469
594
599
340
629
756
789
924
1091
350
1209
209
342
1530
492
408
304
305
312
409
350
262
272
205
206
221
282
364
446
318
734
770
279
290
296
307
1047
361
372
422
443
578
887
576
901
768
343
465
460
457
267
270
275
353
384
457
466
266
268
354
509
510
453
462
968
830
908
933
1063
281
524
1669
444
446
448
778
635
318
638
1449
222
1390
737
1730
281
197
526
295
420
482
332
338
340
346
709
773
806
558
570
880
878
904
860
570
779
530
375
552
433
449
848
568
741
766
971
448
634
709
469
770
281
268
494
416
428
528
530
542
197
795
702
597
678
14044
333
341
304
125
764
379
383
387
388
636
644
524
196
334
346
471
306
1236
551
1291
698
1027
1133
1195
357
267
352
453
458
352
1084
469
125
123
334
624
908
1819
4575
5003
22
4604
445
474
761
896
421
261
348
445
710
511
681
899
391
1038
1064
1204
335
763
255
516
1041
788
172
698
214
387
271
341
1153
590
700
1477
351
266
270
275
289
370
372
453
549
643
652
841
523
421
265
56
61
248
196
925
458
445
566
240
266
323
326
332
406
438
493
506
510
518
535
606
574
271
218
125
260
263
350
436
390
687
418
748
570
263
539
1666
676
1167
320
195
402
237
694
557
341
350
403
397
693
166
283
302
365
1781
1787
2021
395
396
398
523
646
1010
1248
336
871
360
378
959
1942
705
588
482
707
356
360
475
478
511
277
162
165
456
1048
335
572
441
611
478
216
857
165
166
167
233
300
332
455
476
530
624
361
632
322
241
319
406
506
665
283
281
197
266
270
267
647
1260
681
681
1086
250
337
307
126
130
172
376
381
516
336
250
305
262
336
342
607
810
473
718
353
719
262
338
262
251
622
447
268
353
538
517
513
474
356
361
370
372
375
484
487
503
595
613
864
659
1239
1331
382
905
224
135
137
574
340
1065
407
240
249
415
419
820
598
356
366
619
733
1129
1348
340
455
404
204
283
325
418
255
450
818
819
724
326
655
937
410
239
343
130
595
637
527
403
411
178
175
266
481
408
696
530
864
1152
945
304
111
2106
1739
359
372
376
478
505
593
605
856
877
882
1116
106
107
400
333
285
589
690
341
806
1166
742
419
556
332
203
474
201
497
497
701
404
660
1239
1985
23
64
96
98
105
687
548
553
773
657
761
768
842
895
926
959
1010
4922
486
404
596
826
513
511
517
1084
262
515
314
626
952
1062
1072
1207
22
83
872
321
322
423
426
542
203
553
551
642
328
642
1022
1045
195
198
328
338
443
454
361
271
669
133
793
317
740
535
263
359
266
309
352
588
479
351
471
472
758
353
352
124
171
217
272
592
264
126
202
405
272
277
286
339
357
227
279
485
266
577
427
544
1187
653
511
615
910
269
450
811
458
312
216
924
811
388
196
269
551
127
860
124
331
324
445
429
564
921
1122
552
332
195
446
196
197
204
340
168
262
443
443
591
195
196
242
783
441
443
531
577
354
474
476
540
542
578
582
582
826
168
174
260
514
1374
896
198
270
471
238
116
117
126
198
205
296
302
302
329
246
723
1249
910
681
135
136
151
212
230
258
281
291
311
343
447
395
202
211
268
276
278
339
542
477
374
867
532
862
535
536
552
439
443
336
199
403
446
355
941
1008
352
263
576
227
178
776
244
244
249
498
170
144
177
179
222
231
325
443
452
692
313
168
340
341
218
124
398
185
223
301
309
321
350
361
417
660
799
113
197
811
340
341
151
112
222
167
180
199
208
216
234
285
353
385
396
438
444
450
466
481
488
560
564
357
567
635
663
694
754
782
828
829
923
948
1004
1049
1100
1163
1262
2029
1505
883
225
533
474
280
896
450
512
756
758
523
1229
1814
584
225
665
286
284
1063
592
352
361
477
736
846
458
1243
1291
1369
112
631
239
393
891
354
195
198
3667
3621
337
597
665
252
251
927
475
479
753
287
438
173
184
197
306
341
348
384
577
650
756
1111
747
942
330
1486
1506
456
509
298
865
715
2271
174
621
616
352
436
586
15344
280
1310
586
464
348
441
441
344
261
261
169
360
307
316
542
728
751
973
337
424
452
135
550
681
230
1056
1100
1584
346
1499
341
342
351
353
356
357
363
367
227
456
295
589
591
610
706
801
940
330
1144
342
422
417
203
709
1159
525
203
449
1088
549
778
768
311
285
430
600
126
118
1091
622
1748
413
113
155
201
204
291
160
113
115
125
203
294
256
258
345
440
255
261
523
447
267
555
827
848
343
596
423
568
440
354
356
264
427
127
175
356
449
370
679
249
477
305
128
335
1230
329
331
843
354
250
511
312
412
524
777
527
1004
1045
777
666
146
348
440
552
167
128
172
756
321
433
119
554
128
132
158
161
273
825
310
866
387
924
1163
661
1193
1055
808
457
473
822
822
1067
947
475
315
324
225
420
273
428
434
327
460
41
747
68
1010
1021
1143
1191
1105
398
129
340
1447
385
738
499
318
259
734
644
611
744
191
595
976
1256
262
451
340
116
123
226
252
312
326
347
206
120
162
512
344
345
426
124
128
169
511
252
258
334
340
341
430
545
715
359
978
382
335
274
1587
264
368
477
1004
207
129
130
212
400
485
277
353
415
433
244
406
610
374
341
280
681
118
372
813
526
458
420
470
352
352
433
596
106
111
272
115
117
120
120
124
160
189
358
408
915
166
246
346
424
336
167
171
172
178
178
283
293
229
345
242
597
383
382
478
251
964
311
612
708
523
1297
501
282
432
600
772
441
526
258
260
268
271
711
433
532
598
610
1156
613
450
263
422
251
429
344
213
289
912
496
271
273
729
458
280
375
166
290
291
599
492
425
431
433
281
281
364
293
302
397
421
426
434
490
526
703
714
1256
1964
821
414
244
1442
415
326
332
685
482
202
204
206
704
355
365
366
368
489
597
819
835
979
473
1220
471
471
282
42
33
801
515
611
255
471
28
23
1115
1556
112
196
720
124
124
126
1206
612
256
516
614
268
319
789
521
638
678
777
864
976
1131
514
351
434
251
604
337
305
345
203
346
514
208
211
275
288
366
494
664
212
127
391
336
253
595
1256
551
463
444
1176
305
203
463
331
336
442
253
254
493
274
288
1009
365
615
447
476
711
511
806
579
823
670
1148
945
719
978
433
1064
842
912
952
1082
1128
892
1005
473
609
800
1695
1122
1140
126
502
611
708
672
2696
330
333
215
627
322
398
720
337
252
343
118
680
119
246
472
330
348
595
900
256
464
610
604
459
1229
380
569
311
313
196
204
486
662
668
754
360
618
624
902
945
494
249
464
1056
588
718
918
725
457
1427
513
346
19884
612
250
330
340
452
454
458
478
629
629
636
750
766
772
910
1098
479
466
1556
754
343
435
470
1206
721
470
7602
517
355
362
374
377
504
641
935
1031
2147
657
268
271
345
444
445
458
462
525
464
455
500
551
1435
823
579
894
423
255
251
433
738
435
681
701
818
427
352
359
480
425
598
315
844
417
1347
422
310
341
420
1067
436
434
304
409
797
624
832
611
624
310
416
426
516
532
950
340
339
427
716
256
257
530
349
904
468
463
207
160
809
256
257
437
335
264
443
1345
717
256
196
264
335
587
309
309
901
624
820
443
466
350
412
169
143
329
152
705
268
341
343
347
356
373
375
460
466
505
411
621
565
713
726
844
1022
675
259
299
1505
472
1784
1921
435
345
147
398
410
948
347
469
1112
1545
421
307
518
940
831
265
444
403
445
171
446
596
351
360
470
472
476
479
481
586
412
598
642
326
1551
918
1168
346
539
470
311
830
633
188
446
665
621
442
621
784
818
354
348
352
443
454
537
820
332
334
1269
747
354
124
452
749
760
904
1345
347
534
346
276
499
357
359
362
349
841
248
253
334
359
437
453
256
280
283
309
541
360
363
364
454
457
470
996
627
794
1001
286
289
410
636
361
1234
473
605
244
711
419
310
524
256
310
905
917
1681
690
825
851
832
8294
143
1381
533
1758
381
382
499
504
748
1102
299
150
245
299
470
316
188
189
600
841
595
310
320
535
693
863
975
445
317
141
295
433
444
612
581
1016
893
349
476
477
484
618
599
223
717
164
380
850
189
258
323
326
518
642
596
3681
594
3821
3825
3849
3999
4045
4225
4255
545
1140
362
1330
614
998
1338
592
594
595
793
1102
827
11357
681
577
579
581
582
784
183
184
835
837
1174
919
1131
125
166
522
458
654
768
22
46
48
594
251
425
695
851
362
473
481
484
610
611
255
952
447
1320
839
304
308
319
323
419
420
423
430
433
622
857
525
310
314
320
321
325
327
642
1087
1505
2143
207
124
160
298
123
204
257
346
621
307
314
409
516
845
599
626
1096
266
273
291
292
294
388
466
480
584
587
646
665
671
830
1269
853
407
304
310
315
318
834
410
416
37
621
33
734
35
47
445
267
268
445
454
727
828
940
348
631
433
407
910
734
845
329
555
346
467
1653
1346
986
1725
310
270
276
373
550
565
2458
776
807
1035
3328
5075
164
161
160
1616
355
491
384
712
721
750
756
782
802
839
905
968
1199
2339
262
3279
3333
38
3416
44
68
3504
119
3533
3547
164
165
262
161
165
168
221
226
284
386
6784
257
33
26
26
68
127
329
296
610
257
360
452
456
640
230
699
176
177
286
293
293
347
346
359
718
822
861
1197
667
328
227
227
287
160
160
174
294
337
531
344
309
172
176
177
186
190
206
210
238
260
262
273
302
307
376
404
651
709
713
755
979
1071
222
169
235
283
293
296
836
355
474
329
554
208
118
165
356
273
547
915
950
953
249
278
216
244
333
623
963
519
1110
1564
216
132
365
367
422
1370
328
329
339
1035
1430
1516
352
714
119
118
43
23
35
52
166
Tue May  3 19:53:36 EDT 2016
