Waf: Entering directory `/nethome/dkochar3/project/reproduce-red/build'
Waf: Leaving directory `/nethome/dkochar3/project/reproduce-red/build'
Build commands will be stored in build/compile_commands.json
'build' finished successfully (3.125s)
Load generated: 832633 bps
Number of response times recorded: 19637
32
29
37
218
111
119
128
316
133
281
277
283
283
230
304
431
384
373
463
424
383
433
345
246
174
532
519
297
334
355
271
484
253
396
295
497
348
423
429
365
443
453
389
557
754
746
565
483
555
351
481
544
583
421
469
491
385
302
529
489
622
1107
486
679
908
592
581
750
585
611
643
914
938
741
752
807
792
1185
706
1337
694
653
973
689
1090
353
590
553
705
726
594
392
757
394
496
526
903
665
591
680
887
669
1330
953
578
782
1094
1528
1727
838
1087
2398
318
1853
789
770
914
633
522
778
562
564
750
2470
919
2661
606
1409
664
618
689
492
1065
509
937
645
489
542
1321
2247
1994
2267
733
395
1963
1058
2014
2582
798
2696
2657
1869
892
1571
748
2157
718
2765
2361
2994
567
2741
3166
469
658
548
3299
1705
2735
624
1893
911
1934
604
666
3263
640
3556
447
3286
3171
947
2119
626
673
2808
3414
1124
1103
1058
2671
3641
532
763
3448
1041
2989
1009
1637
2883
1921
521
764
644
2734
2496
476
522
788
789
684
2726
1124
2064
2085
2663
467
2107
3191
3300
3688
2919
2576
1040
2937
552
639
2273
1467
4118
2993
3617
2733
2889
4389
2619
1119
656
2109
3643
2690
814
2774
679
2581
3462
2599
952
660
968
2855
4821
2440
620
748
4747
1781
876
3578
2773
2670
2428
3644
4280
706
458
2295
3620
5286
491
3136
1160
470
1117
4110
5269
4235
771
2431
4161
663
2672
918
5193
4010
2342
2876
519
638
2168
1182
905
3512
3614
3900
888
2687
3711
3685
3597
3449
2509
2136
4544
2675
615
1694
4066
1000
931
3595
4077
3827
4230
3409
2860
4089
1137
1048
3638
2945
3581
4299
513
3481
4255
3541
3669
3552
4190
4371
3572
5490
5435
3499
3575
3590
3722
463
6158
4313
6007
3117
5251
2852
925
6169
640
904
6257
554
5855
5607
5897
402
6478
1981
3298
450
3780
2443
724
6140
2394
1462
523
3492
473
2799
5723
1078
3701
6240
1002
2729
6056
3467
4635
2769
5494
4105
6000
3474
4185
3496
6656
1873
2435
1926
2869
4329
1366
6672
3544
5409
6945
6654
3596
5665
3754
1922
5643
3769
3636
1537
5881
3654
6375
7345
2258
5972
3641
893
3509
973
3738
5065
4250
4170
3622
5959
674
1098
7358
2887
2566
3615
2147
7342
2498
3715
6731
7986
2535
608
659
904
3598
6926
6717
684
5779
2610
5423
7517
3691
5772
3804
3475
7211
2912
3705
5472
2616
5727
4955
3839
3183
5686
474
4453
712
8662
2194
869
6910
8925
2895
6687
3636
5475
5681
6852
3713
6585
6697
5971
5948
3257
3803
6730
3074
4852
6644
2792
5683
8984
3525
3765
4408
6590
5734
2719
2802
661
4825
3938
4335
7694
6769
5677
999
4379
4370
6521
4585
3739
2766
2327
8704
5826
6306
1707
1023
3729
3701
694
520
522
3827
3949
9821
2789
446
5482
7692
9850
6712
421
9086
6740
3654
4508
5712
3922
583
7768
523
2704
3786
3787
3899
8763
2951
2717
9013
5724
3558
10984
2280
6182
3618
2622
9354
6632
2033
4052
6523
6261
3663
2116
3974
1199
9412
1668
9535
9584
2730
9449
6121
2694
7480
9725
9726
10984
7625
10285
8319
5845
2600
3697
6383
3538
7863
4201
10309
2847
8771
3948
2915
3643
3738
4585
5498
3898
3773
3727
4038
2400
8814
6825
5595
6365
5645
6092
11472
6054
2665
7010
3731
7162
3517
6832
5691
6904
4564
5499
5293
8287
5645
7708
6650
6026
9603
9752
10339
9628
8390
8304
7419
6620
5330
3857
6663
10452
3386
5800
7710
4253
7197
11894
10990
4447
519
9225
8975
5511
3647
5766
7454
8262
7163
11609
7576
7638
6626
7106
5803
5819
7143
4820
6624
3721
8150
3487
9272
9609
5626
4308
6105
3831
3527
10196
4482
5326
522
6025
5815
3994
4223
3710
11549
5348
8633
4284
5696
5701
7010
6260
8900
11457
3863
11198
5740
3761
10090
12449
9555
9654
4177
8829
7647
4315
5474
9648
5956
3778
6730
3655
9410
2029
4022
7887
776
8808
5772
11119
9757
8801
10545
9723
13313
13141
4499
6898
9662
6224
5843
10705
9376
5307
10782
12806
7125
6794
5258
6112
10001
8874
11437
6031
4107
13081
2432
8715
3558
5329
2980
5336
8736
10363
8204
6134
7634
12572
14303
5850
5845
7935
8401
6017
2681
5688
5705
6881
6578
11593
12902
5510
5445
7888
11636
6992
4599
9045
9997
9206
12050
6787
14517
12555
11204
6520
11944
3604
5982
11532
9450
3545
4075
521
14743
11134
10559
13420
9623
7435
10262
11928
9906
6781
9602
3723
7307
8628
10379
12443
13250
8079
8492
8934
10522
13390
11504
7134
10376
3934
6236
12760
11779
13320
12887
14026
4515
6155
12655
7218
5658
11504
9852
8939
15120
9752
16519
12597
5897
6625
668
11801
10716
9896
4632
11456
12938
11002
11608
12879
8867
3849
11922
11366
7892
4023
9204
12670
9044
11323
13301
4253
2821
5480
12468
11295
10012
12590
3867
3764
11475
6875
9781
10028
14987
9805
10979
7577
3776
13643
14769
16702
3722
4035
11737
13542
11422
6641
7450
9574
9766
14051
8518
14342
15187
14516
5800
6587
9543
7110
11522
12776
11761
2660
11852
10899
9560
5864
10765
17810
14845
9390
4795
11399
16270
16736
5720
9803
10574
7266
11888
17704
12846
18219
7023
10313
12930
9819
6436
4868
10781
5812
7377
10248
11390
9764
15843
11133
13253
15356
9101
6946
5672
14570
7140
15500
15784
11472
3687
3688
10443
11765
11818
6775
15104
6615
8795
9914
15872
10496
14624
9930
9846
6138
5626
15043
15770
2838
13558
11190
6815
18419
16133
4525
16273
14831
6871
5975
15542
6388
11596
8557
14999
6274
9701
9832
15547
11143
7118
12740
13597
14901
10443
11646
15868
10076
16618
15906
11840
10070
3652
16224
3688
3690
9112
9405
2073
14409
12999
13696
6055
11270
10881
9746
11212
12538
5843
11642
14692
6870
9591
12159
9908
11836
6099
3884
11681
12473
16168
11851
5612
16533
16333
18879
15952
11548
12762
4348
4170
13713
7609
13294
12781
14741
3672
12815
12681
9687
13479
6147
16392
3882
12808
3792
4950
4860
15767
9749
18527
12479
9861
17435
13531
21043
20212
15008
10033
10161
3901
18476
17660
5243
14298
8722
16344
3851
8720
15237
16654
6802
3360
5946
13041
18038
3791
14325
12844
13519
13458
6795
6799
18948
9954
7138
6134
18153
11935
22082
4416
9461
11679
13881
3216
13091
12782
3891
20853
19050
20884
14826
15216
15816
14650
4871
15087
17264
9141
14562
13561
6677
20360
14230
3756
17826
11874
16850
5291
17188
9909
23157
18072
18574
15438
14626
14892
19080
21222
1257
22664
18550
9726
10534
15143
20622
16175
11139
21601
18332
20441
6458
5425
8509
12086
12198
8737
11393
14601
10246
5218
15305
9120
15008
10380
18655
8872
14887
17443
11195
11569
16297
5980
23807
21066
14838
4592
8680
16259
3664
15056
21700
15358
20989
3556
18191
13622
9708
6074
2706
9906
14519
18233
6612
19404
6739
21927
2847
7296
3297
8750
9871
17802
11028
16928
22259
17917
9640
16122
19349
18088
12868
16419
6702
20706
18856
12880
17408
21622
21308
13097
5451
24794
16891
16317
16680
12221
21639
6091
3703
8967
10629
15491
18218
7631
19511
19581
19993
12750
11195
9745
16155
18116
4231
7182
11919
13436
10996
20760
19068
17045
17853
22869
21325
13475
22082
12700
5525
23078
14516
3888
18910
11794
21360
24539
7891
18495
13398
20649
4965
5900
3651
21010
18493
21392
11615
22059
26815
23434
14604
13143
13085
15096
9807
17496
25238
11320
9835
22921
19395
9889
20092
6086
18654
14665
15481
6407
14717
9579
8653
10829
3641
23285
12432
21637
19967
17889
16194
3872
19080
10902
10116
13894
12876
3847
23362
8970
8881
8650
725
14133
23011
21080
22416
25191
6514
22674
6874
19311
12630
20415
15879
19213
716
17970
9642
10328
4087
11480
27762
12861
15691
15547
24102
12693
18845
14881
19385
24794
11058
3179
20561
8686
7661
7661
18808
14870
14643
13648
9906
25757
12961
20558
3653
20938
18856
24834
26092
9931
3919
4977
19974
10202
24852
26476
18586
20458
21764
9714
23608
3870
3323
20770
9356
13879
22261
13977
12637
24900
19132
25951
18046
24054
23445
26362
7649
22044
24743
16598
28331
19457
21235
9515
21631
25514
18551
19063
13491
8960
27718
25434
5544
17772
14717
12708
2603
21839
13349
24744
13064
20194
28552
6873
6875
3656
3658
6306
20865
13132
11928
24562
14883
16739
22383
18085
21810
10647
15612
21513
23727
10265
22261
15385
25491
9094
544
24124
14609
30181
6813
23858
24854
26831
11858
22078
12662
25587
24399
4406
18795
24083
26713
22696
11885
14636
15311
27298
13251
12837
23278
19138
19286
13155
12237
21759
12796
2673
5921
21890
24282
27670
23609
28222
25980
26480
16522
9387
6035
17851
13795
5264
23196
4224
26689
4035
6128
22212
8695
7664
24142
13253
28041
14701
18298
26300
12093
9901
14878
26771
15744
19705
30074
24054
18099
3919
11478
26287
10603
12922
5819
31092
23642
21534
10392
1172
18091
26299
23613
9981
23715
2965
888
23914
21027
23040
26160
23096
18294
9094
15774
23481
11871
2554
9088
21047
24982
13020
21774
20835
24905
18098
24070
30121
27709
21244
9932
9933
4452
7785
14675
14752
14676
20116
12196
23896
15348
29789
13466
28251
17068
13859
6893
32516
30542
20552
15057
8946
6781
18173
3764
3884
4391
21983
10560
9267
7018
22476
30107
14922
18995
921
25534
21764
11949
28229
6555
10942
27384
15126
31073
10849
6825
15147
21124
21323
30507
11644
9578
15411
23425
26957
21703
10167
4141
26982
21112
30612
15182
26303
13698
2565
8998
27492
4538
25121
20121
11603
979
25184
23014
3758
15216
26626
33241
15556
8833
26743
26100
699
5854
30535
28339
12311
30011
25613
24652
22200
28571
26723
3637
27108
20322
31774
9135
7334
31247
21871
27709
25418
31178
14665
22225
18115
6765
30845
26467
14863
20865
33303
11049
26002
33338
16434
13608
10519
4504
19186
25130
33489
18584
17602
11389
32448
23916
32854
10926
3523
5847
12285
9210
11689
28898
7173
17361
21675
4230
13205
25394
7180
20362
19494
9572
8247
18917
22172
24226
25799
16658
8684
14675
32205
23408
34835
24446
14681
14686
25610
25162
28734
21376
26572
34952
36431
19923
17892
33051
27960
5778
21519
28267
2138
35246
33371
33843
6620
18992
31232
20995
24694
31370
25997
36672
6768
6785
12971
28698
9573
6098
24008
17008
15166
35280
20695
6766
9112
6771
34964
27471
31751
6969
33748
31434
25549
24941
25374
26995
14137
15137
6846
37391
13617
12952
26638
12991
23639
10597
31162
24559
940
18073
34361
26359
35229
861
22408
23886
8829
22045
14862
21030
24933
19432
26388
14032
4116
33890
8727
26793
13399
10910
28456
34061
8748
18373
9813
40312
19137
8861
24965
8557
24838
37226
12477
39205
16579
6052
21154
27369
13245
27501
34455
18938
6969
39252
25864
15161
16823
36080
21492
18862
40384
38256
34079
22266
23156
30778
25328
33217
9236
639
4468
9268
15969
31789
33861
8300
21033
3915
7772
37351
10839
8722
27007
34755
27750
9933
30078
33310
21342
9999
36383
33411
29386
17528
34286
3393
27453
14511
9950
13707
9892
26865
6122
37481
6138
38872
27035
745
28648
15871
24709
38659
21957
5754
37729
16068
38392
12728
9359
16765
34230
11653
40956
33198
18437
15708
21234
8387
12717
33348
712
29528
5977
8871
9497
38892
29680
32902
10667
16150
6136
27021
35627
24815
30905
7148
3957
3958
39718
40794
31437
25493
37941
3872
21428
7411
39146
16413
14134
29356
34023
12157
30873
6769
38264
7689
23521
20461
40169
12902
2407
34328
840
9955
43389
13238
42247
32187
4405
5811
24557
25121
37300
32201
41078
11666
2411
3913
22436
16168
17139
17986
33921
36924
7116
15809
3605
41313
27161
10142
31125
27002
32806
4197
17914
21941
32806
13830
27141
13686
3999
27991
42018
40891
17878
42544
21261
16494
22831
34196
19054
19055
13507
31122
7534
25398
28617
21554
10142
37155
36731
42712
41178
12251
37931
31172
44653
880
3831
32888
25584
40980
15712
37070
5839
26645
7478
9548
16135
1215
1220
27272
26833
6537
40751
19648
40813
15073
5920
4057
9605
15287
25214
25592
10388
42041
17965
23953
3234
28740
6926
3216
30685
41469
32171
7746
14584
38156
17582
5420
39403
30839
21713
5726
18387
38362
45085
11647
6534
45849
41863
44854
10140
2611
4299
8715
17109
8190
6189
36932
8837
26556
24177
24111
6711
1417
10976
43495
39177
12388
4989
30740
36141
17581
34662
8672
41482
5993
6891
36331
44758
36948
9121
5444
28311
27693
39618
41015
36360
13617
8767
5457
22297
39996
13203
8874
45795
7437
25991
37355
1482
43140
15584
14017
15575
39552
6172
9282
13633
3947
23172
45773
46972
780
6196
45911
17770
7225
41763
16593
11782
9743
42985
6278
37045
9933
6781
13023
40401
45811
43816
35050
20810
15074
20659
37218
46062
7668
2788
12778
33029
48505
882
42737
44821
43008
3692
3926
3698
3161
31041
43375
8344
8347
30105
4973
9294
46023
30707
3977
7477
27010
26963
43005
15668
12496
48823
42800
6940
39889
8980
12135
3743
19206
22096
2887
42948
28831
31914
32846
4703
2904
19420
11207
33297
7289
20751
8436
10066
9037
5099
10038
10040
23926
25545
44811
28084
46194
8729
30725
40160
28139
11701
48690
5936
38891
36860
48474
30894
29061
46454
28660
45651
5711
9955
11149
15523
51395
13251
20242
19226
45436
9713
41478
21726
5964
12918
14694
5123
41665
32390
29012
43333
35054
9962
5786
9688
39192
6848
46716
45452
22102
12217
50471
21800
41756
7162
49184
6934
49129
13431
52260
7115
35303
46862
21879
26011
42207
6225
22423
6033
12880
34892
15348
9393
7766
11619
10982
3732
16970
705
10418
8368
7023
11571
34950
7282
880
38405
25285
6866
5810
51087
9084
17974
1117
14901
11979
6999
6569
24063
3954
14548
12718
43406
7322
19371
9036
36710
29412
12999
38272
9769
13385
870
46403
29582
47677
11189
19046
15240
19870
10275
11911
33708
22983
34625
45319
39785
48073
24340
24827
12951
9952
3688
6690
3921
13171
37168
5731
39504
25799
23440
2755
41913
45468
7140
15120
49174
24742
24903
10667
48689
48571
36967
20732
13703
32387
49280
7293
13403
14733
48118
54414
49333
38676
12510
39828
7625
55964
23653
9147
11187
54688
49473
8906
6624
14419
13773
37040
48603
39151
23894
27822
57177
35871
14886
28574
3280
3790
44622
27194
12144
49834
33028
10434
2976
11488
5963
12805
3995
7014
41826
13418
2980
38751
19052
3789
895
41856
30742
16108
11730
27241
10374
12882
3907
10914
4071
14895
12452
12001
11518
15733
9572
5951
27853
6356
28686
51687
47966
39941
30183
12857
6803
4253
4258
38709
40714
31793
3764
45101
928
12932
5754
36597
40645
41946
12382
29488
4975
47959
6692
46881
48948
50591
27595
47529
14944
31259
12816
15273
31570
5876
16573
17757
46868
36010
60698
50245
18617
18825
46539
59591
6787
27460
53775
57565
4329
41016
14139
3957
14965
57638
5521
51396
19701
6364
38258
7707
41773
52763
6174
15911
19927
21972
50771
8900
24814
46383
11843
18773
6538
13154
9773
10273
38827
59774
56489
13837
5573
9046
7478
10613
6093
20497
3654
33081
56809
39227
7178
35714
52125
50794
30062
25136
8047
25341
920
12757
31175
30089
9581
4146
10305
21163
46005
15846
13376
58643
4406
21336
3973
1128
27673
60166
47950
20990
20822
6746
9966
61270
970
1259
18774
26749
7873
58832
3030
5920
31491
20698
63454
6230
18931
34668
44516
9964
64360
7115
11780
7216
820
48957
13697
10237
12723
22537
12871
18220
40095
3699
3923
925
59002
14214
49275
19201
7696
34691
60025
9829
18491
13234
39320
3896
12854
22755
61107
20074
833
15037
22619
33741
15838
50386
52504
19186
18919
57890
979
6011
22213
9716
18315
40342
58958
859
23131
19097
32370
60135
1731
49699
5782
10461
12789
53837
18833
3817
3818
62213
3833
23814
14427
6794
19500
44810
13565
40462
11910
42980
10058
4431
64726
5727
11961
752
26198
49459
24763
24249
11101
3360
40477
63220
17904
66438
38863
5542
44741
2968
27563
18947
56633
3892
14572
61839
16077
29247
26673
27131
27131
54352
3761
6218
10244
35964
10800
21524
10180
14229
52430
29708
16761
10968
8112
45659
13722
15562
22141
16900
24284
22632
19432
12914
52086
56330
3984
16708
8493
5197
14645
27471
23631
11840
15246
13907
48779
17555
4347
22014
2995
3682
3676
31447
53466
13023
13027
51323
65945
57329
61073
50334
20267
42912
20346
48287
17406
61889
738
65397
44260
55734
4138
64863
6037
17935
51987
28241
16300
3790
23594
64006
11849
8422
70762
5050
24891
24892
29313
2948
13048
24393
19407
57533
24094
68555
15083
51964
18571
14825
4261
12898
9887
14420
9306
16037
9683
11520
7699
7503
21349
59671
30399
19557
21614
12670
67872
54154
5951
27905
21455
1146
15802
8234
9864
60444
64884
53183
15179
19181
31621
70480
56881
53474
4882
46649
3244
6003
43917
8923
32201
6885
7060
6902
64738
60110
32873
3986
16000
62309
4353
5907
16066
3769
7251
9571
5997
37599
10981
26170
10289
21793
6327
64878
9550
40759
67797
27454
27271
16656
25371
22034
6366
27067
61316
33745
10060
26838
4841
9480
21504
33279
3908
12476
7868
6964
11227
10095
25259
70448
3160
4357
16692
56020
9924
70766
22342
39286
16967
12420
39533
8773
3854
27840
51529
56970
34572
44450
36317
4084
71394
20374
10575
4126
19513
56869
48723
12296
3745
67829
3920
65837
21875
59082
4834
13177
13635
14344
3900
40029
3822
6633
34604
4327
76168
7843
10727
34402
20650
8248
10846
13743
10733
6419
57601
65710
7653
27671
23991
15149
9978
13433
14921
73454
68599
18206
25026
71884
19851
1189
35818
6241
21872
75480
55040
15132
1148
12079
14896
55636
58994
34403
9865
15479
9890
1336
19563
22116
4000
4022
71866
5811
9999
48071
3799
12036
26450
9981
9982
18250
16327
1005
3084
46868
6279
52590
10117
71665
26721
39592
17718
26090
1253
21062
48250
56906
27261
9979
9982
38094
69565
27185
17932
6993
71886
833
76267
4114
13581
2791
36202
15642
29520
3672
28782
5709
7016
3868
6936
3890
18013
9023
46572
31249
67697
3631
29283
10232
7892
20782
970
42210
11451
58108
16066
15806
34616
40133
14840
27103
27897
811
39571
39466
29094
32852
7842
14885
45560
3187
9893
10119
751
19129
3748
81949
10224
31529
3400
48670
7266
52791
5452
3708
11304
9313
4073
10141
16197
18678
23857
36446
38629
12797
700
12851
4292
31856
13071
13446
4594
66848
6259
11198
24279
5778
2079
19289
11573
81216
5754
6031
37206
77927
19636
40490
11694
6594
12758
39423
19365
1089
10249
694
53883
64522
15215
22524
947
1248
5720
21753
9000
952
17933
4260
7111
14790
14793
51541
32969
4255
3967
18869
71114
18874
66836
59540
17315
23872
20981
49493
23000
19144
13581
35063
3959
19188
78360
13081
7897
9697
19278
77312
913
4489
2992
43976
4032
39677
20992
4050
11795
15730
38671
55959
45142
42669
5857
21959
11861
53698
22243
3821
22605
7214
74568
9933
3797
56356
24112
4108
5731
3364
13714
12967
57927
27942
83671
22873
24924
5407
49507
936
41154
4632
4029
36352
6073
13529
8785
25404
2694
64660
13862
11500
10726
21564
77436
25672
84776
9421
58912
28964
41620
15703
82647
3707
6789
9567
5090
1105
3679
55310
16385
789
24057
3862
7772
8775
29797
3899
87015
14748
3742
36957
10220
43884
80800
6436
86423
70593
66098
9730
51889
25811
76299
28248
20453
17201
11273
9916
31990
1443
25246
4294
9264
46176
15512
24992
8053
631
634
16738
10900
9489
851
37133
15816
15270
10499
4103
11124
58639
55146
10757
80609
26068
3599
9954
18009
6327
864
19535
8976
6297
14696
35433
16582
7149
3225
80413
16597
18806
81357
13739
32698
53815
10585
21938
3716
5984
38459
24862
24873
7234
21023
21031
5598
88271
21283
48809
23945
1189
3694
3872
18187
8212
20387
32076
23670
7757
6759
31875
84538
7289
81059
86263
3934
22053
6654
21616
29719
11144
3711
13731
3725
3730
15638
15639
15640
30475
5017
83786
53334
14014
15845
86930
34035
13192
3192
5729
3802
59563
81044
15938
4478
2049
14678
45995
12626
52257
3870
3880
30850
19466
3859
11061
7411
25383
8366
5805
90415
4301
12601
21918
87040
79464
3758
17096
22269
8594
65219
44518
15174
28209
5994
58736
43868
18601
2233
912
6267
3993
5795
3929
90491
28538
93907
7580
20938
20981
17974
28822
5002
9916
2723
5211
22946
3971
59436
3851
7417
55804
20798
23635
38356
4648
7677
29234
15344
6695
6696
38643
24005
13762
41001
10520
22023
49283
6194
78523
23988
22978
4313
24708
15231
10910
4500
57646
14205
7007
7014
7015
7016
54753
9274
6893
86986
2854
23100
3913
6327
72822
69345
17724
24045
88558
17113
7638
34695
9820
32733
46960
27437
21798
1566
10853
5803
27518
4020
90078
2733
78505
31665
26435
13205
94278
6341
71959
3702
40850
28139
49366
32175
21595
596
40340
21818
7099
10136
16575
22064
4171
68528
3839
38986
27355
13722
29388
28723
9998
16180
646
945
4721
8319
85065
16215
10593
1031
34887
5147
17874
10069
14776
20916
89858
22360
2269
23474
9986
30635
10070
26828
19792
44992
3953
99927
96707
18464
15888
9443
58475
70963
3598
21014
57824
11507
2977
96992
855
92086
3374
78334
58906
31972
5347
12644
11304
672
673
3508
8477
4429
87584
27765
9948
5853
4160
12121
100605
23115
618
91249
19950
16322
26270
3918
76947
87059
96879
39958
25159
3545
100220
3877
33665
2675
13480
9892
57786
50497
93728
13777
11897
13169
17139
13002
4535
6401
36514
13089
12881
11085
3172
94774
40559
22853
23809
21771
19679
26175
10904
39814
10211
2620
46378
55971
5552
68081
4026
14520
39692
33738
26857
28124
95229
32243
33874
21956
2852
12728
6680
13314
15394
20909
874
6886
30234
3806
8613
1012
3978
9011
22935
3763
24719
24008
24012
26644
17813
3778
6994
15879
3928
99823
51945
9852
18056
13312
30223
39699
2979
6132
31330
6284
96938
3897
2711
16662
20687
5994
34113
103969
92746
5340
98753
2970
98630
3786
23317
27604
80800
16964
21802
6924
101174
4308
3244
48760
3663
1280
106962
88832
848
11633
88622
38001
93267
100756
3873
17923
26014
26260
19962
11063
30633
30638
842
102872
102873
72081
25115
4434
30813
719
54736
23131
917
5933
26713
64861
7577
28114
18268
5738
7564
7626
16787
12321
25199
9474
7830
25271
107127
98963
9107
98968
94103
4541
82321
42800
24004
21071
35226
19745
6976
96949
92378
9632
96954
106693
1002
31029
6331
59090
5720
2369
8482
10470
18852
20797
11761
26415
108764
5825
24582
12104
6644
6646
2973
3859
4193
16841
61499
8902
11305
3699
96773
44549
6957
3205
12147
107299
102127
10345
27484
10104
22200
10202
11073
2032
34173
12007
49002
4062
3753
860
21032
7761
81742
91884
54524
104380
5120
10272
3840
97470
9131
25218
23357
604
14349
25805
17384
100289
12951
15184
11828
53936
7388
20462
23991
21786
15283
23425
9765
14021
14275
28994
20144
38665
31704
98925
4798
3332
2817
4087
12751
56406
41054
60650
22703
10565
101340
871
54085
13233
8239
11095
5522
82346
17456
599
6203
39607
47602
108526
3854
36806
6716
47689
12728
6848
104158
7635
95831
28234
13838
76262
5859
4685
3891
24490
7724
30885
59990
3737
4097
45979
92817
4998
13341
48403
8023
24991
31971
7193
7292
2763
9269
11109
56724
44967
6839
6137
37595
52667
11112
35545
12620
33939
23755
14504
23539
14118
3902
93748
11846
26529
14235
62202
22505
36290
5816
7920
97357
1269
28490
6274
19824
15226
947
28562
7013
6392
14920
13875
12705
3624
9887
1304
32872
12891
40708
44338
22146
6737
25834
5496
20764
15785
93707
3624
12720
3725
3727
3732
716
4854
85238
100202
12902
9837
29712
17319
3785
9676
9121
15170
12544
32346
111460
722
28192
95499
65650
110652
4373
63393
43865
16628
112585
3695
3772
85032
9842
19874
56067
1921
5182
1067
5513
1379
41701
9244
36409
3710
5804
3272
31259
12164
18946
114098
81160
23352
15241
8566
9207
24450
30389
76562
91055
5233
42907
34332
12834
19061
105302
9803
7324
3730
114326
36744
13209
19230
5388
15092
7603
112457
1328
74108
11642
108633
21827
3887
11419
21965
3788
20564
39985
5998
7139
98484
14901
99592
37461
31977
37572
98775
56175
44997
30016
33016
33016
9915
4845
12621
18161
14252
24758
2697
4039
15025
38898
1690
3047
6421
7368
88989
11638
6634
69935
35349
99765
23006
15966
20227
7027
26756
21713
8187
5949
64644
53264
3944
59330
4051
9836
3128
109757
21356
15649
5362
10397
5707
1048
111467
1115
15114
10257
3953
5240
11501
93822
98821
13531
22125
14979
5027
3732
70759
58465
18286
10497
52075
2925
745
1038
14818
99737
61149
9116
119331
39451
12493
22966
119137
1022
50559
19232
17918
56035
5542
15072
39510
13858
1278
19178
24740
27796
112169
26231
18944
15388
13066
107685
19438
42817
42832
7604
80471
64523
4349
36196
15358
4009
43103
3208
3913
6034
105976
9423
4698
6041
4172
10582
758
760
68171
19777
8006
9034
16172
18752
3855
9148
6889
23587
72097
9136
7033
86512
17251
23729
5266
27683
66415
15648
43670
85635
11520
6686
15513
3207
9720
121548
3724
108005
8729
5898
752
111513
3764
15136
4821
27442
767
16251
32137
3991
13523
64045
39685
58660
25260
3770
9969
15750
10145
16034
16050
4257
9716
16036
63160
7029
114078
1224
2925
6068
99044
22456
29928
1230
114996
128480
34929
121156
117646
64332
119528
42878
11391
10287
30701
4837
2433
4001
11296
6785
58734
17507
48169
6256
7308
13495
2733
7437
3893
3881
23537
6741
6742
4924
4137
13246
6334
119169
21899
5079
47952
119153
7000
9236
4823
12520
13677
15108
42743
89295
1639
3734
48497
6396
18796
21313
118295
7816
130364
3982
8375
6547
99597
18911
4303
10094
6078
5916
29496
15009
7413
7068
6072
6009
7572
24049
21070
99520
10768
4305
19579
16648
35461
21409
118852
31072
126775
1286
27189
67844
6903
1130
3922
30560
9368
129579
11891
27693
4797
14763
9084
35045
21763
6912
7956
6961
9719
68872
12741
12934
117117
10014
24801
65115
13001
15921
123464
56323
17582
12034
11888
47357
113054
23323
14657
21932
16697
21928
16026
9164
132961
32225
14065
30019
136161
32752
36866
34352
3486
4007
13875
3115
4772
46899
10925
3804
3228
47530
6805
6219
12188
19232
8725
6475
4261
15196
16000
15040
47909
21809
3040
11785
10987
114709
48647
136147
15568
7076
6802
38289
19725
48887
6787
3651
3654
14233
18456
4097
21970
24851
11465
4435
4067
6563
16051
17809
49553
13870
4935
3790
68404
7273
10288
13557
4814
3652
35242
21406
16204
14425
10348
68012
3910
5822
13961
9562
2568
124243
10677
14679
14732
996
5773
7055
52174
1006
14048
49108
14582
29592
130294
17735
1622
12883
1264
18686
9293
6250
3759
758
5697
11284
12782
21521
13264
5846
25453
100255
13521
24314
6007
1658
899
9031
20336
109593
10533
15979
6986
77906
56982
12791
23237
16263
34215
4117
16977
7805
3916
22239
9826
6869
25210
22397
6049
3633
57204
15077
6984
118479
10316
22420
8217
10289
3900
9975
5844
3969
141762
3025
13061
17486
17488
4217
15814
3580
13130
3146
10000
136140
7729
14455
7939
27608
37114
23578
115227
14705
15159
9895
635
25276
10317
3940
15124
41846
121699
3856
3858
3863
19164
905
100278
11985
6462
28881
34495
9712
8008
12894
3778
2510
1526
19470
51890
139778
1213
8774
7387
136514
12102
61402
31210
16386
17028
133532
11761
19614
16708
1713
32927
11929
81040
816
5828
11221
820
11702
15323
23528
8428
60210
103042
3067
3716
19217
137879
1021
6576
6773
6778
21996
6771
4040
4550
943
9844
6977
2962
28569
21073
24165
6880
30798
29481
9400
6333
5719
3859
3861
28824
7183
11947
5270
10222
7262
9847
20566
2748
38797
12319
6343
51328
769
776
8025
1826
36935
12746
7612
20876
7902
2976
8427
3227
4903
21267
8178
38985
5454
1549
10495
3564
16835
128440
23780
9948
143113
58764
19443
44932
68252
3400
29242
46497
28047
5879
25176
22540
22287
14193
6248
11636
45618
8655
2781
8536
66158
18114
108528
60114
10149
8752
8764
28011
9762
1366
1429
5972
39796
12107
144345
7727
31790
31423
8715
54990
67455
13473
72258
1578
22449
141763
50122
84937
8270
50279
35133
11805
110163
147198
4574
144267
31018
18960
54563
10065
3909
21217
33597
8724
8766
30369
23227
12152
126317
4420
138062
23197
12277
12661
17764
1003
3052
25157
10051
1334
48894
13053
8030
7420
8873
5851
9895
9904
3598
9726
761
10173
19832
10393
126682
4664
1290
3891
24768
52398
119703
10473
106638
40432
34094
26757
2779
2157
90763
2943
135452
14379
10672
1339
13683
3934
26382
61131
2977
6214
5027
151947
4220
21209
3950
877
135297
3798
11749
754
51194
18331
10012
30516
6699
753
756
65377
4567
3044
6226
26726
37301
10007
681
688
78423
6519
6948
15780
4219
3012
81988
14906
25083
4892
11242
38170
3115
10102
32759
29145
1374
3164
119409
141876
9772
21402
3787
2411
4280
13745
16258
32127
83363
17323
6642
4609
4444
734
2360
9003
27988
78835
1589
43501
53655
11666
9134
7065
4782
20060
138991
3864
10037
31258
29285
68705
4375
4182
834
10054
82369
3148
10273
148525
31486
10551
19932
69481
36401
1448
7044
63328
1391
742
14028
5963
9942
16104
7430
96820
96830
1847
8878
10269
97148
1549
16580
55764
1153
1158
6985
56206
20064
20316
9171
20265
97944
21857
31617
7267
25282
4683
35706
828
9483
4379
15855
5700
6393
7821
7367
6442
3321
2928
3893
9349
15405
2132
14814
158227
3883
854
19163
4040
3863
6221
1789
4518
35683
12403
11836
159815
12555
16521
10245
5304
10263
12165
65168
1014
21935
10259
99660
18919
13725
7231
48929
42531
10215
17361
43150
1019
20260
770
768
9449
3750
22493
1293
4377
10261
22729
51222
9147
3276
156854
10117
21843
5712
64662
23027
18716
15432
6038
160426
12859
3675
22138
14947
45216
23639
19165
23706
22509
3330
6378
18970
66258
19585
74291
6794
65867
45937
4584
1665
21215
46123
3342
19726
3290
6981
25960
4219
1637
45201
7267
8356
6729
3775
4125
94833
25185
36464
5820
926
931
24047
3099
3451
164520
12481
4603
20205
13210
1002
8224
148884
953
144869
3636
7282
5099
9388
15287
18227
30756
37711
23010
765
8704
11879
23061
13493
1295
9335
17798
5120
26967
8096
3877
20782
1093
9847
9847
6416
7291
16753
2749
9931
10184
105182
31535
137752
3794
3795
6872
18635
1134
1715
12043
82282
734
2268
6451
46261
157324
6792
4761
93960
10915
3720
15324
11809
1269
27224
8017
1039
49045
109617
7188
8144
105789
4885
18493
80116
4792
7751
7772
69003
29451
26239
99120
5783
136783
24244
3268
6840
139732
105517
3963
5240
6026
20726
3718
11384
7728
26841
12431
43034
1261
5913
1437
12800
12802
4310
3430
3689
12978
3423
6203
13390
19689
23802
3811
3828
79261
119750
1380
4334
89661
20747
30989
22170
22221
8825
10223
89483
5439
99289
9704
22571
47922
12021
3963
9990
20394
4185
14168
6582
42219
4288
1719
4647
62571
19317
15082
18548
15074
150764
19652
83522
929
848
106390
9739
148751
38116
17848
4629
18244
6544
1621
4272
11216
1681
999
3127
8277
3760
38554
72386
12200
170161
4428
50725
8025
30589
96582
96585
34136
38746
27168
9765
96764
12765
11011
29183
6899
991
96961
4728
4547
92205
7621
4134
111947
12708
12796
4020
6572
9903
155754
117810
13290
5040
761
2758
119960
9873
13875
170050
803
22721
913
10932
18121
166663
65023
1481
2950
13015
12773
2759
10024
11300
3279
8005
30437
26889
14824
6108
23532
14847
105834
27052
3974
7399
3829
6607
7664
11697
14580
16706
10871
4350
1531
8727
19284
3138
64600
7518
3609
3610
10163
10181
19919
4973
4997
10547
10574
1055
9491
9455
7504
9804
48788
7562
5112
4591
55448
6348
3985
11784
6897
11800
16842
695
699
11543
10376
13075
4114
99512
29310
6140
1161
2142
122372
18923
4916
10445
5310
9976
3854
985
7002
1316
7596
8063
21650
16986
11435
14220
2792
109187
30396
939
22431
12861
166330
7697
33077
1307
3294
67528
47767
3208
3541
4111
13571
3867
17612
7341
1301
3049
16287
53703
1647
15191
3875
37722
24294
952
4774
31611
32181
33844
108650
4658
778
10057
31956
19659
42263
27863
71483
3141
21374
115553
13960
13960
13244
10387
10392
3996
15030
6992
24790
20175
4685
29929
15250
10315
769
774
6354
9650
72753
18610
4088
28352
53828
10300
104149
1026
1031
157285
8128
1271
5710
15897
15197
21175
1045
2744
3105
7117
16070
64094
25657
94008
4051
21073
6577
3893
3982
23840
5863
807
3797
12535
7804
3118
6975
5433
4709
49662
11334
15669
6009
176732
3226
10028
148837
4276
8700
118465
177307
10304
13496
1313
3486
3492
114847
50858
78552
3690
3672
3674
3683
14089
4260
4159
4218
5513
6922
6933
16185
3936
9526
7225
26076
7192
6665
95449
9789
873
882
938
11967
3319
5924
48058
2476
6935
901
46441
2790
19354
1483
163413
6344
10603
1234
3219
24599
7862
949
1066
1299
14900
6983
112332
5393
4924
120526
5678
39783
7443
23084
5682
17577
7206
153677
15489
40257
37356
6209
5069
13316
4368
16987
6504
3915
102415
2871
4287
23742
96718
6917
9946
27275
16027
6924
10435
23770
7233
7340
7273
3767
3774
3777
16181
12196
4051
17329
118736
5359
66915
22939
119639
15699
837
146045
5279
25597
4651
1319
19101
4055
9878
12009
3932
27706
3132
4947
2512
9539
186520
1327
831
4423
828
8477
9801
5112
100658
4923
3942
2347
1226
3956
1644
7614
992
6232
20614
60012
41449
2110
1116
114910
13734
6760
17746
1876
17810
13258
936
10826
952
3858
6696
24739
4265
7205
18139
20530
6232
7277
1278
162958
9700
3387
2815
4809
6533
7569
5012
12949
954
2610
9642
17037
6356
4307
14157
9064
6850
555
557
53341
728
3719
3729
1255
3743
3788
956
4004
4025
4227
4236
7430
914
917
12898
980
180724
6491
104833
1071
3825
18715
9705
111210
3172
124648
4020
7004
2979
4548
9865
10742
9675
38393
1301
5044
1653
2213
9885
1231
3907
3923
2686
10164
3783
3791
3847
6300
6809
15632
7039
8869
4229
4236
891
5753
10493
4089
12880
106300
3185
6005
4571
7819
4369
4383
35727
4395
4544
9538
14903
4656
7782
69599
95512
17795
10701
14248
6115
2001
15670
6427
963
5742
5789
139951
6006
9085
5684
4009
5991
4736
3671
2878
39045
9920
6198
174946
19017
12739
9034
77627
15698
2986
53602
7770
94923
26009
6149
12022
3607
25037
16711
4809
4592
1063
6240
17805
4315
4030
4445
750
16309
5985
11431
5803
15155
30417
13227
1075
4440
815
82783
4662
14350
10609
3085
1380
8824
8597
39730
5258
6085
918
4577
131165
3013
6529
6733
18829
9998
9751
10080
8757
2748
952
9854
2501
3230
199889
35005
3553
20265
10171
3584
3741
3864
3741
3762
3763
6051
3975
1132
104780
705
707
11729
5067
3674
144746
112868
168759
10856
3914
3935
4778
4172
4194
805
807
12226
4748
80249
4378
50872
9875
5232
5192
27482
1383
4547
5463
5047
7729
46790
3402
104907
6824
1066
1685
5703
5470
41705
7120
3589
1170
3969
1593
14755
12028
4039
6651
3639
7313
3761
6195
11818
7131
650
3263
982
910
4075
8362
3319
5683
122330
6175
73381
4130
1554
3852
23521
732
38538
1767
799
8075
15724
3989
3991
3997
6367
8184
5379
136601
868
903
3793
16241
6426
4658
8905
1227
1233
3974
6264
6723
8772
6410
3040
17824
6474
9626
9629
9649
1023
47141
5812
9810
2142
22906
822
858
9680
3658
10017
3679
10038
870
18514
4285
7859
9751
9766
11099
7306
1165
10037
16053
5558
4233
35771
746
10714
64948
8081
4026
3409
847
2803
10716
3759
8156
4938
740
741
1584
13196
875
14114
4151
7128
29923
1295
11727
4214
1064
10402
10046
17565
975
2128
18674
9941
9267
3670
991
15365
18907
8459
4893
12010
10003
10004
10032
4882
10053
8044
5905
19420
1142
5336
10721
10373
15213
5616
11034
7265
7271
9398
186552
3935
11146
7080
198624
4045
7843
1560
7737
20919
6805
3791
4392
2570
14544
14818
4784
10726
6210
3372
4588
2951
22620
1291
15253
1022
45941
4193
3240
12484
30436
1020
15598
3727
862
13226
15790
22360
18931
3984
682
1678
7265
3984
4226
9829
793
13264
1477
2789
24791
6323
19330
695
3632
1420
5268
3889
4837
1920
4078
10911
14221
9938
9939
15005
24157
4628
208868
10273
7686
10203
5752
4729
92676
126770
18007
6723
14044
6227
5486
5313
127879
16027
16034
4084
18652
18664
213725
14629
3900
873
18849
6231
6238
6251
18889
9727
8947
6070
45240
7195
4834
1039
1359
26276
3106
66944
13746
9865
13249
11505
11445
6110
20686
1484
5901
149006
4576
9629
21138
4294
894
5189
5160
7208
7324
1402
4845
9851
18813
39053
19405
9201
5111
8931
19114
3978
11642
15432
9157
22048
4398
41418
2991
792
10223
9975
5247
813
9693
151140
1163
3782
10512
20055
4912
6897
185590
1036
2877
5295
3871
7552
7003
6854
3548
10127
11957
36873
17945
6371
11791
3779
3787
1584
815
24846
12075
10555
24636
5731
4241
25067
20955
12537
4524
4538
15034
218709
12809
667
13283
8681
4096
3991
4361
1947
17332
1800
11797
1148
5661
5444
13966
1024
3948
223049
6105
11389
2076
5979
3369
16241
7962
1083
1092
815
20764
661
1329
10269
3915
815
7468
6118
4240
4084
1061
3202
10625
1224
1239
3934
4522
1337
610
13005
831
72359
4086
212035
28566
12360
2822
1507
1788
27717
6834
25673
4845
3711
990
2042
984
1027
2208
25987
5635
3803
3805
1285
1611
925
26442
22465
9027
5417
4257
3076
753
14456
948
17497
748
4280
8700
7084
219679
1225
4583
6075
3999
1333
1538
6214
975
1536
41998
43671
9243
4468
226272
9863
4589
1328
16806
9665
12506
5042
10201
3653
3661
8214
4029
2993
1313
18774
3852
9150
4128
829
1178
8151
29926
25048
4716
718
20694
4258
3740
7433
3086
3982
1889
12132
4379
1229
4617
11610
4540
4322
2691
1636
11912
1640
5658
9113
7821
7860
1090
185157
4316
4536
11881
12468
8472
698
1164
55752
47246
10917
28017
3535
1183
114931
2857
3145
3147
8817
2749
35571
6875
1724
3361
7210
230547
4350
10415
66145
3917
889
911
911
31452
4542
6454
6478
865
869
870
2837
6779
3818
5647
1034
8065
22845
1534
985
1437
7691
2955
36206
12859
22598
3722
3728
1868
56396
2651
3878
6894
4311
3949
6639
4288
2547
3320
2885
1742
1740
204481
4103
96456
3036
6203
12249
9955
46162
9172
7488
3988
9124
727
10193
2821
6179
46413
1024
2988
3914
6386
4188
4185
6763
94132
7405
36731
687
4535
827
908
6058
7018
912
906
94400
10162
899
750
11621
4406
10484
604
43069
1506
18876
11734
1570
1584
27025
11707
12021
825
148490
12190
1687
1882
1075
4516
19255
5426
857
12323
1083
95859
3784
129150
12731
2455
12900
3852
38146
1721
4984
1161
10872
4913
10896
6901
3644
8787
1061
111417
13420
9841
1393
4407
36841
3077
3748
794
801
775
619
3974
3943
7711
1024
1671
1025
6144
4789
5297
610
5608
1220
641
1150
906
927
5400
1261
1086
13056
2887
1212
4143
840
1236
785
790
795
18866
3958
845
2579
1468
8486
1525
1546
717
721
1221
9005
9171
1750
43120
1849
966
12213
5662
4378
6006
1276
32339
16493
1384
6159
11580
2797
2824
3278
1026
2733
3789
10400
1294
1317
827
2446
3823
3849
3852
2679
4246
1200
1718
884
5069
667
1702
961
8673
24940
4156
659
6602
918
3693
4378
4408
7870
17121
4298
3955
4305
773
774
4722
3508
14394
3108
2556
93966
4591
927
928
3702
4567
12079
11363
5095
890
1833
8602
22540
1266
2330
17570
3871
12878
1462
1477
5720
19464
5990
728
4645
958
6064
43564
6180
1970
5643
877
1249
9781
5041
6170
766
4423
1746
5758
5212
4775
6392
6805
6317
10578
3742
2053
20159
7289
246045
4386
18977
14798
3261
7693
12318
20384
7804
731
4433
36355
3821
12573
3343
15148
3024
5512
11789
6098
720
969
1110
4762
9101
7341
5776
5091
249062
6896
4673
6082
4517
4194
6386
1897
185508
5245
4752
1613
9946
214141
4722
6577
10377
2626
860
5704
1011
1456
41950
1324
1837
1764
1718
965
6826
4037
15507
1459
3586
1206
1217
3882
3892
1023
3769
8685
94430
873
742
911
924
674
2626
1252
1296
7639
2505
4687
4841
1599
1621
1641
1651
19875
12723
1928
6905
2803
221504
3011
3109
5287
1131
3573
18219
22063
4269
163974
2913
2304
892
2502
7946
4246
1102
6794
921
3528
2890
1720
924
4409
4960
6615
14925
3878
907
916
918
919
615
2266
3749
1223
787
10517
4316
5659
12500
1548
4792
13367
3834
13492
2286
1386
6292
4468
14263
5625
851
3797
3798
9539
1328
16203
1573
45605
188880
1255
5703
6103
1414
1424
7580
6986
9028
5785
3850
26542
3591
841
22141
39813
930
14883
41084
3149
15171
2813
2817
9684
1276
14211
4301
1327
4786
9939
5471
1583
6752
8267
10173
10185
7595
962
2019
4849
3624
10611
935
6846
1311
5217
8126
849
8209
4111
979
1278
3038
12779
4282
3617
926
1472
4632
4638
5672
4117
1742
2961
22900
5656
8365
12359
650
2230
828
206685
9706
3289
1247
2269
9524
1212
1694
1004
4892
3702
3496
1462
3249
690
691
886
5844
1743
3977
1563
2647
3720
4800
50775
6414
1111
750
864
3962
3965
843
875
838
6045
5864
11833
711
14935
2826
5013
1804
8480
6289
6302
1249
15155
10256
1192
1203
749
10322
984
15337
2930
1291
2113
11062
5818
933
3910
22565
1153
7379
3791
822
6895
4269
5321
4288
4389
2491
8670
6302
6313
1127
13392
9877
634
645
2846
8850
6597
6614
1332
3261
13345
944
3137
758
10466
8492
1062
1068
2803
6946
6991
13610
1172
5301
4294
10245
7150
10299
3052
5387
3238
22781
3607
967
10497
902
2833
990
1125
3032
4404
5973
11443
14822
784
787
4881
843
24096
5592
9704
1336
10314
11239
4120
7178
3774
5031
15520
1830
99633
252938
4199
5914
12901
5066
6361
4826
3142
5965
4436
6010
25718
20625
11823
1256
5909
2204
10560
3892
800
1255
1430
4173
2690
6993
5999
950
9347
4443
11297
861
14708
12380
1156
1238
9864
7207
900
910
913
917
8813
6631
6009
1494
1505
15151
1207
1216
1217
1236
50069
12054
3343
27657
1769
1780
1806
22458
816
823
3139
784
12587
1922
1085
9837
10941
15958
15959
3430
2914
2956
2986
4246
4060
4165
3046
3843
2484
1319
1897
11525
3188
4548
4753
14922
16592
3261
3369
4033
1063
2631
2904
6735
1657
8633
911
3636
3664
3216
8461
2072
6088
4951
1534
3425
552
3989
623
1227
4233
10384
656
1176
10924
1641
724
1392
4569
1234
4626
908
4385
4382
893
17411
1507
1847
1203
1205
925
4885
1778
8335
21356
1710
4679
10067
5771
36340
1479
1522
2655
243043
18575
5235
582
4768
11292
1781
727
3284
2491
820
2902
692
9087
7591
838
3873
558
561
267496
912
749
759
770
2304
4592
2853
6184
925
5708
4401
833
5981
1362
7375
4837
1163
6210
4621
4049
6591
3687
1214
1354
1741
5311
5531
3611
3623
3688
3008
4068
4080
4097
4120
4326
3337
4039
1243
8661
738
4244
789
1005
982
2635
2647
1206
2704
1079
20072
1342
22065
3213
36620
2119
7229
1378
869
1027
2985
1543
10502
5982
1769
7465
1132
1605
3893
1048
640
1384
4016
1346
776
2602
4628
2673
938
848
1657
2449
1497
953
1118
1374
1006
748
1406
1004
3139
22045
1338
1654
2013
1188
1339
4282
3994
1324
2211
1855
12573
1553
3396
2894
980
2988
12287
1913
976
1119
3530
3685
3697
3669
2793
224197
158673
14647
4123
4123
4147
4168
3733
712
716
718
14944
134988
5566
954
957
1004
3455
932
781
782
783
1208
1355
684
1863
5227
1032
877
1050
11283
1473
3959
1534
4066
4710
26317
1753
800
6425
2938
3997
1233
1078
3618
984
806
1685
825
8518
2802
4992
2906
701
3696
1239
1827
2909
6512
1460
1467
69765
6845
2971
6785
628
5590
4389
7254
1957
825
1043
4255
1049
4266
1987
1651
5105
12076
855
953
4578
5147
12596
993
994
1220
1625
2025
2774
3991
4887
3730
3874
3945
24490
5196
1207
4197
846
4449
4456
694
700
9351
4456
1131
955
4672
658
6084
1175
837
1385
852
853
859
852
9955
1428
1451
4936
7551
1433
10177
1118
1859
1135
1153
872
11949
657
3057
10474
1742
6050
1767
2152
1517
2754
11056
766
1194
1595
7394
1462
1410
2958
1855
894
2896
4144
3335
3056
1271
1118
3515
3240
3746
1098
854
2262
2206
9897
11023
950
637
743
1107
716
724
729
731
3688
717
3885
3516
474
476
4317
787
2894
4511
3732
875
1496
170257
1010
4191
1077
1107
690
645
1270
4542
2668
2060
1751
4667
1367
16548
285216
5277
1324
4918
2433
3157
3972
2641
11726
5186
2937
2799
1100
1033
2899
1027
5764
956
3100
4239
1756
660
3884
717
1436
899
845
3516
6797
864
2842
4497
4584
691
1134
1065
698
699
1650
1124
4404
2364
3099
1254
657
1835
801
6581
2593
3173
733
742
762
6802
3300
828
1619
1177
985
986
993
997
1020
7031
3418
3565
3566
987
1186
836
1280
1089
1287
1304
1316
7300
1676
1593
3849
4197
1109
1458
1464
1342
1303
2728
1576
1501
1731
1283
3674
3680
767
994
999
1005
1582
834
1454
3915
815
4137
4370
4372
4358
4402
1371
2129
9211
841
1308
1674
3551
93981
1282
3932
9753
2743
2746
4949
3029
4665
7394
3987
1165
827
2160
2065
2047
5778
907
4924
1139
10571
3506
6740
5985
2772
1041
2654
886
855
7983
8466
15026
3212
908
980
5736
4600
1345
1059
4687
1223
3275
1876
925
1238
6684
1002
1003
4558
1084
6831
14612
1000
953
957
3767
3912
7005
933
2080
630
6195
98035
8811
920
682
1114
1085
7614
7623
1430
4565
931
942
917
953
849
7466
3385
1769
1485
3916
615
3929
3961
1224
896
1535
1540
1578
1596
1464
1600
2392
4286
1159
1125
3303
1934
1431
5718
4668
1367
2108
1178
3036
7012
2244
3277
1652
2439
856
13504
9684
10684
1398
743
5528
1839
3127
3863
943
11373
1283
4131
1274
11632
866
1224
1219
4438
1641
713
2975
792
796
1422
4856
3300
12914
788
768
1022
1011
735
12717
4532
1049
1624
5499
948
4317
3409
1256
1262
4638
2624
10039
4658
730
1710
2244
894
1176
3803
733
1728
3539
691
7412
1455
872
1254
3059
1222
2198
2584
1487
1165
5599
3984
3989
3237
989
272676
4301
1587
1696
1841
3859
4638
5206
16078
1203
1220
1097
1427
4249
842
850
11400
931
6609
6616
803
8550
1496
1370
1376
838
2303
577
643
7291
1333
7022
1609
1799
1830
905
1325
9128
765
4092
2224
980
635
767
7113
1213
1221
1229
10346
1156
1094
1538
1544
1570
736
1241
1438
3235
3381
2315
1107
1334
3748
3149
635
9117
3857
2828
3105
627
928
1044
2731
1371
3437
1046
758
1006
4840
821
1226
4128
5151
777
3712
5316
1615
3530
3542
1188
3860
1108
3887
894
1510
3779
5738
3981
606
3991
647
991
1067
2522
779
4413
4740
4117
249297
3800
670
4113
4902
1351
3914
5185
7223
1768
1228
1301
1160
652
5472
862
306975
1234
1155
4527
1142
3877
2382
2570
14765
616
2587
4897
4611
696
565
762
3859
766
3860
3861
769
967
3654
3656
3714
3723
811
712
712
829
838
3978
3979
1328
1337
1332
1183
8400
7382
4453
3781
1182
889
7702
4798
2783
7939
5141
12676
2673
1630
995
5719
1012
4006
5597
2942
2940
2717
4914
18703
5340
709
1668
873
5516
1432
6686
6689
6708
5035
1842
900
826
17293
3919
1086
9730
5198
4066
3891
9594
9883
3874
796
816
4477
4485
4495
4540
11788
7687
2048
934
836
10458
4892
830
2871
3352
4286
11496
1353
10910
4629
6386
868
5907
5907
5908
5938
959
6013
3946
761
6253
8187
1029
3654
1641
1463
1037
4211
1050
19243
3918
9712
1443
12182
6932
2297
1095
980
4365
7219
4606
12949
1816
2943
2751
3847
7497
4235
963
14792
837
1211
1224
4332
1237
3339
690
4220
1549
897
2734
692
1251
1362
3216
923
2020
959
962
5854
6031
1178
931
933
22149
936
1501
4205
1335
309980
3483
2852
2558
883
11074
5507
5711
3553
1149
564
4903
565
4112
2371
15657
15661
988
1938
1142
1282
1334
3970
1213
3847
3851
3865
10394
223856
16126
4444
4247
3015
5094
2154
3034
4328
4130
585
2165
4464
809
2001
3572
730
995
3686
4726
3715
3717
3759
3928
3932
3940
3959
3966
3989
3829
1323
4250
4254
4273
2748
2881
3112
11933
11937
1545
5732
3562
11993
4548
4266
4606
320298
1073
4724
5753
2399
644
2205
9732
2218
3328
5070
3445
3522
3460
4607
967
2449
793
10066
5201
10234
6469
780
1329
998
1759
1050
10727
4429
7216
3583
7323
1174
1349
11318
799
6201
1422
18549
7833
1391
2009
21932
14757
3952
7518
5106
4058
944
1556
1224
1238
1430
4378
9501
1532
1573
21971
944
1231
1923
4881
1802
841
1438
863
863
4294
2740
7028
22653
3182
878
872
911
920
7233
5003
2941
2960
11585
1252
1016
3141
1111
4294
1073
1074
4181
14223
11450
3995
3052
11626
10618
2232
3403
907
3895
3896
1588
1885
1654
32370
6160
4237
899
646
648
649
650
678
1506
1193
1215
1223
4509
856
1394
937
4723
4403
3579
1543
959
1179
870
876
878
1833
2233
5206
12505
747
5509
6796
6833
1213
2422
22393
1306
979
2532
2185
4569
1230
1507
27773
6287
8685
3530
2681
11106
23822
861
2068
8574
776
1583
1096
916
1193
3692
2386
5055
751
828
830
13383
27049
3690
2850
1052
3627
9578
937
1109
3809
5900
2775
546
548
3718
764
681
13071
778
1155
909
942
4114
956
795
860
13569
1196
2839
1120
1115
3632
755
1164
1051
1176
1490
1483
758
1505
918
938
37101
1171
1190
3890
3891
5730
1261
1152
1593
1626
1280
925
752
1133
4554
2123
2170
1152
1344
1208
862
863
864
590
2239
924
17863
3045
2970
1524
975
900
1981
1530
1151
15260
971
3587
1403
1426
1276
2715
883
2138
1820
798
1609
724
730
1014
918
1481
2474
2960
1230
3083
1147
1164
1749
686
694
1048
1015
799
1932
1495
924
926
956
875
1025
993
2753
1746
3084
1324
1633
4379
1404
2139
1912
731
1772
5713
916
1225
907
4105
1338
795
798
1205
1408
1045
18714
1298
1299
1525
14184
879
937
4725
18977
1159
1662
1686
2245
1489
2016
2631
4641
1737
990
2312
3366
1636
3736
3026
3307
4107
3817
854
1439
1649
3098
760
764
766
33558
1628
1229
3585
13611
1236
1276
849
3937
3853
1492
4048
880
1699
4292
4142
925
1324
1263
1584
1780
909
964
969
703
703
1027
939
1971
944
1462
1926
1279
1283
1504
1935
8329
1497
9429
1519
1869
1760
1778
15888
999
1320
6008
1301
1308
1000
1351
1066
5408
2764
1607
1334
2992
3004
12828
784
10180
904
1643
2421
754
3622
1379
635
644
811
1331
764
1632
3901
655
844
847
3992
2889
3163
819
3930
3930
3938
3938
3310
3667
989
8832
2495
1298
9386
5254
885
886
3288
1305
2489
810
3555
829
4300
2775
5966
2384
1059
18822
679
3888
764
11971
822
771
734
1035
6568
5127
1062
5149
3132
166257
6905
7159
2967
5575
5952
2918
1621
3045
787
3736
7258
756
1810
1984
1270
4360
1216
3628
1187
4583
11851
7514
923
883
989
2384
1007
6050
6098
827
828
833
841
2637
4514
4426
716
619
649
658
1618
675
676
678
683
12695
1853
6555
917
919
3005
3022
2502
1097
1130
1143
880
1345
8241
518
523
525
19493
3331
2079
5746
2132
1529
1572
3918
5508
915
921
1603
6406
2093
1114
6242
1723
991
997
999
18192
1121
2958
2514
1484
3780
957
688
1148
1155
1649
881
854
1232
9938
548
886
7339
779
794
799
2580
752
634
765
10219
4075
1102
620
1089
10516
10522
10540
1317
832
1358
353869
887
2755
2240
1766
13417
1672
2215
1708
781
6976
618
807
1917
1897
1043
2093
5135
4444
3095
1347
880
562
583
1568
790
801
1321
1055
1850
1472
1488
1513
1891
3711
3722
3660
3663
3665
3729
3673
7100
12975
3907
3940
3899
1740
2175
1046
2020
10471
4485
5071
2540
5334
2586
2734
1165
4558
4705
14002
1552
3333
1374
983
1013
2921
1510
5795
170730
973
2593
1048
6364
1272
2726
6167
822
1253
1398
1044
1245
1085
721
708
1046
3517
1462
6834
2820
3473
7145
761
762
1025
7882
782
2932
785
7551
2326
1122
3756
1398
1207
4456
1007
982
829
650
1158
797
432
4868
601
485
632
822
604
617
621
644
648
730
554
902
1100
908
4462
960
963
817
7212
1236
1259
748
1274
4509
1077
1257
1856
1699
9768
9903
5393
1757
10172
942
658
2487
940
3608
777
1423
924
1630
1770
2922
2229
908
910
911
786
1346
1512
569
1515
1028
929
467
510
11991
547
548
573
1878
1258
1066
1535
2054
678
4498
685
12385
2885
1385
734
752
752
1353
891
1463
3859
3861
1089
1552
1354
1391
1703
1744
941
1798
738
937
938
457
2658
1704
897
1235
704
2808
3048
2110
3545
916
943
3348
2137
541
1469
1199
1213
6367
1422
3257
2399
1278
1450
554
555
558
566
568
570
2352
863
652
3695
648
1066
649
1031
1044
1101
934
900
888
4130
3951
3953
3957
1256
1260
4233
1487
4431
1518
3046
1779
4701
934
3408
1054
1950
3204
1311
1322
735
2417
2428
3950
3951
3955
3964
2631
3924
908
909
687
4035
4156
1178
1194
4200
4319
1377
535
5883
734
5939
511
885
1129
524
679
1426
849
606
607
3188
1066
4437
886
4358
1140
1159
940
7356
4280
4468
1127
1313
3148
952
901
899
1562
1285
1120
6607
1162
1290
6712
1316
760
762
1450
1786
955
855
856
866
3999
1077
1507
739
742
743
1320
951
965
970
755
1618
1239
1238
2815
8222
1578
1593
1904
2236
2780
2657
1536
4014
2574
870
1489
1462
3243
2835
1265
2876
433
436
2718
651
659
7165
2632
3471
1024
1031
906
3915
3917
1463
1420
1334
1732
1492
1903
4803
2229
4826
2253
3755
783
702
573
689
702
705
1126
1335
971
978
2079
6596
1339
769
770
1568
1356
754
761
1571
1659
1243
772
2659
1028
529
1198
525
838
666
928
1520
1399
3593
17505
1181
433
437
439
627
643
808
1771
955
1824
907
1889
930
1243
1603
1258
3482
894
544
1728
1076
1810
1297
1997
1859
653
2990
1278
1775
2344
1389
3799
3832
1526
1068
1388
4140
4355
4433
4443
861
862
1095
813
4831
1166
1177
5021
5039
5066
5352
633
709
5765
3807
5537
3288
1880
1742
2803
2163
1329
603
4016
560
562
586
11557
775
1654
734
799
817
823
953
1070
1079
686
1520
1424
1668
939
941
961
1268
967
1216
1230
1809
2344
4254
1504
1326
2797
1045
2050
643
3363
4482
1122
3010
3464
1757
870
743
1318
734
3022
915
28152
1695
1255
2872
777
474
4469
686
4798
2264
3506
585
918
1083
822
669
1371
1865
2052
544
854
1082
1096
634
1752
1157
1159
830
481
459
670
544
862
1468
1709
967
977
2501
691
2025
2135
990
1030
3325
2431
2384
1282
855
2876
1792
1265
1879
1722
2114
689
593
830
11514
1326
4143
2369
869
1400
742
1192
1094
1326
1281
885
772
1460
664
666
667
671
865
932
871
2185
253702
831
831
834
837
939
516
2983
1251
621
8537
725
725
729
733
733
1103
1292
1310
1326
1676
1335
849
1007
1008
1013
572
1197
583
1674
8422
1658
1660
1258
1991
5404
766
1857
3033
2672
966
1103
651
1438
1446
2400
2097
2495
1244
3104
2524
2527
796
1288
1014
3427
1579
3220
1006
4032
1767
1623
2540
2386
1954
2077
3821
3826
4027
796
705
726
731
4090
4109
782
1051
993
1004
1631
3459
4412
3993
1442
1095
4752
1289
1296
3776
3776
4747
929
1137
805
1903
912
1907
2144
1356
6771
1185
1867
778
395509
1088
2678
752
4212
1672
906
922
3090
2501
2677
1026
767
805
877
878
879
635
2471
1133
1771
2366
1466
1413
2175
1223
3011
675
1266
6349
887
1162
2149
1338
1750
4095
790
730
821
3883
1771
1905
3287
1328
1400
2081
901
1362
764
924
9457
1333
690
898
3760
4478
6628
2728
712
3108
1369
5092
2147
902
1296
1318
5872
2550
751
1137
699
2315
7289
1028
1145
661
666
1625
1551
6547
682
1185
962
4230
811
1268
5510
1105
2743
1201
1205
1226
1439
1373
11391
1652
813
3775
786
1843
1134
1437
3751
1107
1136
2191
31906
4125
1406
1396
5763
4616
940
2701
5972
2765
695
1802
955
598
1091
4765
614
3161
413
3322
525
3545
592
595
598
733
3671
406365
810
11738
1009
1306
1356
920
725
2033
812
1446
857
410942
7274
1306
585
3606
702
808
904
11228
1052
714
4537
616
617
746
728
1487
710
792
799
730
806
814
2013
1076
1079
1131
907
678
876
1387
1421
819
1222
698
1458
1266
1444
662
2055
3017
949
960
2233
2281
1779
799
803
2144
1960
934
1611
2870
1030
1943
1419
2650
2446
1377
764
1575
821
4063
829
727
735
842
1063
2556
1098
2611
4464
4017
2899
1074
1704
1724
1089
3444
5600
2330
1794
2556
2680
2697
1317
896
903
3128
1605
1496
3604
1405
1898
1699
1882
817
723
726
4450
7119
2747
6998
995
1329
775
1127
1468
635
637
608
1925
744
749
760
658
565
981
851
1289
1302
6303
1191
1158
1093
597
1500
705
9395
1595
910
365339
1609
5459
3562
1950
603
512
643
916
519
531
1617
682
4020
4322
411
533
534
889
889
304563
923
437
626
628
986
1098
6086
798
622
673
1271
3110
1360
1375
3627
839
1278
1564
1698
780
421999
741
839
1068
1108
1126
935
947
952
956
960
3757
1450
637
1623
1406
7798
1744
1201
661
1044
880
985
1197
4472
978
371
382
383
399
556
765
546
576
589
639
1128
729
2277
1016
745
1271
529
676
963
1044
761
1075
1268
1356
1094
1110
592
1133
1386
493
738
602
37736
1532
1172
1117
1364
1401
1459
197804
1490
1122
981
765
1195
1978
686
697
703
2284
1438
702
812
827
838
2873
1233
960
910
975
364
933
934
127
184
235
354
368
1592
1336
422
450
1301
483
1403
571
591
592
594
599
609
629
1691
773
864
1890
930
1079
1173
1224
1158
1185
1189
1196
1340
1449
1493
1262
1750
1344
698
832
1268
845
2315
339
1273
2658
457
430
818
3836
1144
2879
3884
482
484
498
3177
3189
1044
622
438
441
737
739
490
492
3415
262
268
275
1167
449
2611
898
2632
305
281
287
304
2858
202
203
1187
389
441
441
405
375
601
717
481
876
717
1068
1145
862
746
735
43
54
1114
715
723
194
377
982
402
899
914
490
493
494
499
500
504
508
516
521
538
546
1126
423
428
691
693
693
701
726
748
765
771
926
499
505
431
907
644
926
685
704
978
1027
553
1040
1190
445
1333
1372
1403
1431
1450
4326
642
2040
922
2369
2380
2381
861
2468
445
890
593
207
239
270
202
2737
414
172
350
177
511
519
350
390
3114
392
968
523
726
1099
2496
754
808
446
1023
408
3374
390
400
2716
501
184
186
584
609
633
653
743
775
3942
385
387
404
951
641
521
539
429
1029
603
639
357
909
411
1084
626
591
547
692
6412
861
280
48
55
59
65
112
130
149
174
627
1389
2807
308
325
320
321
409
656
388
390
397
415
427
3063
1151
687
1180
846
880
907
1381
1211
1221
760
1404
684
1907
952
1536
841
3442
3443
3445
243
1771
301
441
684
10112
311
401
321
333
681
444
379
383
3748
1075
656
4414
563
844
1408
717
584
586
1761
594
567
1374
676
1410
653
1358
835
552
555
1649
1032
1036
1042
1211
452
903
915
705
408
287
289
1547
828
1268
535
411
451
495
7933
570
507
660
581
462
560
571
570
136989
2140
610
2314
728
567
700
772
792
858
894
917
593
1454
1005
669
480
493
495
525
1186
883
586
621
661
668
695
950
620
808
917
551
1605
808
1054
1339
866
460
947
675
687
692
1702
1730
1006
1006
1992
1353
1354
2627
1646
2827
1893
2059
3671
2426
1864
2386
3741
943
2901
2932
1515
513
705
663
388
354
392
397
539
556
4747
851
2877
901
1347
2186
1077
656
537
538
539
540
544
1994
3596
643
744
2145
766
779
538
376
875
1439
137
145
156
232
249
325
393
416
493
638
684
691
962
1353
1361
1439
1737
1198
764
885
739
746
604
714
719
644
528
148
1613
1715
2118
830
1915
400
466
1193
484
335
258
269
272
273
299
305
387
314
426
537
553
612
3028
667
888
717
420
424
836
964
554
465
1017
372
1164
1256
1649
587
1157
1709
1066
3453
3356
449
1440
760
470
248
3545
614
659
667
766
497
781
798
811
854
932
4626
837
1125
942
810
333
1783
867
1935
967
1135
660
841
597
507
518
1177
846
1144
53415
912
1518
1981
1387
1950
1444
1504
917
919
919
934
2208
1421
1610
1149
713
2628
1372
1357
1384
644
971
913
1567
502
504
1027
1051
978
1837
1891
1081
762
555
835
1534
658
832
2215
891
1918
568
296
556
1222
740
13003
857
437
573
646
178
208
390
486
366
509
606
584
677
349
442
602
179
1094
823
640
20739
407
650
240
814
657
296
312
244
252
661
1531
586
352
857
556
27
24
25
32
60
104
949
356
203
1302
695
262
264
413
274
353
208
262
421
823
420
192
553
117
118
118
119
159
192
539
975
652
476
705
198
196
317
208
334
121
512
286
576
288
647
384
203
29
78
306
99
400
357
423
692
183
211
212
246
266
277
324
359
370
847
455
481
521
561
609
1042
373
126
359
365
542
303
740
341
345
355
356
356
604
613
202
697
295
1157
657
830
178
208
211
212
225
282
293
294
142
1088
430
492
624
585
352
1033
358
477
187
129
133
1080
169
190
206
236
254
442
409
265
521
477
190
350
256
214
217
958
534
299
384
365
46
51
82
269
579
358
600
311
450
410
519
203
42
34
37
208
210
173
277
346
124
133
175
178
227
56
39
52
55
366
72
361
83
133
451
181
751
211
379
375
203
324
898
2074
261
168
219
228
332
356
548
1280
535
543
364
431
98
709
57
68
103
307
496
951
125
740
352
202
274
1151
982
205
1219
471
56
70
82
85
93
97
102
109
121
125
132
136
156
162
217
217
231
261
263
274
314
334
368
381
416
421
465
466
510
527
553
554
564
581
916
517
635
350
351
357
463
202
274
661
427
745
738
202
965
975
466
192
276
1009
290
295
57
108
430
156
194
490
181
1249
531
373
60
400
501
725
757
826
447
411
460
1387
236
568
283
347
348
665
268
512
205
312
409
202
518
504
820
587
142
29
523
40
1054
409
383
240
249
561
538
328
344
614
701
274
279
280
543
383
594
374
587
813
1027
1238
901
1412
600
1196
653
1814
412
47
35
535
574
580
532
450
123
160
442
34
805
39
45
50
89
90
105
138
146
213
224
281
519
494
328
946
410
346
57
800
309
51
56
107
115
117
378
202
270
270
317
375
382
533
569
244
446
588
237
398
261
1238
398
401
402
1531
538
535
684
985
1502
845
635
346
1898
1668
107
418
1315
772
1815
322
347
355
2007
74
76
415
2358
2613
422
130
605
641
699
521
297
711
903
909
668
357
366
373
375
376
1249
1091
1407
697
738
768
1721
1231
1988
2074
1509
2349
694
1618
1741
634
489
2034
270
3627
402
5165
877
837
44
754
839
874
469
327
964
259
259
208
212
220
228
230
368
233
286
361
842
352
370
386
491
1247
572
588
632
693
1586
1512
546
546
701
79
142
143
958
157
329
411
413
733
661
859
1511
426
348
1121
265
147
362
365
849
768
694
245
479
342
366
613
633
1095
760
446
594
533
361
444
456
461
25
22
337
288
1153
223
442
341
343
441
542
568
690
419
813
424
267
270
273
275
476
1221
331
779
1271
229
290
853
904
280
287
289
290
294
295
304
306
374
376
406
753
464
579
1126
659
674
709
725
741
759
382
404
415
416
418
899
1035
588
603
813
712
880
916
249
485
326
409
135
315
217
232
264
268
1483
464
379
211
167
169
231
245
1467
265
318
456
571
689
971
298
169
23
360
153
318
320
623
237
1577
334
334
214
239
436
624
406
408
416
424
533
437
389
697
287
677
556
418
773
925
1053
680
1142
258
820
442
1402
854
1501
1529
412
238
430
452
396
593
574
1230
27
26
173
413
215
358
249
255
258
267
268
269
270
262
332
345
361
417
424
428
436
446
780
797
106
106
535
467
422
346
653
622
917
272
588
330
493
2067
745
862
962
1185
929
259
239
851
338
1691
238
280
281
472
420
172
181
183
259
309
370
395
999
441
836
519
778
721
1250
532
409
333
336
337
267
448
549
483
1198
297
1499
440
262
272
358
465
333
341
637
401
456
198
596
338
348
348
582
591
124
601
343
330
706
457
556
1936
695
697
2145
2135
698
395
1366
1161
106
901
386
665
774
538
325
215
242
128
262
503
253
413
419
271
948
786
362
455
110
591
149
27
63
441
943
225
358
132
134
190
503
252
254
127
618
77
81
98
137
141
144
1192
168
334
361
386
542
471
410
410
102
156
353
198
202
204
208
268
292
239
355
375
399
499
561
580
296
330
662
207
423
211
720
228
519
525
278
364
1046
239
272
279
298
538
277
226
228
241
243
505
255
192
304
331
363
120
370
183
450
455
255
258
285
403
607
653
422
472
536
533
405
872
681
610
563
525
692
722
501
287
1491
170
181
207
246
248
938
266
800
350
295
299
410
417
255
561
580
462
352
338
885
271
272
275
290
292
302
305
345
353
401
414
519
622
661
858
923
1187
1283
505
1368
1193
585
743
592
230
787
341
500
310
354
482
355
388
1876
1884
1206
638
1740
433
438
585
169
366
368
800
893
938
333
569
461
485
1120
786
629
1606
1061
1068
3166
852
943
611
297
745
766
154
325
243
211
1012
223
226
227
226
285
297
384
3530
423
323
516
530
319
425
219
766
435
592
3177
3181
3410
3204
3220
263
46
3820
272
87
184
275
279
166
854
173
231
357
596
603
735
589
409
357
750
540
483
3514
588
601
746
1128
9418
1625
2382
1832
1145
1678
1975
1036
950
1040
396
399
571
542
545
556
563
564
572
577
582
591
595
603
604
608
611
412
662
680
731
570
772
808
839
848
852
857
900
911
409
412
416
2527
1058
1167
1221
277
1477
856
1394
1551
619
1829
1740
775
1803
1818
1383
2081
414
2577
2643
2829
469
2965
3983
945
3215
664
455
1087
3550
624
349
3257
393
400
798
3651
3530
610
3864
756
796
3826
937
974
4122
3968
1034
1433
840
1166
874
1370
4651
4520
1400
1142
4539
855
522
989
415
420
1287
562
591
1464
660
721
1273
12855
317
929
1124
254
370
1547
438
469
1266
1322
1915
531
470
263
418
690
710
275
364
867
2880
1476
341
541
1707
774
1898
1273
2771
1017
1608
953
7305
155
159
1468
170
1596
918
698
1213
1310
741
332
736
168
260
660
228
655
1887
994
444
407
390
410
662
702
425
286
424
197
56
266
267
28
672
401
329
443
264
569
670
266
86
29
797
332
246
1056
282
811
4959
767
166
167
706
316
304
315
874
720
41
112
462
33
262
53
360
623
635
839
244
252
343
1474
96
282
644
692
2558
2446
892
1876
273
282
368
411
2898
459
1233
3889
3490
3491
3549
3595
3601
446
761
475
348
249
3925
859
648
658
659
664
769
782
1283
899
918
354
1066
435
2923
883
990
642
3728
3993
901
1071
1084
3703
256
3738
2892
1594
292
274
276
8833
864
343
346
453
657
720
249
1017
824
8339
771
774
859
150
463
1351
232
9181
291
186
462
791
255
459
360
763
404
422
354
336
3493
266
271
285
370
533
3742
489
492
3830
3841
549
738
747
931
966
216
719
389
347
90
39
174
201
972
276
243
160
192
259
275
286
300
371
391
539
3706
365
370
489
478
215
604
277
434
284
351
870
872
261
343
599
742
645
155
228
233
2076
280
965
449
390
144
8185
811
32
39
44
94
388
413
509
817
182
650
234
423
274
399
309
236
232
250
252
253
468
262
283
286
300
316
6372
327
361
372
381
492
500
326
683
561
613
617
785
540
517
901
741
41
433
58
76
253
265
389
1217
391
466
497
570
587
496
396
550
1187
1295
1373
770
690
994
1089
1256
583
79
222
23
1463
81
41
657
887
284
1053
429
376
317
248
946
541
246
28
294
893
672
687
1120
862
403
904
571
346
472
507
609
715
593
467
702
28
30
54
77
81
85
131
223
188
333
170
272
304
330
505
415
628
549
354
936
610
1062
129
1110
128
716
731
348
207
397
470
316
409
665
522
246
310
309
69
29
73
144
173
316
251
269
1407
452
408
31
65
304
308
311
315
320
343
348
349
439
447
461
470
615
579
536
157
736
726
158
791
802
808
201
857
400
1041
495
498
1171
723
1322
620
416
543
317
1186
29
54
55
82
93
345
168
126
131
221
376
192
593
714
35
22
356
516
353
846
838
188
571
47
44
592
647
517
595
516
310
311
408
178
647
180
723
489
605
130
134
143
314
323
1388
527
357
358
462
463
859
929
2135
2156
4224
1406
29
2580
2584
4232
81
3861
93
136
96
176
243
1059
753
1490
451
495
41
98
1069
305
2908
324
329
515
560
345
349
645
647
163
767
210
212
310
323
144
358
362
250
393
220
341
169
371
374
407
932
608
318
691
279
868
1275
1512
1699
621
1066
489
1347
133
135
552
276
279
300
1487
454
429
603
576
728
325
553
1085
1111
536
1198
1218
8023
656
192
773
410
237
289
1412
321
1222
1274
561
1433
438
657
426
208
799
2858
36
898
795
1463
125
900
647
620
597
309
3679
409
544
639
549
1003
621
1052
192
255
303
357
145
193
225
251
272
278
302
370
504
511
350
356
369
1159
98
96
1083
610
1508
445
448
449
457
458
616
836
754
783
785
789
793
1062
1089
1100
1193
1375
697
990
1300
243
148
150
197
215
124
264
179
266
270
178
137
182
418
307
278
125
623
535
532
906
319
265
444
320
322
328
135
137
592
187
764
240
149
52
53
113
145
349
350
363
464
356
346
353
707
960
344
340
254
487
251
352
127
355
463
340
348
349
353
354
355
217
141
149
188
191
199
212
602
244
355
363
375
460
955
992
1005
1078
311
674
167
386
130
99
167
243
393
424
510
510
520
394
598
69
1015
73
826
828
287
1048
154
223
538
1574
772
587
162
271
136
241
423
1128
131
173
322
868
418
343
750
303
260
451
625
440
549
2215
305
303
264
448
449
258
310
749
83
631
351
444
256
410
697
184
184
255
622
526
379
343
59
31
36
62
73
80
302
612
135
188
193
279
280
290
331
625
409
422
653
316
513
438
446
511
356
357
172
182
186
191
207
221
230
239
246
252
297
305
250
349
360
440
473
505
511
528
535
544
550
552
553
626
635
755
848
864
1000
938
980
1101
978
976
869
1185
1330
1335
1052
1007
1676
738
1887
2055
930
592
597
604
1876
759
793
1157
832
844
119
164
283
290
293
293
381
395
1724
1386
1395
1754
566
568
637
670
1610
204
845
39
68
90
195
1580
1167
1375
863
340
250
317
252
578
407
356
654
673
829
455
910
1020
903
926
939
753
304
474
952
410
141
144
144
145
304
153
203
252
259
1360
414
256
592
633
737
443
396
885
1000
767
1039
318
728
512
248
318
305
310
314
410
419
251
547
517
523
416
751
263
201
271
848
360
363
439
893
595
265
269
374
407
577
362
637
642
1020
674
310
564
1131
953
928
418
414
448
309
309
481
304
306
416
311
532
228
482
841
1030
366
922
700
1078
424
1349
364
414
517
908
810
320
316
574
262
416
634
526
528
262
271
262
271
450
1329
196
350
265
346
166
583
252
462
1051
355
433
433
169
175
415
683
413
58
63
92
249
896
459
624
329
1504
312
391
169
1030
609
627
742
250
263
430
505
789
1057
365
351
257
263
265
351
211
438
185
185
633
1101
442
177
130
318
513
563
408
121
265
211
411
253
359
195
347
356
1029
251
301
544
134
183
198
690
248
266
295
369
596
385
323
427
361
654
466
472
609
342
709
724
714
446
454
201
785
566
651
826
1156
352
258
32
35
133
170
68
262
37
218
121
122
228
256
284
300
353
305
306
983
45
57
1177
559
537
343
316
321
220
179
312
1276
765
1536
490
93
493
60
73
421
356
473
340
736
174
328
441
275
292
645
514
532
540
551
560
577
588
441
603
446
458
706
553
695
699
702
681
1677
889
2008
898
1058
1069
1223
957
437
733
782
1087
1797
1207
1842
2116
856
858
2397
2489
967
1385
1926
1090
2649
1201
999
621
2480
1275
690
303
307
893
270
305
307
189
704
876
607
495
1481
279
141
197
202
235
4827
776
382
381
366
525
796
352
1194
448
473
815
1045
569
692
515
869
3797
3826
4019
435
4080
4301
555
636
513
293
154
160
165
165
286
603
882
938
327
450
454
99
173
335
422
402
423
436
507
2472
625
635
624
638
539
539
649
387
722
2663
143
783
176
362
248
346
347
290
439
139
150
151
158
1197
198
396
420
54
22
413
3245
319
321
328
420
731
1326
315
868
221
114
157
183
202
354
287
322
777
403
663
614
431
246
120
263
159
762
363
403
405
407
416
418
421
422
423
430
434
1121
410
590
597
602
608
755
774
9720
987
471
263
265
275
320
350
207
525
113
117
1511
158
628
180
562
1727
466
474
483
484
651
628
642
693
1089
852
630
860
784
912
924
971
1016
1213
440
1300
751
597
1453
1475
1499
718
1761
1714
1166
394
781
510
793
356
274
917
117
161
387
716
593
257
260
1027
351
472
474
202
241
2021
2023
48
23
316
319
2732
761
346
290
301
303
305
309
310
312
317
318
389
393
720
615
679
921
943
356
986
216
125
832
361
362
978
417
1348
408
356
625
352
354
357
357
304
598
518
713
466
595
616
459
30
57
197
463
304
305
307
143
814
593
245
473
329
126
282
135
376
899
906
424
411
573
204
205
304
179
1386
517
527
173
471
473
287
349
573
418
283
284
170
276
579
351
636
482
70
56
537
560
719
564
721
458
331
338
352
367
371
444
452
460
496
711
563
594
451
599
624
680
340
856
348
238
1026
1103
871
1182
578
790
1539
351
410
1007
318
319
328
330
331
212
632
447
533
567
310
220
223
315
316
238
252
673
299
301
306
411
382
405
420
997
902
648
663
581
226
574
747
788
288
322
1070
342
206
266
321
175
412
443
430
319
442
646
358
274
915
752
759
738
854
1966
326
2550
2192
99
3093
416
336
385
311
314
412
2739
523
343
967
346
352
789
415
3463
421
425
670
699
634
770
593
169
210
632
28
48
302
1003
741
657
662
807
839
917
926
933
1002
1009
1017
1160
884
1142
1252
341
342
346
354
355
365
366
371
374
1539
415
153
475
609
612
634
223
464
784
10126
311
683
392
934
958
976
499
300
267
877
664
669
457
306
234
962
351
466
286
261
571
342
351
360
367
369
384
384
388
576
404
415
423
424
431
433
443
454
472
526
550
558
566
585
597
601
615
632
364
638
742
760
772
834
857
863
912
914
915
928
984
1281
1038
1044
1093
1097
1111
1121
1146
1215
1225
1473
1305
1311
1352
1361
1395
1680
1584
1609
1612
1683
1721
1749
1752
1858
1861
1886
2156
160
120
159
7378
218
296
306
465
352
178
471
622
95
178
348
165
821
206
281
283
414
473
837
280
412
427
349
490
703
179
363
126
141
169
693
629
957
1214
469
236
335
369
1277
339
216
269
1316
331
434
352
384
388
404
409
453
400
391
977
313
573
850
615
104
384
210
305
307
496
957
982
286
873
1110
791
274
424
408
674
351
747
265
271
601
1585
782
884
1076
394
407
1186
1269
525
532
1003
180
514
137
162
176
319
330
211
270
262
128
129
175
215
453
1144
451
447
706
202
317
284
286
734
347
328
698
808
143
1055
623
143
192
1205
341
379
581
456
417
360
252
252
485
493
601
953
1022
1140
1235
1377
1460
297
130
132
132
167
219
226
327
265
747
590
1326
455
359
970
399
309
310
313
207
209
227
228
315
347
305
386
437
773
515
636
759
685
905
301
146
286
346
286
287
291
309
587
399
408
660
474
610
1122
701
784
845
934
377
949
357
357
645
1095
473
264
278
366
529
1250
775
947
241
972
859
198
260
1095
1468
1381
214
129
486
651
214
478
595
637
703
325
505
652
689
630
665
955
2376
807
760
707
126
132
143
144
221
317
449
472
494
354
563
887
932
959
1037
528
1155
1430
293
201
497
145
254
348
464
523
277
371
237
790
807
228
919
566
575
542
339
308
345
322
791
545
264
348
983
276
289
290
624
473
471
124
170
228
349
1049
759
763
382
633
647
897
192
273
462
708
124
128
129
259
406
643
273
351
357
796
650
664
252
834
201
114
239
447
185
343
149
286
496
416
513
742
762
1083
624
625
628
1142
1158
1254
1179
1806
481
609
269
246
474
269
317
688
781
1986
2676
2210
447
622
309
447
448
457
604
311
3240
449
760
330
1059
591
958
765
310
1192
316
228
125
745
745
688
476
276
299
305
309
314
315
359
361
834
377
380
410
410
457
467
481
490
491
502
550
576
652
342
348
522
575
494
496
915
986
1244
703
1325
1983
725
621
1280
671
1245
1479
10948
1157
1335
455
456
460
1197
312
734
425
378
596
570
413
2174
409
410
411
297
426
271
343
1254
679
678
178
888
923
788
1265
1692
263
124
127
132
229
237
244
264
269
276
301
334
836
527
313
491
840
410
547
456
280
345
460
575
823
670
354
356
576
838
829
343
353
354
362
475
960
158
166
176
201
208
2072
567
1017
196
251
58
31
111
326
1711
423
318
474
1179
278
354
594
290
603
419
736
844
444
191
415
244
210
286
286
198
825
511
184
444
266
267
282
449
456
470
474
834
185
184
251
382
436
263
586
284
782
317
300
499
450
475
353
365
636
859
944
979
1075
835
428
827
323
325
326
339
342
493
55
30
653
61
663
670
684
691
209
551
277
279
292
503
517
570
653
110
106
113
192
344
617
199
199
247
408
743
124
125
175
557
446
347
353
722
841
834
839
855
1350
448
443
329
330
207
694
551
205
28
416
132
386
99
202
341
452
1434
442
354
692
445
452
455
578
414
53
72
418
168
95
409
1495
593
961
418
1264
58
64
77
78
79
94
416
462
276
669
463
481
287
1159
352
460
376
266
288
383
580
1167
1050
1095
155
352
540
418
451
455
1138
654
346
815
308
1422
354
625
354
886
448
460
248
432
603
1314
329
560
456
885
35
31
198
48
97
217
185
462
470
478
481
487
488
515
596
650
770
788
791
810
830
848
856
893
906
910
918
935
1006
1016
1074
1096
1159
1254
1354
299
1424
1445
196
1533
1619
226
1663
730
285
251
630
1099
612
518
630
304
954
380
584
349
769
547
1257
633
481
314
326
278
279
338
338
339
416
426
429
439
441
445
447
527
273
274
536
448
450
289
848
544
1438
701
581
354
1086
267
270
272
282
375
345
473
544
444
547
680
565
573
603
751
828
803
1048
386
293
307
385
406
490
604
351
720
810
283
285
286
287
380
1257
278
197
198
206
211
212
338
569
639
269
168
129
268
169
532
832
443
535
648
354
637
318
321
330
184
337
456
735
550
565
576
648
323
747
263
1284
1331
347
210
225
293
302
356
376
394
840
396
1710
317
328
879
994
327
331
422
513
780
463
726
322
348
623
262
264
823
316
445
432
257
319
175
234
241
261
765
535
1046
1277
861
482
402
184
196
198
448
599
376
1043
379
386
307
637
456
232
385
505
359
495
607
611
717
812
437
688
622
1651
2004
439
817
289
263
288
366
854
871
467
488
768
704
962
281
1738
913
264
201
345
427
665
340
884
344
358
477
451
258
495
556
557
594
190
240
685
249
250
291
256
402
610
648
1144
1242
864
996
1526
1111
1193
1333
1322
682
486
264
265
271
365
631
539
346
916
346
341
343
536
266
109
108
205
346
365
380
717
979
340
341
350
304
473
535
580
706
483
956
1086
543
548
552
289
867
450
267
268
271
358
578
516
630
308
572
535
263
445
533
537
541
52
640
317
552
343
351
305
255
262
465
350
351
577
703
1164
68
70
304
517
196
449
154
228
110
264
727
517
377
503
358
642
908
256
202
278
345
416
827
317
304
316
319
320
346
427
125
130
302
351
996
754
862
428
1745
643
646
647
648
688
773
774
914
345
346
147
632
199
209
211
212
214
260
353
262
407
218
366
472
1535
733
748
481
860
904
317
318
314
317
519
644
755
517
1060
355
263
619
761
843
906
469
263
693
423
231
238
239
246
351
343
356
362
362
443
472
474
504
521
580
588
724
696
719
768
787
890
639
353
581
433
138
138
174
185
224
295
325
411
1115
539
203
324
425
214
218
224
293
546
302
557
359
421
813
563
581
860
218
746
1147
666
849
1612
952
611
612
695
1080
1042
1261
828
374
427
281
616
515
357
630
256
262
259
135
258
634
448
1003
608
199
202
203
204
336
339
339
382
351
202
406
1047
146
696
276
657
668
324
442
905
723
415
954
554
323
669
1095
1105
288
1194
316
317
318
60
24
25
845
416
538
599
284
275
837
140
882
886
739
185
185
189
1056
369
358
343
456
479
147
848
457
452
463
460
468
572
821
194
443
292
265
306
226
110
521
528
540
243
655
295
516
1109
466
484
624
625
557
409
193
445
316
412
618
630
277
279
283
352
373
538
563
743
853
1038
618
515
522
274
414
742
343
208
210
237
239
240
244
246
249
446
250
257
284
300
329
380
391
552
407
441
581
479
541
652
1069
671
1158
806
1532
39
610
140
221
250
411
1560
433
1724
365
668
166
219
232
280
623
708
142
153
155
158
159
559
166
169
194
136
268
269
309
311
330
375
475
554
388
407
492
372
143
1470
4439
144
151
160
171
177
189
196
208
210
218
310
300
323
360
436
462
462
473
495
510
515
354
536
540
742
655
672
705
707
713
721
734
493
799
824
833
342
881
479
486
1059
691
1007
770
1302
1311
1317
845
1454
980
990
1012
1724
343
481
574
598
694
710
831
1315
205
271
1048
745
613
155
212
215
216
305
163
348
167
368
218
412
420
444
456
533
95
89
139
230
812
310
940
1026
125
39
31
34
260
668
698
572
836
842
570
1051
1256
376
32
70
212
228
146
367
503
729
1265
107
222
403
201
270
273
545
646
417
355
430
722
76
58
79
103
111
1079
315
316
317
321
407
540
572
341
957
967
1096
787
640
109
123
124
203
238
415
392
203
1061
202
284
385
740
450
723
892
488
375
1353
332
748
263
428
538
482
1101
278
23
26
40
250
360
361
482
478
594
381
335
848
750
778
410
304
442
623
38
28
34
35
42
73
227
524
131
444
1175
860
590
384
1960
205
209
221
224
229
232
233
371
375
392
494
496
571
676
680
983
195
315
209
210
265
357
366
376
1306
625
661
558
340
817
1041
268
263
196
304
5426
575
265
364
697
306
640
456
352
149
148
45
53
224
61
230
231
65
236
86
102
136
144
374
391
455
472
367
368
369
370
386
388
396
818
506
592
614
614
644
724
748
912
857
885
466
1105
1137
517
1633
168
1048
135
138
171
417
267
364
448
592
414
266
185
197
250
536
338
527
310
403
197
247
721
447
822
55
63
647
608
720
351
317
958
1324
263
194
526
277
366
389
470
231
495
589
555
696
731
234
236
305
400
1235
739
721
846
919
306
720
264
642
1258
755
726
466
646
367
348
352
640
146
355
356
469
660
247
1088
256
382
583
577
774
465
923
349
587
1064
874
1347
633
524
347
142
426
304
424
304
382
517
263
383
199
536
405
621
353
820
475
618
616
463
470
353
409
422
518
352
353
1481
612
784
762
1277
244
248
265
369
370
475
507
526
542
584
587
652
634
590
667
733
749
1068
1105
1219
1299
1517
843
867
468
842
1582
1276
143
267
126
265
236
160
535
515
363
240
456
150
434
575
1299
502
1793
1719
22
735
107
131
1192
421
384
832
346
382
347
346
1164
129
168
445
262
269
270
632
520
304
844
350
266
903
441
629
646
340
458
536
695
267
231
132
166
181
203
310
724
310
441
464
587
717
832
329
1204
332
2367
113
115
154
434
263
435
114
111
113
170
435
131
171
180
193
238
259
358
643
498
347
497
244
248
331
521
413
821
468
481
970
1115
1179
247
189
192
193
218
164
332
209
342
351
393
395
395
418
419
420
431
435
457
458
460
620
635
695
798
803
816
839
871
904
929
933
967
999
1034
1043
1068
1232
1262
1293
1471
1484
1497
370
1631
338
1927
434
444
2527
2554
868
966
2601
2644
2645
2668
2678
744
2689
2697
2717
2726
2731
2734
2743
2759
2771
2840
1001
2939
272
1024
120
137
152
159
186
196
239
335
3297
553
575
709
3786
1220
1093
1139
1099
1187
1365
649
338
7132
1496
208
219
1160
234
236
240
250
266
269
275
287
296
300
325
334
345
346
366
378
385
406
412
451
484
486
527
551
576
626
1218
673
735
755
766
805
818
825
827
836
845
868
898
906
944
1008
1028
1029
1029
1130
1130
1174
1178
1187
840
1203
1258
1402
1445
1446
1451
1500
1255
2543
1658
1722
1757
854
1883
926
1500
2871
412
3001
751
3205
2476
3359
351
356
356
372
473
486
518
588
614
3158
230
717
738
747
763
845
2676
330
1140
1240
589
451
160
219
627
284
288
584
4726
720
348
468
1344
953
350
470
579
700
1039
516
952
344
309
414
350
422
588
729
612
249
316
377
462
253
174
316
993
464
432
522
691
634
578
377
343
436
258
437
529
171
529
410
316
317
480
603
188
331
225
285
304
389
279
728
1092
850
1135
1341
314
261
2436
624
353
353
2557
710
3931
350
521
653
821
1214
957
170
6937
95
101
190
387
259
331
334
376
380
521
650
659
663
651
1031
321
322
532
341
646
519
350
696
412
851
1178
463
1393
190
164
168
171
612
443
95
103
131
208
1076
188
245
185
142
253
314
574
341
720
464
273
403
1089
517
114
2931
163
850
171
202
3716
321
322
326
335
336
340
286
434
453
559
566
570
743
761
800
664
1030
1421
430
263
319
443
450
635
282
169
280
284
118
120
383
386
59
276
282
159
52
164
171
273
285
622
155
112
268
106
350
164
316
169
164
316
440
1305
616
658
53
30
34
65
89
794
1118
387
316
520
655
537
647
1102
1088
1053
1033
1204
235
118
119
120
134
178
292
182
183
187
203
221
277
294
302
310
319
329
343
355
500
327
428
29
294
471
483
577
517
312
313
318
324
326
327
437
516
520
529
844
962
983
249
263
314
341
345
349
401
456
527
727
304
415
978
758
262
593
262
433
440
647
660
1085
967
650
203
370
1500
617
42
32
768
330
512
574
252
260
1418
309
315
394
454
554
959
315
316
750
315
96
33
51
81
263
264
264
425
203
318
325
26
22
39
427
111
566
199
430
770
882
324
333
334
338
212
339
348
422
449
530
534
203
546
553
558
333
341
680
751
769
808
829
857
1103
249
475
186
93
322
365
546
391
418
707
638
651
885
752
1010
1251
372
1664
231
234
235
237
377
517
92
35
36
43
445
23
49
50
59
67
79
83
86
92
99
102
104
121
892
451
1052
717
442
455
595
598
761
781
919
920
1201
704
316
595
1004
1206
259
1411
362
296
147
153
252
511
533
320
271
272
321
462
425
744
903
593
1346
1337
432
318
325
327
358
548
888
345
468
232
1450
367
372
373
599
596
639
828
341
937
1110
1139
31
26
47
248
310
351
415
329
163
216
66
22
1019
670
343
248
194
184
344
430
654
305
315
532
536
859
935
142
452
252
185
196
200
146
258
261
274
332
340
383
178
451
203
208
211
283
345
460
882
445
325
326
333
334
452
310
547
549
647
673
802
602
516
442
307
117
121
143
151
194
215
275
282
596
365
373
375
380
389
395
398
528
620
632
634
717
845
852
996
1170
1333
1579
1237
1884
538
1896
636
399
401
144
287
941
312
1185
473
42
131
842
416
327
352
443
437
445
88
108
282
712
420
835
871
949
963
1050
1094
1131
1162
779
1180
54
28
55
988
1465
162
161
183
24
22
32
112
54
96
165
375
794
97
103
105
107
108
168
173
181
590
417
72
26
56
313
330
415
439
441
539
870
889
1289
568
284
288
31
23
484
455
93
431
340
110
463
588
328
710
740
1192
618
595
25
63
126
268
1683
534
197
192
177
189
158
655
269
393
872
596
1091
744
311
312
473
408
282
201
197
516
450
145
531
1232
34
45
46
52
58
69
71
89
90
111
156
211
219
229
248
265
310
342
342
391
426
512
463
305
306
469
330
101
103
252
389
1198
335
485
513
280
357
360
365
477
770
845
710
973
423
261
125
127
258
259
260
345
421
514
534
446
254
653
22
32
100
1000
584
348
584
448
625
425
178
509
124
128
221
222
702
312
421
962
471
466
478
440
838
904
290
243
4336
250
335
1425
543
257
666
844
346
715
287
250
586
260
336
340
686
66
710
50
214
286
445
167
170
224
231
726
1008
94
96
428
262
339
425
429
180
159
962
1135
425
429
194
174
180
182
185
202
216
221
238
259
287
604
306
343
346
350
353
366
373
387
419
432
355
249
585
574
582
284
1185
702
1312
531
319
226
1084
168
170
222
357
301
587
248
465
473
593
704
249
723
340
144
147
196
262
464
263
349
200
202
205
225
253
258
262
304
317
328
354
464
508
872
1234
809
832
603
340
229
401
602
242
142
150
154
156
165
213
217
343
352
367
784
246
346
810
625
344
455
458
672
343
451
452
683
1147
247
193
678
286
302
402
586
753
885
907
1023
433
1116
197
552
806
439
342
347
575
786
117
197
144
107
458
187
440
303
328
443
310
811
335
252
630
581
847
858
482
487
255
107
136
173
271
288
314
1045
313
798
318
418
445
329
669
686
799
1023
94
415
253
265
314
314
319
527
142
269
196
871
309
616
638
334
267
439
328
194
832
249
195
347
441
316
1010
317
555
363
258
366
220
109
186
197
183
198
186
269
380
619
222
168
169
170
174
518
233
531
513
579
444
738
276
354
361
979
452
549
1059
780
166
356
167
337
563
593
330
330
332
335
442
447
242
225
293
410
834
357
359
1317
594
478
959
979
261
145
106
629
640
437
545
654
670
757
882
1634
356
373
602
608
738
753
866
1255
1373
1077
385
389
400
402
410
426
427
356
574
589
949
1046
1410
647
1849
37
39
58
65
82
354
2406
890
203
2661
247
204
205
143
470
473
254
583
2558
2564
363
619
835
823
1102
129
217
380
946
96
102
133
365
465
486
512
599
603
627
647
733
859
369
1079
1089
199
203
249
251
1415
582
602
1537
167
163
703
838
327
347
245
143
412
414
726
450
201
107
141
145
193
253
639
734
1835
95
98
379
393
747
94
916
110
1157
1341
1469
1609
893
30
123
133
346
203
207
489
577
302
401
925
330
333
171
413
452
174
239
197
666
309
542
1145
789
9719
288
30
2080
435
165
317
426
447
3178
551
561
655
597
810
227
1469
969
4119
1466
5169
1734
5291
1231
1049
7251
1298
939
880
1356
59
159
165
176
177
178
197
201
214
2568
262
273
276
301
374
1650
378
543
566
706
1061
1673
1157
1848
170
173
177
178
185
195
1543
264
376
181
625
689
881
2130
45
54
67
70
110
145
416
504
3020
278
389
374
1065
458
78
887
34
36
69
1127
1153
326
1203
533
338
160
204
202
1029
731
1495
765
771
1023
530
1294
900
1583
1822
1954
1868
699
708
710
1503
1195
1632
14304
1936
1946
265
542
723
309
617
550
594
458
129
537
1216
30
34
76
30
34
46
89
123
127
151
160
217
218
316
317
406
620
305
312
314
271
517
518
529
204
491
834
424
316
318
480
220
283
278
532
788
489
352
480
263
338
478
227
190
231
321
693
570
322
409
680
38
39
43
402
409
61
72
72
341
136
180
186
803
194
269
653
1032
847
135
66
69
414
317
106
138
146
355
167
560
461
362
365
366
367
607
840
541
267
452
280
776
1149
346
166
170
171
450
278
288
643
29
52
57
354
376
377
263
264
473
195
112
153
358
954
183
111
239
92
129
635
1570
513
248
331
377
781
162
193
271
116
254
471
253
609
731
467
106
110
111
119
121
146
158
241
248
358
714
586
266
377
288
729
343
507
208
214
216
219
221
272
275
287
336
368
423
497
821
567
186
416
421
338
564
693
286
842
292
407
487
704
1079
177
23
185
34
38
41
43
78
168
179
251
436
293
493
512
197
679
196
266
353
145
539
182
196
269
352
404
748
488
14016
332
509
212
502
168
534
27
273
46
50
59
98
129
389
146
149
224
242
290
399
432
726
506
515
549
845
1036
787
336
27
916
32
69
165
171
698
319
459
314
808
225
149
153
177
225
275
334
451
903
545
606
645
657
666
238
259
111
222
709
354
463
491
587
605
724
184
124
131
133
1080
261
1105
645
354
441
1501
657
392
404
451
964
518
530
538
542
550
634
677
683
1061
706
1431
254
250
822
305
516
143
745
108
443
449
450
467
468
470
607
613
747
766
32
60
71
80
92
107
121
141
149
162
950
188
970
206
978
266
280
314
384
483
317
335
113
1489
158
197
306
281
420
563
825
129
271
375
353
192
354
142
547
187
264
110
160
286
317
410
193
195
335
264
266
254
183
190
193
200
449
337
445
408
263
266
352
306
538
702
539
346
560
322
324
325
330
547
416
773
676
984
418
350
353
790
882
267
565
569
429
478
445
857
446
745
406
166
556
162
328
94
130
147
107
248
500
145
117
158
183
296
324
348
201
335
266
266
338
265
146
185
285
282
83
33
197
205
271
629
556
341
352
353
445
459
460
461
462
568
1036
533
319
430
319
586
646
352
585
826
405
234
100
129
132
171
271
312
66
30
44
68
201
704
195
265
705
322
318
269
165
680
281
328
446
449
459
463
465
668
910
923
124
127
470
196
556
993
242
124
126
254
260
278
457
1088
317
196
112
893
319
248
438
754
427
687
1030
262
267
269
352
913
327
249
664
771
133
229
444
580
352
250
338
671
588
129
263
417
24
331
54
58
307
198
317
482
1566
187
306
643
185
105
144
535
430
298
245
551
739
896
1398
756
884
819
218
162
334
197
711
263
385
371
303
649
420
497
509
587
2363
2147
774
951
777
947
731
1289
1305
1561
1598
2134
2291
978
5050
835
440
887
1543
783
434
627
640
650
820
843
569
1228
1353
1907
1500
1518
2092
2139
701
2432
2591
2613
678
411
757
727
427
802
231
517
315
208
294
393
921
969
870
877
616
334
1033
318
439
444
471
509
524
710
836
843
1027
1172
1593
321
655
799
968
533
1278
548
565
2069
1581
700
800
1132
2266
1401
943
1467
746
709
1195
1943
744
2099
814
686
700
1415
44306
188
313
571
185
342
514
765
184
187
415
109
186
440
242
439
147
149
151
158
159
160
172
224
273
304
322
330
369
218
216
440
187
313
191
191
252
944
329
581
290
297
312
314
401
401
415
490
506
4039
924
984
224
652
189
142
191
186
109
185
267
200
446
621
441
335
401
801
1017
342
110
106
571
340
1065
400
142
515
308
414
340
445
265
353
457
1337
1203
260
107
266
696
1206
353
353
362
287
825
290
987
379
622
1109
284
1433
371
381
458
464
272
640
630
649
743
150
874
690
574
424
115
154
330
950
5504
560
560
723
484
117
382
944
1088
146
376
314
382
130
96
106
260
184
455
591
348
466
473
480
60
31
97
110
164
204
345
414
476
1220
618
770
265
355
359
375
460
478
478
487
495
558
666
640
823
944
1409
1451
359
174
272
198
100
104
197
431
206
184
185
255
261
385
460
765
755
550
762
196
362
418
481
485
489
450
267
278
287
353
357
359
367
453
463
557
550
833
493
196
352
352
354
333
14245
359
343
440
99
676
678
692
125
221
1691
993
1184
665
468
470
1031
29
57
899
378
639
775
331
263
553
364
367
544
1421
207
206
208
209
657
643
768
1194
1443
503
317
525
386
394
522
675
685
2541
352
628
658
315
318
325
330
431
445
788
1199
1349
905
476
481
484
338
552
561
565
569
754
326
879
1121
600
1737
450
566
1127
669
1279
1312
1014
13052
1377
1037
1511
590
422
493
728
307
894
906
1403
351
271
275
427
442
547
553
627
317
425
987
512
380
645
1154
318
535
536
268
272
358
445
540
549
357
268
270
273
293
294
370
375
383
472
477
626
643
844
904
1236
639
244
251
253
585
595
622
304
448
168
367
368
449
436
645
462
713
1331
311
124
126
261
426
124
125
171
263
168
266
168
98
100
167
633
413
503
510
360
633
124
133
134
219
124
124
257
124
128
170
125
126
127
129
230
239
276
309
313
96
94
1313
353
416
245
339
505
333
966
425
322
94
198
627
205
209
216
221
273
360
570
658
665
246
427
423
534
677
219
125
424
751
98
258
348
358
322
286
409
780
795
329
400
259
353
213
442
449
291
345
545
360
379
383
592
600
506
532
733
902
562
722
417
554
1094
837
1102
318
1625
143
144
321
640
416
427
535
556
973
768
112
107
109
110
126
138
143
170
195
206
216
250
254
257
280
290
378
584
247
264
265
672
317
315
271
449
202
203
212
351
359
356
990
967
348
357
463
464
472
585
125
805
220
889
377
516
647
763
241
146
294
301
202
224
704
210
293
294
321
657
342
347
592
124
300
351
866
333
452
639
316
414
330
335
341
451
449
536
675
288
288
296
394
405
414
425
464
706
518
579
582
662
740
1286
779
783
738
960
1024
1113
1117
1171
181
585
583
689
273
410
202
414
1354
322
447
449
452
914
1250
1559
1564
1996
133
96
163
200
249
289
313
377
748
558
501
262
263
239
450
66
31
410
587
517
733
508
354
266
175
533
327
326
328
423
503
712
174
1026
742
653
311
247
355
451
449
463
363
364
372
373
375
376
503
594
595
606
627
634
938
1111
1260
1500
646
443
267
285
288
376
386
472
478
496
500
536
578
670
688
748
788
861
909
762
175
227
384
241
153
155
196
310
358
393
271
139
339
431
351
346
316
177
248
196
270
576
704
698
696
446
762
513
513
515
528
292
148
155
829
169
196
202
212
215
223
263
288
293
401
419
520
786
850
714
535
272
447
135
136
141
186
187
439
595
545
472
759
912
693
1015
624
444
443
443
536
537
265
266
417
534
656
423
431
441
457
856
621
629
642
1013
745
778
790
857
607
1323
1387
1445
1479
501
531
645
443
446
724
419
465
427
518
530
423
582
167
225
642
536
642
1078
290
798
894
135
584
273
751
983
316
98
431
424
955
269
329
541
565
643
775
962
1094
1237
165
238
263
262
446
458
737
325
347
505
214
837
544
424
1102
471
430
1100
124
124
356
358
449
162
506
95
265
380
268
272
535
644
685
689
664
672
947
1192
1302
1372
1242
344
137
140
145
146
149
156
161
166
180
185
207
230
232
244
269
273
275
292
344
353
178
263
174
269
309
1136
262
281
202
287
343
1102
569
207
316
325
329
541
653
759
193
253
464
272
166
174
180
168
234
289
203
570
825
353
352
224
129
131
580
347
348
442
704
124
129
146
364
189
267
419
832
447
268
372
373
375
378
449
546
773
813
1798
353
581
723
180
186
323
706
358
178
313
447
189
327
383
449
462
346
203
205
215
271
281
356
357
491
444
347
262
832
351
360
474
625
277
286
286
288
715
377
380
550
557
560
639
448
634
442
533
922
435
266
347
264
956
348
448
273
720
841
595
351
442
594
125
126
137
145
146
167
183
192
219
234
542
491
444
213
219
219
227
352
356
360
395
489
759
1213
1117
848
985
793
1180
2749
1040
709
731
725
1967
719
1245
1254
1230
1243
952
1242
729
1248
1791
737
1770
1229
1027
1419
1512
853
1249
1922
2288
1730
1285
2803
2842
858
868
875
995
1008
1070
1080
1117
1121
1052
1174
1363
1385
1426
1539
1923
881
1091
476
495
682
4271
1096
4758
4818
1328
1873
5003
5220
5644
5794
1315
749
1973
750
1275
653
982
832
693
697
698
700
1191
944
950
954
1653
1483
1220
1234
1241
1833
2149
904
2723
2343
1974
2301
2319
1202
912
2431
930
932
1522
1830
1854
885
885
897
1515
2033
1370
2100
873
2954
1557
1492
1078
1395
744
924
797
1691
1572
1544
2324
40912
1708
892
763
787
787
1039
2453
1339
1551
1898
698
693
1102
1660
3020
1170
1111
1664
1672
857
2905
1700
2231
1976
1722
2245
1556
2923
1322
854
1335
1345
1018
1901
1575
1577
1272
806
2221
1636
963
969
793
826
828
839
1057
845
1106
1121
965
1196
1011
1088
50645
347
1340
141
283
245
347
432
1728
536
1756
1792
1028
377
233
270
761
177
452
305
3434
3437
3492
3493
3578
3781
3789
3854
250
4051
188
3767
34
163
919
385
442
176
341
288
369
273
419
429
354
656
678
407
305
753
442
548
1047
740
1009
1231
263
304
270
271
315
322
325
356
410
469
477
483
551
530
534
657
932
970
1046
1262
1257
450
125
351
212
441
264
359
448
476
662
206
1063
427
637
1341
207
227
187
236
916
190
192
262
418
266
635
496
313
305
211
308
413
1070
216
212
29
29
30
32
539
215
261
217
264
232
354
487
273
28
43
118
263
42
34
36
85
368
448
453
249
142
513
408
125
281
128
281
406
742
1253
368
453
741
819
64
445
43
445
351
534
416
936
317
322
323
430
431
744
1303
35
48
444
360
1155
338
726
748
428
628
833
639
442
413
895
238
442
463
481
485
289
292
297
499
299
503
508
512
390
427
639
455
495
517
542
590
803
814
640
659
701
715
721
752
859
974
1406
1486
1546
1573
336
1670
204
1773
1838
323
224
646
353
365
624
269
53
45
856
549
1081
393
415
326
1368
263
450
333
619
28
32
342
345
111
313
622
309
304
423
412
592
422
534
450
554
128
766
130
907
753
1049
1354
1406
2050
1511
718
820
53
838
23
869
544
618
1079
512
444
263
445
274
279
338
361
745
907
393
346
1071
349
268
268
269
273
453
471
286
831
877
366
1184
451
632
360
361
368
375
480
518
623
917
953
1161
1249
1261
1283
398
1484
277
349
1685
312
737
258
47
385
218
408
488
310
59
46
306
75
82
945
266
257
144
272
281
285
383
329
451
88
107
664
730
834
166
171
286
420
478
196
199
148
307
1432
124
394
1351
359
592
746
769
839
1052
1069
819
185
189
195
248
326
350
630
650
307
847
362
386
598
724
284
167
169
535
450
723
416
330
406
272
275
407
316
191
204
204
256
318
449
600
694
736
310
200
268
277
335
215
128
31
53
67
75
229
412
432
247
247
265
583
250
200
211
198
357
412
448
501
470
553
531
270
370
455
553
316
189
247
249
392
411
462
773
327
329
334
424
225
435
356
261
535
353
386
348
349
357
358
422
501
489
1180
892
1246
1405
424
426
428
850
1117
637
1590
537
540
197
196
516
932
86
35
36
38
39
59
68
34
48
56
70
87
313
276
187
252
167
441
307
64
27
52
539
369
372
958
283
264
342
829
206
272
335
727
769
1105
245
368
805
847
1350
197
701
704
201
563
488
471
336
543
447
613
296
276
279
290
629
460
479
290
561
574
650
700
475
839
1083
883
495
1012
1154
719
297
309
310
1349
590
946
166
165
400
261
288
536
174
632
208
214
216
234
254
269
293
297
305
320
322
390
436
447
599
831
784
883
1114
1173
479
480
482
576
796
921
1154
1216
393
291
347
397
497
581
32
689
123
594
908
938
894
1035
53
100
125
260
177
311
595
429
964
252
325
312
316
418
526
469
217
591
130
961
893
466
469
610
752
756
932
1271
1384
1620
1688
2057
185
471
246
251
254
305
848
952
443
621
689
1356
1400
204
242
142
26
35
39
50
52
72
899
746
667
27
39
41
64
101
323
442
183
222
271
202
203
217
221
238
284
328
338
346
350
485
373
380
402
667
780
308
626
1448
566
1126
77
248
200
260
313
320
398
746
40
52
551
411
301
353
1415
41
95
1992
747
125
56
462
386
464
683
890
1496
23
81
385
47
348
45
785
348
463
396
191
29
326
579
1750
267
270
189
443
462
318
648
460
808
305
308
693
4250
624
412
418
429
840
464
649
463
42
26
130
231
536
443
132
164
406
305
267
385
356
542
508
383
332
251
203
207
209
213
217
223
230
308
362
380
410
454
512
762
785
943
629
463
124
594
1178
618
308
309
315
320
415
545
523
501
630
265
246
483
504
352
594
345
465
442
358
473
266
200
361
343
812
623
843
513
620
190
206
333
345
364
382
321
408
446
431
639
830
927
1154
775
832
938
1073
303
313
314
316
317
344
351
353
358
360
367
374
409
1261
456
465
344
348
349
351
526
531
533
562
569
620
466
471
642
660
872
940
944
412
1027
1039
1277
439
1609
616
1626
1648
756
309
312
319
329
340
409
415
420
442
655
674
850
856
875
892
557
1141
166
166
287
1405
1117
418
429
567
574
721
341
836
850
251
1145
1415
762
621
264
264
861
436
533
554
918
1694
2203
1740
446
599
1201
238
1088
403
829
533
261
725
888
750
332
431
544
584
1090
762
1727
1824
315
536
645
544
316
262
534
628
Tue May  3 18:58:21 EDT 2016
