Waf: Entering directory `/nethome/dkochar3/project/reproduce-red/build'
Waf: Leaving directory `/nethome/dkochar3/project/reproduce-red/build'
Build commands will be stored in build/compile_commands.json
'build' finished successfully (5.144s)
Load generated: 481811 bps
Number of response times recorded: 12432
34
29
65
73
79
170
83
87
94
94
130
146
236
178
180
199
313
347
349
464
448
457
470
311
421
392
489
661
661
652
333
795
799
345
585
320
814
655
351
250
604
368
665
652
257
242
449
438
1060
202
467
474
1065
558
584
841
600
647
761
695
351
352
352
750
517
387
792
394
674
819
423
429
475
365
435
505
597
570
773
613
687
789
710
751
1390
1236
688
931
1286
1526
758
497
727
887
948
1069
1095
834
649
853
752
1291
518
621
633
1492
546
404
631
677
684
698
833
685
688
973
2565
1968
1030
1945
777
1713
528
2018
1208
1832
523
665
1218
2334
824
1052
492
493
916
2023
705
1269
1296
1136
2080
569
2435
1269
716
795
2159
1774
688
1695
1011
1158
1391
597
751
927
2713
933
1104
735
821
2540
1929
847
798
2424
901
2912
1278
2753
586
1690
552
2143
900
1234
1948
723
1254
3021
853
2795
2520
539
1429
2903
3305
890
739
379
2688
391
395
1231
999
483
578
472
905
537
2380
472
550
3176
2302
979
704
649
474
1229
762
697
1208
866
934
878
504
3944
537
824
776
2036
2831
1112
3680
749
450
451
3468
1053
744
743
617
1089
629
2590
2509
534
614
1549
3654
490
3965
2267
1158
3743
549
1210
2498
909
698
1975
4383
4119
753
3731
3692
815
487
643
3793
369
3761
384
388
2548
731
4152
1884
1803
655
2726
1965
4087
2129
767
2588
3031
3794
534
752
4097
523
700
3686
2297
4627
4436
4956
3728
604
2671
2530
4164
2763
2527
4069
1227
2636
3606
3116
600
1875
2481
3666
3665
3669
3869
3870
896
883
724
705
3603
1321
2705
5069
2695
5356
3887
881
632
3998
5980
4037
3394
3503
715
1942
5682
705
784
1151
5967
3764
2878
3551
3061
3758
5525
2329
1033
3643
3474
6866
4516
4340
4534
4159
1421
1583
929
3106
3610
2689
2997
3406
3166
1682
2696
783
722
2665
6223
881
6471
2557
3567
5893
784
691
1092
862
2961
5618
554
516
4957
935
3270
1042
7268
3453
5055
3464
3852
3474
2485
772
5646
5921
2883
5844
3635
4320
7328
3749
1001
504
3817
1267
6186
2251
4436
760
4854
6961
4355
5620
3591
1168
3152
4361
4344
5771
3823
407
4662
690
7954
3653
5114
714
3926
4055
3474
4409
5976
2856
3044
3687
2699
3483
2379
3651
655
965
693
1353
4302
9198
2662
3713
797
607
4421
4080
5658
4479
2186
2655
900
2411
6611
8359
2880
3510
2723
3762
5724
8203
7387
5200
3430
5482
9199
5308
4143
7092
5523
9717
4473
2806
609
3574
665
2934
3904
3862
4948
715
3766
828
8050
3181
7953
9933
515
516
10456
3541
5574
5060
3608
4807
7359
2216
6149
5299
2740
5383
6887
3770
3800
6787
7531
2559
5715
3946
5644
5540
7697
5337
6193
6676
2669
3987
4291
4056
3815
4614
7989
6627
3855
4293
3839
829
5979
4534
3833
3631
7904
3788
3790
11679
8272
2732
886
6631
6519
7379
6042
4589
4427
3819
5711
8904
3117
6798
8921
3171
6362
4726
5995
784
3790
9954
9063
627
6944
4183
4131
8223
3333
8785
7004
9236
6576
3599
6715
8248
3733
7997
4063
2329
9887
5878
11503
714
5493
8414
6030
3787
3609
6295
7849
9943
11647
5363
9816
7908
9483
7604
6450
6028
4381
8809
5586
9528
7150
7998
8528
9535
4042
3733
5816
3562
3564
4516
3749
6330
10171
5696
8936
3747
3963
8366
2823
9752
7106
8029
4489
3787
6239
6869
4018
3053
12545
4279
7622
4782
6526
5659
7217
9200
6253
10094
3428
9477
774
9068
6562
594
908
3788
13577
13485
11981
754
6931
5685
4150
9380
6013
3647
13173
7221
4206
6282
5978
10019
1244
6155
2854
6688
11492
8805
6094
7206
6272
7617
7668
10843
3774
8569
6724
9091
6867
14697
3936
2707
6412
6813
12722
3659
708
7314
3617
7983
10551
3795
11193
11188
7975
10370
635
8494
9355
12059
7776
3638
3142
7721
5793
11527
13340
5572
8950
5779
5786
12502
6519
6037
7334
7096
9648
14643
11017
10640
9840
2740
5752
7611
3822
2704
3393
9906
9794
6177
3787
6045
10064
6833
10068
9883
7758
3740
14230
3631
10882
11387
15903
6653
5720
11448
9603
8816
10707
2899
1397
7432
5569
5247
7517
5616
7391
6539
7669
10642
3708
14116
12035
10645
690
7440
4539
3745
3732
6847
7394
10327
7448
9784
3881
7451
12315
12343
16809
6549
3560
14765
5186
13685
825
827
11325
11715
9662
2110
3600
3600
6541
3649
3651
7784
8317
5989
3649
9477
10174
6732
1116
3613
12055
9706
8048
3781
6794
12846
9863
4724
7839
11895
8622
12411
2975
5807
4267
4275
8207
7483
9176
16828
12180
10606
6062
6802
8921
12142
8702
10132
10292
11381
8757
11394
11545
11537
7263
10349
8774
14783
12857
12454
3205
9342
5963
12403
6017
5810
10830
9996
11678
16265
10306
9732
10487
5765
5597
3799
691
15731
15199
12538
1036
4793
5512
7868
11763
6575
6365
5619
12752
10801
9705
3875
9786
18101
5525
13727
5853
6851
9768
11788
6582
6198
9306
9899
6061
11503
10100
10299
13435
16770
6875
14833
10342
7083
19695
11501
577
3823
3824
14215
15930
7181
15574
13086
1921
9778
9805
3881
9258
13281
14965
18351
9795
4118
7429
9636
10621
13036
8353
16980
5843
2332
11893
3761
3762
9882
14923
3945
9829
12221
3674
4311
13659
10297
5803
554
16258
14789
19087
13480
19772
4569
18784
5967
3517
13936
5135
8609
861
870
3877
13602
10603
17034
19261
827
8607
9304
11597
7891
680
11903
10838
14496
19622
11344
5559
15831
3449
3841
17812
9768
11238
11609
5478
13575
14765
7225
14830
19801
14014
9734
21299
14546
5821
6151
11151
16300
13037
12068
13978
12084
2985
1310
15379
9879
8849
10095
17291
5784
12353
13309
17507
14889
3900
20351
15879
7983
9105
17598
13210
21878
12619
22890
13614
10501
10598
10409
16898
12809
3117
8708
17577
11430
22498
22604
5438
15152
11537
7705
18073
21229
10032
10245
15239
11246
19170
18880
6847
6366
4250
3924
5883
922
7138
21878
12104
5529
12119
2479
16755
19674
12157
19160
11783
4636
11496
3818
17035
22205
14802
21619
12599
19977
3704
5974
12334
20176
4159
20627
12727
9721
19532
6723
3822
7603
6784
5407
17917
19236
8914
20219
14896
22680
21836
11711
6908
12851
824
24154
12841
12447
13419
15912
19808
13101
13128
3196
3916
11323
19048
13359
7954
1180
1421
25800
18054
15562
4189
18986
3985
18182
20167
21265
13686
13815
13947
11622
15407
17897
10908
12914
3921
7587
5444
5619
20541
5940
5891
3913
15575
7309
20134
1382
10604
13628
24983
14858
16431
4837
4300
14111
17514
5399
6221
9860
5979
10161
14200
10179
7096
10365
20825
18856
18859
25037
14869
11212
21584
3521
20633
1349
7506
20876
5752
23784
20894
6088
22206
20509
14679
15922
11843
24161
15579
13193
11915
4649
12841
21207
15894
17294
23926
21048
3183
6439
24617
12886
22876
12899
10607
21779
15083
25850
952
6768
6783
16898
13189
16042
28786
15518
6490
9918
16760
12780
20659
19511
3166
5179
13782
5924
15840
13311
3736
14735
8195
6931
24895
12912
4164
21547
3773
5757
3845
20290
21590
16589
27156
5990
5994
29712
14114
6023
15676
25048
3960
3969
18288
16718
25536
22775
9721
4566
4550
14810
4329
20880
13223
12777
27543
12132
26096
26294
21948
13967
24016
13603
3890
3922
11719
3570
5629
902
5462
12885
15247
28131
886
11971
19480
7892
5740
20944
19601
24647
15575
15579
865
867
1456
6873
20017
16214
5735
5823
25228
27707
20324
27873
16251
16292
20369
23113
16375
19031
1204
13187
16386
14698
20147
6967
6921
29833
5012
4676
16463
20631
28235
21707
20860
20861
9737
29844
27055
26005
25460
25258
25179
2656
25319
21210
17756
18238
29992
24047
28141
17679
29020
30851
22277
17837
25765
8230
11452
4090
22273
28086
8323
18238
18010
31514
7634
1494
16632
27588
30126
30189
26330
16349
18570
4736
3365
3855
6145
27546
17848
21418
5954
20471
16155
17763
21551
10688
30453
15362
22322
3841
24712
3255
4427
26298
27158
6850
23432
12190
26927
7468
29888
4289
6956
29313
4467
25232
25286
4440
9551
23530
15804
23185
17008
23682
30032
18294
5992
19084
24333
24557
15586
23579
6998
20683
1079
30229
22428
19709
22614
34145
27475
12761
17467
4673
24060
27556
25059
4244
22944
21916
31910
3300
25186
28703
11476
3880
3913
6348
17143
23072
7743
6493
17240
6134
19248
31886
9870
24695
8001
3978
15252
10334
32462
18980
5230
3958
942
12037
20319
6968
17314
36923
21208
28420
28751
4988
7313
10054
9915
12630
26029
21501
37845
656
16834
28265
11858
7647
30228
3867
7000
14341
8470
25813
32911
739
27705
18680
29279
35627
14341
30734
20819
22358
8998
20876
13447
908
18729
35900
36314
23457
6597
4264
24804
6015
15529
35338
5966
28755
26302
27545
944
17877
14152
5769
8909
24029
5043
14044
31406
19005
10008
24125
9087
1292
28013
13333
35249
2461
8688
32919
5880
31507
28834
21832
20287
18641
4496
16036
18999
6176
19004
10174
5549
20174
4290
20470
32214
8060
37921
9884
25036
27214
961
24243
23451
36295
28702
15457
5433
11301
7429
29376
1043
33416
36184
17387
19827
36527
22207
951
4357
26165
6662
37365
3570
4205
24003
30414
9084
31064
4895
8160
16595
40540
29805
21351
11643
771
4699
25079
34761
30747
20464
2635
892
4639
38457
4273
4274
8046
31355
34992
1943
16663
25341
16700
19636
12346
6814
35279
25285
24548
4037
3639
703
12570
21260
25949
748
24439
33594
23901
20072
10066
31910
21617
17747
5849
17719
13525
10160
9087
35590
4172
1290
38470
1836
39854
13346
8718
7668
6828
13990
32570
15786
11223
28993
4949
41268
3956
33361
23008
9566
6716
6007
18785
33122
18817
3142
11873
13475
14231
16413
31548
44676
14763
4638
12944
19112
22475
5731
11579
25984
33534
15003
40347
2787
3850
7278
2580
3810
43030
3140
4060
25716
10832
3106
15468
18757
20190
3441
5407
45906
12991
1309
29608
5884
30827
6227
22081
13251
30027
47355
30978
13704
3866
31405
29900
939
28935
17483
4811
2140
35335
33190
8799
39472
6485
14005
7333
12372
3917
3778
35422
9173
31072
12974
9266
18184
36404
4485
4943
37124
43414
9592
38044
30371
15031
32644
33507
3069
5192
7016
5857
26692
13492
48014
36917
36918
9978
37117
13027
21722
19924
25549
18338
44330
10236
33176
5696
986
5836
8289
3908
6681
11325
6062
37174
6539
15958
27623
15409
928
6543
4260
1442
19038
18842
46154
6457
6810
15735
49122
11554
37760
45182
15908
9186
9110
16013
45840
28316
47991
27715
43514
6895
33303
1288
42759
2825
16243
10216
6467
1279
7169
34679
16455
13283
8546
43929
6069
38471
34871
7391
19816
42003
10087
36915
38683
11498
12891
12892
25291
7565
15636
38793
7671
5973
3665
3238
13192
13655
4048
9430
7665
35407
1598
5509
3893
16244
21438
17483
9569
10313
8542
783
40309
10832
4057
36123
1938
8190
2448
9602
47688
48739
2750
12421
44721
3747
1295
2893
9612
18535
35752
26274
40971
36769
21666
4024
42571
3930
720
4362
40285
3986
42369
36603
4234
10389
21133
9288
7564
10631
10325
6879
37834
16093
14988
45746
26726
41247
9587
11739
10582
3620
17813
7700
27553
10014
860
10761
5426
4167
28372
13347
4001
50847
9988
36849
50945
21324
2751
6800
9766
9215
46891
47500
20829
7308
7535
14502
3914
42909
2641
14230
4287
21281
12171
47371
5763
53181
8185
50814
1728
37789
5023
51281
22698
4101
1313
3796
12909
3547
8624
22864
14613
11267
15935
3956
13190
5382
47525
12177
5561
16017
29809
783
6163
10689
4522
4071
53327
19227
6945
1496
11217
6022
4763
8838
809
2909
17582
12789
3859
35583
6813
57291
1305
8815
45645
36145
6981
4262
734
24945
736
6140
55435
7348
15257
18496
3547
52013
20406
3159
3194
56158
15641
13508
884
20337
3355
47010
4874
11739
5821
21338
4560
14287
4280
4106
6762
7039
12150
25414
21816
4738
18762
54340
29047
9398
56103
14821
7761
23972
24985
25783
985
25661
6959
31709
6345
26273
4550
17279
12232
2925
54584
12816
14724
48514
18891
4168
594
3732
3739
3745
55249
3911
49116
9811
9814
3641
59802
15731
18098
25764
4177
45353
9038
52114
3743
1024
1025
18175
2928
19492
3944
23674
3881
4037
3800
41688
4139
7005
4199
16897
19364
56527
5422
24306
4114
19022
19617
2862
2862
2868
49815
12341
9735
4015
779
24889
11015
18329
740
42481
45373
4896
1084
20560
10626
2751
2630
6085
29978
5091
18260
50946
13613
5753
1007
1011
10368
24107
1171
9795
6919
18931
10003
11125
9304
10549
2188
904
7196
2669
37770
7171
6620
10183
8704
6952
6638
43964
1137
51935
4027
928
933
3633
2959
935
59530
19481
564
565
27284
52122
7102
48877
4571
7211
4028
61968
810
7135
30569
10882
26711
1461
5001
2899
19582
9341
2505
3519
13004
3014
5389
5234
65915
10919
42897
2787
7301
1327
3190
8526
3118
13867
10211
61918
23446
23469
21042
956
14734
10277
2082
64595
6949
1603
5603
799
1692
3557
6792
24205
9929
904
6662
10049
9492
9260
6671
55097
5199
6871
8869
9819
7219
7042
14822
12715
4496
9970
21880
10067
34333
3680
5815
947
64485
11006
12016
7533
6736
701
4540
17069
15985
10789
2779
3012
65912
3892
3990
3724
7646
25965
4000
14577
30707
3176
68817
6780
3094
2676
3997
4002
4004
7444
59885
15055
5133
6541
22825
66800
31160
5260
3864
12090
2972
2495
57704
6324
3841
1344
5462
8182
35048
7885
9757
12305
3781
3782
3784
1159
16159
6114
788
13896
16298
10073
10897
58825
5113
795
11143
6465
8778
57649
5969
1051
6013
68909
13528
1166
11701
11707
26130
71712
65057
3128
6361
32960
5526
7386
3922
8633
8263
8446
4044
6714
3306
40690
1292
3295
3323
26644
17889
5605
1545
19419
5901
11788
51623
953
3959
2736
6857
17544
922
27834
1061
2771
27510
4208
4277
963
1313
4291
12195
22246
38163
5636
4333
1574
768
12616
68934
43245
10249
20512
13001
1009
4361
7535
4534
20778
22579
2062
1319
16101
11771
8134
5691
14872
14463
12044
14566
7943
18053
994
1373
6014
4285
16716
13967
3810
10040
1076
950
31887
3191
36021
872
3827
3840
9932
2433
6102
21203
6707
3154
17685
10306
17724
72472
3161
4092
67143
613
3903
785
789
791
798
73761
37563
10265
6341
3809
4380
1099
5804
18454
4599
5900
20959
32052
22272
15779
8821
4450
17988
1689
11622
5340
14538
22654
9177
14792
4756
74223
4630
1314
5796
5890
58768
9856
11309
9640
715
74792
5367
15265
12931
6036
5710
6939
4193
11717
2916
18105
24981
10113
21571
5497
4017
69799
4569
6375
3160
9395
52390
1359
815
18861
8368
6462
2069
18099
1021
4028
1160
11640
743
4276
10310
26322
2561
765
979
3352
7848
843
4476
6036
6039
19887
4585
3780
67527
77990
19295
7733
14750
4634
3125
22897
73856
15833
4001
20830
921
1717
16027
15209
1012
6239
15142
12631
4569
4051
6158
6190
12821
20778
7236
8196
5980
5984
726
17022
22983
1218
7800
27980
942
5850
4572
683
684
690
6251
68398
8117
66862
994
10495
68565
6850
6341
13827
4649
3845
3841
74338
6113
3943
2764
3896
4105
5801
43691
2476
6884
3899
39036
6206
849
856
857
858
9809
36888
36890
2827
13431
1187
80319
13300
5948
6026
5728
3771
4799
4819
3943
79225
6086
3867
4003
2604
951
1859
1354
6603
2977
2798
78025
25317
6748
80248
5739
19193
2793
3819
13548
3720
3721
3728
1286
10242
65840
3959
924
3925
3946
3728
1007
3989
3238
3816
4160
9962
2912
12945
4258
8040
1454
3374
3597
6850
6862
6976
20519
26073
10561
7150
4682
676
3701
689
693
716
7373
707
6677
7433
81939
1161
963
16646
4160
1706
11750
25670
3905
1199
7862
24926
6403
749
4161
5611
10632
9476
901
5832
3629
41560
12379
1264
48942
49223
12880
4564
5931
5486
10581
9917
1580
27200
8883
2372
906
4069
7935
991
992
9304
1190
24867
7740
14039
29133
3705
2648
12347
5887
6927
6084
12464
4768
2054
17560
12096
7520
75605
3670
3681
2673
3704
14718
2304
3959
3965
30485
9889
11919
11922
11930
5976
7548
4156
4162
10708
4177
7362
4205
71346
8752
4232
26451
718
1250
22042
10205
13447
4249
3805
30975
2598
7388
4468
24591
7394
3119
5343
76140
13963
24785
24786
4525
17686
3273
11453
3592
31433
4281
15882
3720
16912
29614
856
83279
13789
6013
760
18182
2755
5386
2883
3935
868
6185
1529
1363
5598
4528
5658
9072
6487
6496
5785
889
26197
9722
4610
9781
9784
12853
44539
12870
4300
3134
9366
6905
892
3951
13228
3916
10792
4345
3888
4362
5877
33479
9775
10226
4048
4050
4062
7104
22588
6279
3311
7989
6200
6641
4020
48542
5902
5497
1216
6077
9291
7792
7830
7862
3514
20931
733
746
18891
612
886
8717
8871
3846
3859
11564
9026
14724
7102
997
1481
11095
4566
3947
88618
3093
6967
1186
18529
1242
15176
783
793
12180
4414
25749
39678
5937
9989
15885
15802
15835
21202
10190
10195
10199
10209
10226
18776
29605
2967
24985
34492
9783
9818
13151
1760
10662
18561
892
3011
2707
16695
11064
16756
10957
10288
10086
11931
13072
869
3214
3580
3586
3654
3751
9204
12776
3982
3778
908
14505
945
11791
8538
6888
11927
6319
15378
90902
49610
658
93767
7306
900
912
915
5258
3031
86630
12355
23759
49031
772
1185
3833
90444
13981
5425
4209
3472
18587
11237
18868
6300
26705
759
4401
962
3944
4034
5621
11905
5804
2416
2420
8878
8912
1038
14120
5711
5090
1062
6047
6056
17571
93842
54554
94127
6656
6658
2678
6665
6666
13388
9988
1324
7116
6609
6863
6865
14711
25656
3860
6727
13980
6786
758
32345
4073
2943
32700
8105
5960
13580
3701
3714
8073
15195
7309
4134
4141
3956
4852
18383
6087
8170
8173
1255
3742
14892
10764
7780
7145
12955
16034
699
4030
4834
1387
4296
4632
5776
3814
11509
15479
4332
4346
8539
810
1557
926
19296
6280
1747
6771
4642
5423
11863
7228
22765
9768
9002
4582
9010
39559
9067
22831
3041
2732
2950
782
42377
17327
951
6023
10253
1201
95557
9741
9742
9755
9780
9781
661
1219
55896
3904
2982
9748
1899
94038
5803
1319
10023
3080
14769
2494
96241
10347
17069
10751
9781
3324
6414
3918
15569
13609
6614
927
3943
96236
45060
4460
17749
42244
10224
11527
11542
3584
1152
7547
91200
45644
5066
57768
25843
12121
4367
5953
3690
5212
7079
16523
3348
20286
65640
1335
12772
18788
91411
2960
20344
12768
8355
31266
1046
3361
3913
12962
869
1497
9679
9687
997
4753
7150
872
8932
691
2827
13508
4964
1459
61613
24640
5035
5105
2921
1250
6584
1683
1748
1771
3979
1015
9763
7268
20371
7271
21529
29462
93928
93929
1255
1260
93979
15147
12908
1154
14682
45629
18286
1474
776
4076
4076
11642
105509
17801
5207
15323
3207
15439
3318
105617
11068
34679
9868
103323
15768
1192
1763
705
5773
4123
12500
16001
3020
861
49826
97197
685
3246
1133
666
5096
677
25182
924
6125
624
12020
24378
671
672
2915
2549
7114
1887
1103
1111
1127
102841
1425
15266
6559
96144
1192
1199
1628
16984
103149
1530
7121
1661
920
97006
14032
96741
5694
3666
98690
17513
1873
4608
22068
6160
28837
6682
6199
34469
5296
29303
2270
846
1685
858
3117
11759
21849
2904
6242
2728
3988
6672
107483
1156
900
1174
902
3171
3849
1447
3789
14531
6859
16393
3319
6979
6988
13468
752
19215
110021
1038
1941
3277
1972
3676
3680
98950
33181
2929
1299
3671
3673
99089
3604
3606
3609
3620
3633
3908
972
4131
1958
7863
1019
3831
7614
3846
1199
4881
6035
3739
8577
99143
99147
99154
5326
4097
4109
30959
14769
1555
9761
2826
3992
8846
4132
99418
99421
2742
99969
99973
2781
4250
105120
15248
13517
2363
2853
5519
786
864
5059
21060
8816
100312
2723
15966
3125
3960
3964
3969
1791
107341
100597
1187
93988
21672
21681
21717
16223
11450
24979
10054
21869
21880
21912
21941
96404
63694
9082
5920
9971
9977
24989
1108
785
1592
792
96700
832
15300
13184
6723
863
4240
1183
22562
10446
5199
10972
6926
839
22867
3256
5186
19470
10791
1274
108309
5757
765
4968
7172
1009
2566
10010
3767
967
103442
4332
4016
3890
103234
4621
71752
24106
8466
4071
93785
1305
6968
10663
4362
3104
4020
4409
7300
7301
3928
14916
24794
7445
18935
7571
24982
25012
25013
953
25076
2850
12994
6451
9926
25269
40298
1547
924
13329
10721
5494
25598
8291
1609
889
1186
991
5766
1304
10242
39701
1818
789
793
6355
6355
15416
20824
3993
2967
3950
681
708
2610
879
26824
1155
2773
883
1554
4589
8760
27119
875
46275
1206
1217
10051
45969
7814
32313
2049
779
2204
2065
2393
1050
10980
10999
4101
28641
3046
1773
6469
11498
8706
4357
42658
3646
6719
2157
11771
2623
998
3947
992
3618
5878
3249
43214
3955
6294
9795
4297
10047
13972
3303
1005
3969
6608
14186
728
12822
14522
3730
3752
12896
12897
12898
12904
12905
11988
19125
8340
95398
14703
105950
1209
3214
4013
14851
1626
13248
6147
4386
10450
6719
1628
12069
1013
12779
5817
759
736
742
4819
8888
977
8904
9139
1228
27026
1592
3476
2697
1111
1024
6790
6807
6307
3970
1275
1437
6918
2858
7291
7334
66077
6209
1798
13003
6961
3747
6783
7642
3648
2672
1307
4026
33215
3285
6779
59152
7703
13652
15872
33596
33627
4304
4306
7355
16563
2936
18346
14503
9216
9086
16017
1447
3738
8280
1331
9693
9694
35069
35076
4161
5875
5856
5880
9925
10035
1308
4406
6677
2093
835
3359
843
3327
911
3524
1206
62419
1128
1273
5039
6654
23447
4016
4962
4137
2736
10309
9696
3932
3934
3922
16560
7060
819
5522
1169
527
521
5597
10088
559
14144
805
4852
3035
14313
754
10559
1406
1066
1081
1550
1099
3697
3118
3364
6112
5354
1722
1009
12003
773
24006
1362
10946
7786
6916
5828
3862
3863
11733
1838
7466
95972
1746
4691
4141
3610
737
2608
2360
3774
2477
12480
4664
12170
4913
873
971
13203
735
12984
7309
3180
1178
12732
1188
12742
13519
1223
8388
3856
3939
3552
813
10774
824
15903
784
630
858
1507
652
653
610
7898
1077
1089
3927
3827
1064
912
13828
4429
2894
7148
1425
22762
84978
1384
14057
56696
6754
4477
7393
1861
3934
3936
3937
3741
1633
9959
9935
3546
1370
5715
3715
2024
5950
6031
3312
1435
6587
3996
15709
3405
2706
943
3618
4665
931
998
6610
951
3094
1255
5349
128679
27088
8140
885
1185
869
122036
728
729
730
902
6938
9679
3226
2989
1377
7605
3434
791
7193
11686
1157
9811
3627
12752
12754
12051
4227
4390
1010
2305
2341
13269
12460
6787
13558
16025
1000
5175
2539
2627
9291
7352
14383
1849
6691
13226
14334
4352
1982
3754
9672
9687
3710
3965
17794
9846
9875
10283
3931
7822
9863
10085
10092
2972
5955
10098
6025
3872
995
10569
774
780
2840
3404
4633
132519
3662
3834
2913
15828
921
1543
3745
3773
3779
9607
21950
9881
4349
749
11536
1587
2014
1027
1015
5109
4685
10178
6577
5963
6381
978
5907
4523
9239
5821
12114
12695
2925
3761
5979
21918
2768
8367
10308
1020
59567
723
125988
5147
831
844
1432
23776
3218
857
6470
3754
4872
2746
757
5954
1664
12071
771
3760
3761
1423
12300
18724
18725
1709
11498
5590
1283
730
839
3052
1167
9867
1370
9632
1059
9993
8403
5719
103096
974
1652
6991
11660
1284
2658
6066
3281
732
6078
5048
2900
841
2916
125692
942
2984
1243
11352
1267
1054
3945
3960
8445
799
4243
9116
977
899
3742
4596
20295
2016
9154
8831
913
914
9190
1326
3157
3125
6128
990
5245
526
531
3036
11466
1132
4189
4515
5557
3862
3863
27883
1399
4450
10575
3232
17351
4137
1398
4149
1071
5912
3198
3090
916
917
1315
4497
6198
16441
1239
1265
22008
2014
8174
11957
22882
3424
13801
4801
12723
6547
1537
1553
13428
5063
8020
4409
4444
837
849
7242
1408
956
1428
664
1132
2720
4528
1414
3415
3963
4122
13652
5222
4262
7871
3810
6703
6315
13876
18250
4033
1922
1624
5900
3351
4353
755
819
4526
1562
4551
7648
8490
1887
3757
4299
6925
4325
4331
4332
5402
3657
3686
1099
5562
4691
4381
60854
5776
7051
2833
4912
3753
991
15677
5947
15861
754
6237
4184
10196
8525
6154
650
16140
3951
819
4428
963
3206
6770
6893
4651
789
1224
1505
1602
2471
3463
7298
3078
17129
6501
790
11660
1463
3009
4150
1273
17793
2349
1542
6026
972
976
6115
734
686
18381
991
18163
900
853
1187
4385
982
1220
1228
6790
7699
27055
10546
94144
668
682
43302
4051
8387
4065
952
719
1223
9965
9967
36082
1487
10243
1269
3794
2435
757
24567
1043
3323
2098
4848
1388
4630
8826
31606
832
53048
3819
1592
950
142533
1335
11381
4125
10690
9540
4384
2160
11761
1009
3684
3692
3736
139124
933
5798
889
12269
2273
7797
1301
1276
4180
3967
917
21228
1593
2573
3141
11958
1995
1330
901
2422
1025
1413
5810
2185
2133
1037
6101
4933
912
6336
688
1264
9951
3814
795
6599
22545
1712
8570
1757
2368
764
1022
3186
8520
3371
1231
6390
3742
158397
2491
742
8598
712
7685
3963
1589
3514
2205
4236
4238
4240
4241
1555
2540
36291
1924
4627
1795
1606
794
5771
3525
738
2492
2524
10101
1263
926
934
2680
1130
4908
4569
4503
1448
1204
4626
755
1939
2128
1424
9248
2717
4279
1589
1112
6873
48604
3726
1852
1019
1588
1602
768
2184
6760
3943
888
1037
4331
1921
2065
50719
874
4194
1244
1523
2718
1519
7111
4916
3684
977
1894
44172
1829
3547
22865
3832
2008
3319
2693
773
1930
1492
894
895
964
961
2966
1640
1144
1734
808
1698
3400
1589
853
3622
1619
1633
13194
14149
1702
888
870
3891
1290
4256
6491
1337
81749
2555
931
4609
1637
3417
10798
1314
4890
6236
3762
4610
4340
4599
22872
3989
944
22308
2936
4265
2567
594
598
602
909
11675
22559
3697
3701
3904
3911
1347
926
7503
565
3796
3806
27833
3935
4173
1081
3716
6133
697
4441
4342
642
987
4226
6702
6710
912
995
6236
1301
6929
6342
6961
1162
1162
6544
5211
4690
7182
1511
1166
1549
1087
2302
8323
2784
19144
3170
6686
3777
2510
2512
11089
6030
1454
3999
6164
1013
7092
2817
4582
1137
1351
2863
6297
6711
9928
887
6023
9116
839
840
841
843
845
807
1160
679
716
1255
660
3583
844
835
3594
3608
3609
3620
1103
3381
960
3712
5766
1368
3829
1066
3863
1573
7671
3660
3664
1508
753
755
4056
4060
69447
3840
700
620
626
632
636
642
989
5156
859
7695
4654
4742
874
4531
2403
43804
794
8399
1132
1134
1138
1705
1081
22191
904
1413
866
1373
1467
9029
5286
4803
4062
4367
46855
5915
1284
55793
2159
925
933
808
1420
9687
9932
4640
2779
3970
760
1214
3211
4214
10245
2954
5974
5133
10310
6892
10555
54904
972
1402
14698
10706
4233
4790
4808
1056
7917
885
1601
2120
3886
3888
2236
11710
6338
4570
1553
1556
1009
1009
12031
6870
25566
4523
12095
12936
1652
5637
3834
3835
5989
2919
2967
775
880
1355
1023
9832
7674
3246
12919
12920
958
3595
1798
2753
7277
13225
1271
7671
11295
10418
10501
783
3302
1571
1845
1561
1184
13824
3503
3600
3997
925
681
3845
3847
4036
1764
4093
4124
4162
13603
3646
4231
4299
1193
9084
2044
3861
1464
769
1869
9330
7636
1728
1014
1250
6701
1344
15025
4612
9702
681
3681
4872
15768
823
826
830
643
12839
1172
1291
1106
1848
3714
9689
1386
2852
904
6459
4144
1944
1558
985
1631
6219
6273
951
738
2171
6820
1276
4929
993
924
926
928
4116
4859
1046
4935
1540
36746
882
3502
1244
720
2031
1670
3160
2068
1900
702
705
711
6054
937
523
954
972
1145
1551
1063
2988
6607
1633
3296
2558
1487
2993
6916
10806
15696
2550
752
7360
1284
742
1797
2408
2649
758
4055
56042
4070
9871
2731
1215
1488
998
4233
3059
5811
2751
3468
2422
2830
3587
657
1175
1177
924
3746
769
51060
5551
5629
1442
6843
3178
763
5852
15634
902
6683
3705
1478
1748
119480
6242
1164
6337
3697
1334
810
811
3339
4003
811
718
731
742
1216
3944
962
1014
979
982
4441
734
774
1234
1338
1447
7533
146125
1370
23805
1408
1500
7687
936
3767
5596
4043
1232
1235
1768
1302
5922
1619
1568
986
9057
9146
2335
787
1347
2347
3424
823
1469
1667
9576
4179
4187
4194
3910
3912
3917
3918
4202
2360
859
910
4484
1262
2746
1277
10676
4966
4711
3733
2249
5238
1218
933
936
1223
3152
1232
1243
2167
10603
3228
901
777
2523
5942
4061
4342
3998
1671
1350
1502
2300
942
1214
3515
6826
1244
1252
4694
2747
4038
741
743
1917
1519
4938
4052
7148
1899
4334
992
994
1004
3363
11323
1128
3997
8704
3386
637
639
641
1549
565
792
793
800
801
898
755
755
756
626
2584
1189
1093
3451
14405
8413
4955
1084
3984
1469
7622
8806
2513
1460
3258
1771
3037
1960
3893
3946
2431
2146
770
2276
4542
4211
172416
2395
9848
9855
3573
774
967
2790
2672
4475
3983
4729
4760
1746
1625
3318
10863
3410
10636
3429
10681
860
863
1358
3577
3587
1128
1132
1143
707
3745
1500
1380
1396
1408
942
4221
5987
3980
1800
4256
2285
876
1051
3988
5647
980
4458
2856
6750
3522
1546
12760
1351
8451
973
3649
13171
824
1385
1386
13387
4348
660
2176
3214
1754
883
685
1295
3823
3831
3775
4940
1435
2090
739
1398
1711
1469
5464
1066
5235
674
1819
2771
4726
1886
14089
873
762
825
752
1358
1044
32513
1927
1481
1310
15775
15791
15797
748
750
16085
1323
22264
4284
4305
16370
1570
1643
6626
3263
1469
4859
1658
16801
6097
2049
7916
16959
1357
16969
1216
17170
3167
2829
3043
781
869
787
788
800
814
830
666
671
2835
657
1087
1098
1134
927
1298
1980
1381
1448
22655
18179
1464
2753
3743
2801
1716
1725
957
966
1769
3976
4525
1531
2045
4000
18849
1078
895
896
842
776
938
940
2643
987
1193
19398
794
736
5287
1659
1192
734
3429
1730
3291
1775
1243
1911
2708
2718
2149
3699
3701
4245
5324
1210
567
1528
1254
3804
1645
20546
915
5848
5096
723
20820
20823
4043
1453
1906
918
727
201649
1167
21553
1282
21706
21709
21710
21713
21724
21741
1136
831
3819
21932
22216
22262
819
3963
4226
1053
3842
1664
4457
22548
22566
2210
22680
22722
22847
4455
22875
4461
4345
887
896
905
23207
2533
199097
8003
23413
5243
1381
1339
3482
1620
10156
1519
5694
24129
202673
1054
635
3523
24833
24851
1533
3942
3945
25169
1481
776
3283
1467
4527
808
1160
3488
676
684
2122
2681
1243
9352
1977
1291
629
8379
26337
1154
1198
26610
1409
610
1421
840
8725
1084
4783
1907
958
2411
1353
1940
27429
1346
27472
1322
174619
862
869
9724
657
831
1178
1338
713
982
986
3739
798
130944
1629
1276
4018
3957
1189
1190
844
716
16749
944
1095
10473
922
10677
11108
2320
1477
137841
1854
1432
1332
1085
953
1331
1591
1582
814
3003
909
1169
2229
953
660
6023
5973
1780
721
2660
4029
1624
1699
849
1705
1094
2429
6424
730
1406
766
1301
4473
1928
1699
1714
1127
3833
4263
1273
895
2549
1114
1000
553
3828
996
3160
700
1075
1269
591
2477
890
1285
3724
1151
3752
5637
4335
1049
1154
823
1841
5283
3565
714
722
1982
1581
4337
982
873
875
877
658
1249
13170
1279
706
1263
970
978
990
962
1564
1472
1478
1511
1169
2189
6201
1416
3637
842
794
6446
1835
2835
3615
990
2252
2033
809
1162
1310
740
993
789
843
1540
965
1119
793
943
753
897
1539
1101
1969
1572
1399
179820
1375
1386
962
711
714
714
33707
1418
665
677
680
4537
4541
4257
2063
1237
1062
1317
913
1042
1126
1151
5330
4722
4733
4948
1352
2259
1375
1394
1397
2661
5327
896
222135
3195
2248
961
751
787
795
2065
2997
3783
1311
1057
4811
1599
1620
681
681
683
508
691
614
902
880
908
912
1594
33722
2104
7093
1077
68312
1215
1226
1249
552
559
570
579
1135
3294
2608
1423
711
712
735
737
743
751
885
708
1698
934
1711
1055
1275
1094
1109
701
702
1878
981
990
1248
5853
1300
1348
1349
3689
466
467
1448
537
548
535
799
6395
790
6532
853
854
856
1870
1034
1055
1183
980
3109
1394
1412
1576
3593
3674
3619
2009
4305
1385
1911
4297
611
396
398
1366
22623
673
579
601
616
440
639
1041
4247
6434
755
578
767
776
777
825
830
6863
3759
986
1028
1043
1076
1081
1332
819
1275
1313
1321
736
1336
1383
1579
1588
1590
797
1406
1624
1769
4391
977
984
1780
1990
1869
1379
1270
1282
2143
1136
1452
1467
1792
1517
2406
2338
1075
1726
2472
6318
1988
1963
3232
2927
1002
2357
3249
1559
1301
825
1324
974
3599
3605
3616
5103
3753
3771
3726
377
383
740
843
4105
533
541
554
679
642
648
1390
4809
952
4961
4998
4430
1958
1720
4687
1389
1832
1485
928
7317
5194
820
1102
5495
5514
520
521
533
723
989
1256
884
1135
433
436
835
956
1003
9873
1047
1053
617
817
9712
9713
779
809
229373
721
770
773
892
1347
1776
546
10464
683
1803
2464
572
2009
1722
874
700
1004
1535
1555
579
440
747
971
778
1436
1564
1066
1197
1310
1089
847
907
433
1284
2297
564
570
1131
830
523
616
617
813
997
577
443
445
1036
900
1337
1026
479
481
491
482
492
493
956
830
671
689
879
1040
730
734
741
748
748
595
1272
1332
1346
1353
1560
1972
2403
1289
1229
535
715
1416
817
1323
1222
3520
4635
729
1907
1633
1761
800
870
1312
3168
1041
870
682
1686
1239
1240
986
796
798
861
636
1042
1044
852
828
1475
982
2146
964
973
974
1036
4572
2886
711
1243
525
526
897
1102
2780
2783
1081
1093
1106
863
563
2217
3294
720
1237
1445
544
2607
1863
2401
674
1806
2427
4322
2663
3405
1235
1283
883
889
1641
1214
1658
616
617
5480
3704
1672
3710
3718
2091
845
3604
3609
1067
2395
931
4762
4249
4255
2228
1254
1272
3030
944
2137
4606
1592
1599
4940
4967
2565
882
2324
534
844
731
1841
457
467
752
1013
1612
663
1283
1459
1070
939
950
1163
1201
1213
1376
183698
1178
1530
2205
951
1041
1945
1255
2078
2644
3454
1348
877
825
1035
1044
1059
1004
1030
1178
1016
1426
829
844
1861
738
545
546
596
2333
674
417
268
1000
461
524
685
625
792
568
1227
977
992
859
1251
670
817
436
715
704
706
1400
935
937
960
686
464
466
474
1602
1447
1197
1449
737
1497
871
872
1647
105559
510
1165
1296
1305
484
822
831
988
787
334
610
479
569
725
966
1695
738
475
786
713
506
512
855
614
1446
1516
847
996
618
1112
1931
1299
830
1337
889
892
819
1233
2318
2032
1368
1096
1738
1787
1550
1347
1378
1843
975
1219
765
773
775
775
902
997
1405
583
670
1489
1289
599
721
1187
1020
2032
783
2128
937
3443
1301
832
768
1546
2360
1629
950
2110
2226
2556
2869
2659
1540
1012
2545
952
1253
1398
971
1223
970
1599
876
968
1598
1822
1227
2309
1968
873
2521
929
335
1888
653
919
925
374
374
933
936
768
808
813
831
3435
2379
959
975
1116
1180
3714
1318
2893
586
1493
86
223
5376
351
400
541
547
2589
559
652
1148
758
721
828
518
521
5939
608
524
398
539
540
542
544
692
698
698
175
176
326
620
734
1197
364
790
1488
1547
1301
313
568
521
814
823
366
512
676
682
354
752
1171
1172
1239
668
2170
1384
740
1477
1586
596
760
1090
881
895
945
955
959
967
1002
1487
12769
422
1128
427
428
1187
1215
703
435
1345
1367
1400
1031
1525
865
608
1608
765
615
1869
2112
552
566
567
958
682
696
697
712
1943
3462
411
873
2140
1164
1283
694
703
710
1171
874
652
1735
1342
2093
942
2507
928
4215
813
5399
754
2284
401
404
405
417
418
484
553
566
572
634
696
483
3162
690
371
462
478
4008
1613
3709
552
1367
837
831
600
1020
1354
1883
759
5071
520
1665
893
974
981
1524
696
3789
1019
1592
674
676
429
1089
4264
1321
1360
835
1289
755
634
1503
1225
938
1121
474
850
641
996
1728
433
810
732
471
737
655
709
899
1618
727
320
1185
535
1523
439
453
541
581
1638
753
937
2066
746
1016
973
987
1272
1160
692
293
906
532
798
980
994
1017
2282
1637
642
652
653
655
864
770
771
771
777
755
1097
1403
1405
733
1005
1637
1754
1943
1845
1830
813
2713
2196
1310
2108
418
547
278
1606
560
377
379
660
3263
451
489
221
331
1877
215243
678
485
559
581
692
356
1106
1140
4041
334
267
395
979
465
465
718
1083
652
5882
846
126
453
270
261
312
553
419
135
95
222
699
298
304
307
319
610
111
329
619
341
315
326
400
479
502
541
535
586
597
611
909
658
685
743
853
865
592
768
1023
1223
1257
335
337
135
172
214
433
915
201
767
287
304
306
1214
289
384
386
328
244
252
255
376
424
588
382
858
443
851
178
717
323
175
309
420
429
149
153
159
164
267
216
218
221
223
776
261
265
269
381
311
318
340
356
795
438
794
769
1188
858
999
511
385
752
708
636
670
281
289
515
311
313
386
342
401
756
317
255
361
517
472
473
370
372
761
881
769
312
481
1013
2047
252
253
267
268
270
270
271
276
286
288
342
351
1063
395
450
450
462
418
466
478
529
546
713
838
849
883
917
1305
286
32
87
91
304
275
989
283
284
286
289
292
286
235
168
743
614
128
302
184
231
751
464
468
145
454
473
359
546
556
2045
980
150
124
759
784
217
239
405
442
500
276
843
1000
247
1109
803
620
591
422
391
1669
1739
517
533
246
333
242
494
870
479
322
561
554
327
1095
284
417
196
198
210
211
214
219
290
408
344
350
360
404
427
769
790
919
646
265
318
324
336
342
600
408
590
596
250
1101
436
241
325
412
165
583
225
133
273
445
190
526
748
115
267
123
124
144
157
161
187
210
211
218
245
134
638
310
426
179
235
328
599
430
531
933
1053
1091
411
981
1975
2064
417
485
691
323
238
272
133
835
372
522
556
386
387
695
717
511
1008
1157
709
424
1977
812
131
219
535
520
229
224
1065
315
631
743
221
137
141
142
145
188
196
214
237
237
315
316
458
492
762
772
1355
32
49
1062
346
1564
197
148
287
221
505
288
448
640
481
187
465
594
107
188
282
284
403
267
335
877
839
352
356
832
526
478
719
573
1953
794
577
435
1381
530
189
321
441
460
594
621
386
761
767
770
280
922
935
385
202
555
416
533
1658
751
191
197
326
329
382
394
435
853
280
125
166
290
223
384
441
570
590
517
307
308
309
407
880
493
562
582
846
868
188
184
188
469
200
514
743
404
317
186
447
260
509
256
212
222
379
186
187
188
189
191
192
312
389
329
643
668
597
1071
446
448
731
827
307
1316
536
545
547
657
665
669
786
376
379
733
725
262
216
681
319
552
455
696
1120
620
2365
187
1670
417
259
198
200
231
232
941
627
198
203
206
211
214
266
276
285
335
370
378
393
417
442
362
1146
512
439
593
507
763
661
794
393
356
357
363
589
555
317
928
424
432
1033
556
704
722
726
729
768
847
386
784
1312
1533
341
249
238
252
454
238
240
332
530
422
427
431
515
376
649
938
309
989
704
422
430
261
269
161
587
639
220
277
289
751
363
455
475
479
481
534
485
948
269
907
941
1105
321
322
1092
643
322
746
1113
578
424
316
317
505
434
545
554
444
436
473
579
566
655
764
450
570
875
129
565
366
360
603
725
138
1083
189
193
369
1320
128
132
172
185
235
597
271
271
463
349
1405
290
681
273
443
903
161
162
446
346
463
691
286
413
591
903
175
455
133
323
309
309
321
446
1211
505
347
2020
629
577
241
591
363
718
2225
466
821
360
294
537
456
2671
495
2773
1295
535
3407
382
3375
135
166
183
227
1170
865
4362
846
908
838
444
445
192
145
146
356
452
444
9689
988
301
390
581
893
314
255
448
445
451
445
757
762
265
900
655
911
300
191
256
286
306
308
312
325
374
427
689
909
616
583
359
891
528
288
386
272
573
202
806
285
170
440
410
385
414
261
263
212
286
220
171
146
234
419
398
552
554
532
1083
788
322
422
858
1356
786
330
530
311
315
752
787
581
433
495
586
260
351
279
342
681
342
354
424
451
459
599
540
555
720
449
524
965
750
1348
1068
1110
311
312
420
433
351
647
262
278
282
751
372
473
271
455
690
805
827
106
109
339
880
1181
840
357
551
662
185
587
461
260
695
346
442
136
522
284
414
269
176
1173
466
921
1188
584
464
576
247
185
442
697
911
1056
539
665
143
1038
278
320
1252
1333
425
1417
329
692
340
327
332
333
1126
462
287
347
383
460
351
355
462
506
594
595
432
931
195
279
517
517
551
251
187
187
280
340
532
718
725
623
628
1098
1457
1523
639
449
752
1704
821
1787
436
308
585
512
193
154
835
357
358
362
926
317
486
1051
271
143
146
182
183
186
191
204
223
294
341
508
553
607
654
749
288
480
484
370
713
240
537
215
234
473
425
577
328
2695
261
317
461
936
670
435
344
346
451
454
4068
254
574
587
716
942
1059
1123
130
720
730
745
227
231
845
865
1272
514
742
885
976
1004
405
557
560
561
1105
171
273
354
355
15142
338
347
1043
598
694
1045
822
1073
353
354
248
151
364
395
844
353
485
601
618
720
969
688
250
255
432
614
781
341
331
346
350
468
557
576
580
585
800
1017
424
307
936
1080
304
307
308
324
347
430
453
731
712
771
693
696
761
789
895
1073
1177
610
1287
1391
1411
1498
610
1475
1660
249
366
350
327
127
145
198
232
311
312
321
396
449
453
571
571
627
694
461
174
257
445
265
48
30
56
79
90
127
240
1023
980
610
315
442
476
463
600
612
618
630
749
777
790
491
1433
1210
859
467
455
601
604
611
1596
758
768
296
1709
1012
948
138
22
2190
226
131
443
764
110
533
186
633
646
870
985
714
1411
1638
428
433
560
567
575
695
725
212
862
1122
344
1132
416
310
417
341
575
46
31
67
98
100
715
309
124
241
216
352
145
146
587
349
631
829
837
376
378
380
382
193
470
228
395
553
329
266
265
423
316
643
382
171
376
169
224
194
199
321
262
316
702
465
46
48
54
342
243
595
72
44
839
729
1641
533
466
332
318
359
477
445
591
592
597
841
997
1116
341
144
556
631
592
124
125
348
1059
82
32
691
819
44
23
517
27
26
36
55
513
344
995
515
382
401
411
417
419
531
533
682
686
796
913
946
950
1202
1221
1247
22
33
124
125
401
648
470
225
290
354
358
360
356
1054
1105
341
321
811
340
814
576
541
464
567
1469
589
346
436
1208
597
259
265
443
460
553
560
627
633
443
617
890
446
1357
1516
465
441
443
539
582
445
130
132
175
216
937
406
170
124
442
354
347
256
260
261
262
347
647
913
1449
393
62
593
66
525
269
754
718
361
813
353
266
493
1270
282
312
319
320
324
325
328
428
432
544
441
445
622
636
735
1118
407
516
525
623
741
267
269
349
526
534
449
539
755
542
212
127
130
170
464
597
743
950
400
244
828
515
586
622
346
347
349
354
357
372
470
270
738
769
280
249
892
899
151
1081
1099
354
1384
1676
1708
437
345
239
151
817
451
264
458
353
594
612
762
336
903
1068
516
306
308
314
538
263
962
620
348
1046
474
346
112
113
575
741
257
166
217
214
174
329
563
347
350
358
1036
470
476
486
584
263
462
537
404
1493
937
370
458
167
172
1066
665
1063
464
265
352
642
387
652
690
375
459
481
665
463
465
591
347
465
465
1083
95
32
33
34
76
478
280
366
174
213
591
591
484
244
249
325
406
669
130
340
133
141
183
227
304
317
342
741
310
573
572
697
239
589
405
417
497
355
357
472
587
716
968
587
1522
334
442
444
445
453
704
257
390
328
910
454
564
571
585
386
388
790
1905
641
114
300
120
121
150
361
438
444
383
311
382
487
647
417
421
240
242
259
261
262
464
469
492
497
528
599
978
688
1103
952
155
933
491
331
293
296
449
590
603
262
620
688
771
288
289
290
292
911
1022
1096
1237
755
835
3392
124
463
112
151
261
168
1086
278
458
464
1475
624
437
122
204
222
361
302
411
946
497
592
611
623
627
280
290
291
1674
593
931
576
357
262
444
329
743
444
445
447
596
607
613
901
1720
586
661
347
538
403
358
642
643
402
566
403
1064
238
335
406
421
534
349
266
270
275
352
362
731
908
458
593
480
340
1023
668
331
336
339
574
449
554
569
570
239
247
671
248
252
254
263
271
711
328
345
429
489
499
923
517
600
380
786
281
285
288
302
303
508
613
698
814
880
902
1049
1319
123
216
223
894
760
761
902
1054
809
823
443
280
283
284
186
360
386
404
409
105
114
471
475
482
185
197
548
227
599
637
327
467
737
477
772
807
775
855
1355
352
632
270
782
170
415
239
238
404
127
95
817
346
27
55
952
972
1080
442
582
450
604
758
468
587
199
1216
232
282
175
240
286
298
349
380
478
268
573
268
591
581
347
594
595
704
759
521
898
167
310
750
841
912
382
365
398
639
1491
821
1438
140
185
1156
918
252
257
261
316
609
1656
1096
1560
925
1800
446
455
389
598
623
634
737
751
765
384
1092
510
646
1353
1367
1439
280
41
42
280
167
168
170
228
614
354
354
378
282
1367
265
1302
358
360
369
669
613
444
851
292
958
781
485
522
540
654
995
1070
670
260
283
167
570
167
525
776
167
171
228
314
349
372
376
377
384
501
538
447
453
498
512
525
537
584
588
589
623
650
655
681
785
688
725
755
785
1016
1037
1173
1212
1227
1243
1296
1392
1044
311
1700
194
263
370
399
2450
248
255
324
1813
585
353
593
448
453
453
463
586
471
486
488
489
597
652
703
755
776
781
802
808
810
821
941
994
1086
1135
746
955
837
845
1395
1410
1256
467
1558
328
502
596
1396
1122
838
591
416
340
456
525
341
698
963
597
852
283
53
367
386
392
286
481
531
564
699
873
580
559
813
1121
707
1155
1161
1186
1297
1361
349
425
567
617
322
668
26
24
572
413
63
443
30
693
703
442
597
548
480
284
552
294
298
301
1507
400
1747
727
1019
125
257
271
595
250
380
184
228
475
166
197
213
265
271
281
351
477
166
166
172
483
644
287
289
300
305
309
320
388
482
503
587
624
699
736
743
976
1132
1326
525
420
422
961
707
418
1192
424
435
1003
293
1411
334
342
353
361
374
383
468
480
523
582
603
623
652
1009
1016
1160
888
1043
169
201
493
140
229
145
321
252
471
357
560
610
478
2227
1072
497
159
206
216
293
217
557
841
419
426
429
553
554
559
708
414
1675
161
122
152
196
430
434
662
369
260
282
396
454
679
699
5506
818
924
852
1017
1028
1040
1051
1433
784
1950
996
1453
2417
1579
757
676
756
1224
1239
635
289
291
292
1421
402
403
836
2159
992
1569
461
2623
1822
814
592
443
1752
500
534
399
770
460
12076
1176
512
696
833
841
847
332
618
1181
507
250
253
263
273
438
442
449
453
454
516
250
585
841
253
310
582
769
313
124
124
312
419
1606
590
333
1060
1079
346
559
474
478
590
617
725
1077
1429
757
707
1861
620
442
449
451
452
596
1114
758
646
470
354
1383
2292
654
355
1080
223
223
350
319
778
253
355
356
427
349
708
739
769
1162
446
447
842
359
310
353
363
365
377
378
482
599
601
1088
1110
1135
1160
526
251
417
421
428
518
442
443
181
140
419
901
586
1290
348
314
317
322
324
544
546
304
749
1092
3604
3329
113
3408
115
3670
3840
569
296
496
570
767
919
1045
1304
421
449
609
1291
643
1463
442
450
581
244
748
142
458
14882
588
341
699
322
368
426
1271
358
364
443
455
351
143
144
250
250
251
253
788
244
146
295
274
157
204
248
400
154
261
302
397
167
834
285
170
270
624
135
146
157
159
177
194
210
215
265
511
328
384
410
558
399
418
784
524
328
670
405
401
383
383
386
42
43
487
141
144
106
361
650
511
709
349
446
556
448
419
328
329
334
335
338
342
31
41
50
81
82
98
103
898
575
353
270
573
875
976
722
729
331
1190
1568
357
1027
721
466
483
827
854
865
1322
77
28
36
43
296
252
686
1043
645
299
106
345
336
143
185
204
238
480
706
405
201
406
475
340
1038
1767
808
957
713
1705
631
421
1121
448
1320
775
1044
1550
268
196
859
310
405
196
198
412
476
404
485
488
383
356
270
272
277
368
369
452
458
467
720
472
196
403
107
106
806
344
457
577
964
1072
286
385
446
261
264
196
640
653
720
339
552
257
464
347
267
263
311
310
124
126
749
417
215
215
317
983
190
816
341
859
1120
1156
1598
465
1158
257
263
425
446
353
525
203
822
445
262
170
211
168
171
699
344
416
900
965
571
455
695
704
477
1392
461
576
588
353
354
587
705
465
590
442
822
348
484
714
485
641
203
205
346
346
334
481
582
877
353
455
349
356
357
461
464
480
588
594
200
848
355
491
1475
477
691
577
817
1445
177
198
1549
197
463
610
326
405
347
349
350
472
588
485
240
319
276
446
1024
1073
949
1196
1071
703
348
351
468
477
379
863
509
1487
466
368
369
468
481
582
601
711
723
173
1104
187
1535
599
238
106
296
625
196
202
211
215
221
276
290
373
404
576
610
838
920
978
455
565
1099
1185
461
434
345
349
478
717
824
937
1829
214
106
107
347
347
583
347
377
473
576
467
1750
431
546
547
557
349
773
784
586
571
336
197
689
543
1527
463
465
1190
330
456
404
402
1046
452
920
627
721
571
131
267
929
805
776
280
476
488
768
167
129
129
144
176
213
268
357
371
428
420
475
213
129
309
362
319
405
825
124
269
848
943
1204
586
356
370
373
379
381
382
483
486
601
603
614
637
740
744
756
818
824
853
866
219
171
220
538
311
350
715
1223
349
615
106
145
405
242
331
331
419
424
498
654
417
743
410
309
410
413
572
736
476
578
311
812
362
365
369
937
849
1101
1318
576
406
473
537
587
465
347
454
712
348
459
475
1057
703
424
810
352
310
430
514
1476
442
422
269
272
290
298
364
291
386
458
464
473
498
579
724
758
778
475
1100
352
262
622
621
415
825
416
575
525
342
466
577
903
203
456
592
610
407
769
130
1224
127
136
140
286
289
1513
366
1925
585
716
351
825
1384
700
865
420
431
435
441
442
455
552
574
610
612
741
749
751
857
861
872
269
987
1129
1180
274
290
345
1307
376
444
493
1500
725
708
351
262
819
856
582
310
420
531
532
346
349
491
467
352
247
248
257
719
423
297
298
487
504
370
460
465
490
583
680
216
265
1123
1374
806
810
322
240
342
344
994
161
332
167
213
238
156
804
456
200
405
271
129
128
134
274
465
351
470
473
416
1212
327
329
276
1081
167
266
264
731
198
112
114
118
119
158
707
349
356
592
171
128
362
704
133
134
135
314
355
483
606
708
830
581
462
224
106
783
327
234
221
208
167
427
643
377
280
164
330
376
376
130
95
129
742
213
212
190
606
491
537
638
802
1570
417
196
421
326
636
506
345
347
454
460
464
598
229
939
949
124
346
264
125
941
377
503
505
265
629
466
161
215
463
743
605
752
907
1236
1354
1392
358
594
450
223
135
142
151
156
211
244
454
320
332
336
384
401
1166
341
382
343
350
354
366
370
376
395
396
398
399
406
411
411
415
420
429
438
442
443
446
448
450
367
452
460
468
469
487
500
511
513
514
534
644
649
666
694
715
735
740
774
840
885
904
905
844
930
513
977
1024
1161
1169
1172
1199
1288
373
381
1343
1400
1688
1696
1733
1776
1870
1932
1958
2122
1798
2230
2277
2387
415
819
130
559
362
372
383
1070
340
377
1016
427
336
467
346
348
359
360
469
594
716
723
387
287
456
782
1052
424
346
350
355
467
716
213
171
1024
458
341
171
177
1028
306
185
106
341
689
339
487
457
460
460
288
340
345
508
373
376
377
481
492
494
498
589
710
715
871
936
962
981
810
406
240
351
326
361
328
331
448
443
457
749
763
225
1205
1378
191
1589
649
257
221
361
626
592
164
264
281
282
113
371
457
458
541
555
763
932
443
289
292
293
295
298
359
373
379
451
560
571
633
697
699
759
861
896
1160
319
193
277
330
371
116
125
127
158
213
219
231
279
282
335
383
316
124
229
903
607
456
624
609
765
574
340
1326
314
535
711
352
478
1088
692
447
842
456
459
578
587
532
803
341
344
353
363
264
601
617
623
635
135
695
709
724
827
875
1429
1117
1641
1859
313
525
1064
717
353
594
1064
170
126
184
201
217
249
277
317
385
393
534
300
478
481
594
360
213
593
458
359
846
286
457
112
383
645
485
386
743
199
785
113
120
161
241
593
1176
587
2580
442
2696
123
213
5815
306
489
376
376
214
124
219
633
641
771
456
313
129
928
124
125
132
173
259
266
35
43
584
99
392
581
695
169
213
331
497
203
210
275
355
303
176
490
307
780
579
342
906
425
383
387
261
432
522
681
874
823
585
179
139
187
372
470
167
126
125
167
432
124
127
167
129
1289
706
443
263
214
124
128
734
340
341
1175
470
472
474
824
948
183
108
197
199
200
351
410
413
280
203
206
216
279
790
931
1224
394
263
170
143
171
106
314
624
355
590
594
1048
624
344
353
692
350
510
356
251
593
598
516
825
271
271
254
170
357
432
608
722
740
860
441
265
271
595
362
365
451
622
1651
313
184
186
187
654
214
173
186
263
265
322
334
443
444
347
351
354
152
163
165
741
202
245
247
314
334
341
1305
421
598
605
495
498
644
807
1695
625
445
2437
143
190
583
346
347
350
351
364
367
373
373
375
478
487
596
712
855
992
1079
909
737
677
350
476
573
584
820
824
266
279
207
209
472
810
575
247
602
895
145
286
442
679
1416
484
572
706
715
946
455
1177
1416
442
203
202
218
222
236
285
303
319
356
397
490
497
504
541
583
677
203
190
348
152
250
577
584
345
341
336
1043
937
965
1387
575
578
582
727
746
1182
1194
1498
258
124
1088
143
294
145
146
160
161
249
257
322
365
681
287
286
207
487
205
206
207
274
419
902
997
556
834
51
23
33
48
340
340
343
446
819
343
349
457
787
1070
1284
486
291
390
681
28
84
172
124
202
33
24
346
194
249
1255
196
197
202
385
185
43
56
197
205
212
267
273
286
355
412
662
254
377
598
388
39
25
34
611
611
745
751
755
1905
386
386
28
102
333
694
377
376
293
346
146
145
151
188
704
47
22
349
358
344
584
606
857
1071
1083
1095
1167
381
183
111
302
365
1222
382
509
769
340
592
695
704
66
31
632
376
6489
345
588
701
813
824
1031
1052
1211
1384
1433
595
344
124
222
330
299
170
107
196
293
218
105
145
325
270
109
262
426
7985
185
741
747
320
313
972
266
554
199
215
221
234
237
264
274
287
295
302
304
350
357
385
415
435
988
527
649
1145
798
403
649
552
977
1361
412
597
279
416
422
579
1356
555
837
145
261
412
692
142
423
114
183
201
233
367
513
512
261
288
293
356
358
637
364
364
372
376
389
468
490
541
608
750
819
331
865
1214
409
1274
514
1131
479
272
273
132
350
22
73
379
498
196
377
378
403
407
408
410
517
528
531
255
679
776
787
932
277
284
289
352
448
465
512
577
1285
670
1346
890
1693
578
350
465
575
577
586
260
34
33
34
51
53
57
190
571
480
576
578
588
722
832
1104
1189
697
563
697
701
705
713
718
636
505
1042
465
1405
22
34
108
197
446
106
109
150
184
1750
467
1156
635
415
390
582
442
591
196
196
339
537
443
1043
742
895
404
225
32
28
33
53
103
196
411
643
1059
423
581
351
460
465
202
1198
209
1459
272
271
348
271
160
404
759
538
225
250
695
171
526
344
460
462
581
811
195
202
206
207
212
346
405
594
781
298
397
398
400
490
886
911
457
246
473
166
172
172
176
188
189
199
200
206
210
214
220
240
249
251
252
254
266
275
275
276
287
339
341
341
347
434
449
472
280
530
588
69
105
645
135
1074
592
446
893
402
170
182
184
187
209
231
235
245
249
259
280
296
403
411
440
451
469
514
612
645
217
458
250
510
218
130
131
318
325
759
593
590
691
289
292
483
197
214
263
406
218
938
1081
250
2215
255
338
691
347
166
237
327
411
434
313
391
895
956
212
273
277
316
698
1720
93
351
99
442
32
243
54
169
448
335
267
591
828
853
480
166
169
474
441
891
287
597
1644
447
448
745
123
446
450
457
459
219
237
612
614
623
624
168
330
345
286
354
664
1365
1712
251
251
342
424
429
214
124
259
143
244
745
398
341
171
451
455
741
764
907
484
299
1498
1823
605
338
215
124
344
204
271
350
273
238
239
247
263
273
278
308
311
313
327
329
348
351
356
357
365
377
386
419
434
445
453
464
470
475
492
500
502
513
551
577
589
611
625
639
672
692
733
742
886
899
919
1021
1074
1170
1262
1301
1349
1571
1687
1702
1741
1955
1969
2100
2396
2422
2683
2686
2687
2710
2798
50
2874
74
1598
2991
1515
3568
682
900
900
593
320
485
272
288
419
352
157
685
797
370
741
464
446
465
590
1052
646
1076
351
656
144
503
491
669
689
345
349
350
355
356
468
594
701
247
190
746
645
442
163
170
172
214
281
289
407
278
458
266
337
344
350
638
356
358
201
596
707
230
410
167
1325
338
344
237
23
39
43
457
340
1785
442
378
468
160
637
161
484
276
797
783
785
1197
1066
35
1041
340
1171
396
124
132
134
158
160
162
203
215
224
227
242
253
342
380
484
494
447
447
1055
413
204
206
222
225
284
287
833
383
436
528
580
352
767
468
212
125
126
134
231
235
318
265
203
204
206
332
409
634
277
272
196
94
337
473
490
123
128
483
700
350
1172
199
704
127
136
286
347
346
265
403
236
170
173
344
350
350
202
123
215
125
221
348
166
104
115
117
145
147
155
168
207
244
292
215
124
556
201
203
206
270
354
471
483
737
317
320
636
739
767
988
183
315
93
136
200
340
196
199
116
122
153
163
164
169
171
172
174
180
197
270
272
280
313
385
399
402
444
448
477
495
542
553
613
629
665
688
810
812
885
420
977
1021
69
74
85
93
113
114
129
754
415
523
594
611
376
341
198
199
264
483
327
532
600
753
521
327
553
195
210
278
355
817
974
1917
1119
573
359
362
365
462
470
530
573
588
622
633
647
753
862
988
989
1001
1208
1301
1338
1376
38
150
749
592
30
48
99
100
140
156
203
592
157
54
952
169
165
346
349
708
52
594
96
576
593
345
459
941
93
1897
438
312
188
514
28
31
81
84
88
96
151
259
170
184
379
446
583
348
354
469
1188
170
174
218
332
270
335
343
361
434
562
657
471
340
581
347
821
348
581
939
345
583
443
1157
196
196
441
594
278
153
744
744
616
309
618
53
28
32
43
594
447
447
448
449
599
742
276
113
263
334
196
161
226
227
277
744
592
896
1052
466
347
150
152
276
161
195
460
93
54
125
591
604
745
168
201
420
206
326
349
786
520
160
260
443
237
125
234
442
441
390
576
1523
820
351
685
270
335
748
444
346
215
469
470
125
1120
1245
1303
462
2547
385
697
711
442
909
268
444
452
461
748
1193
309
350
309
317
410
412
443
586
536
544
623
190
978
405
1398
2028
256
266
269
806
1776
2073
2101
580
2259
2383
364
596
1184
8517
311
319
331
377
177
438
448
236
472
2169
341
43
56
57
66
70
74
74
75
76
92
100
102
142
147
409
416
535
1316
738
273
376
142
378
192
1164
377
296
147
385
271
520
525
555
636
947
1069
237
168
896
453
760
900
914
1202
891
377
819
582
128
129
346
346
358
359
466
469
593
605
830
233
97
100
105
132
165
171
194
193
200
202
299
457
761
95
133
464
358
359
360
480
582
598
1026
708
200
128
393
896
416
1282
554
631
826
443
262
265
269
359
447
685
265
471
197
549
205
203
633
692
1755
1773
551
420
716
835
840
1139
583
583
588
512
520
726
404
266
635
522
418
473
305
199
419
517
519
40
28
47
104
592
449
455
602
607
1072
1089
524
1371
1400
376
381
898
412
331
413
378
300
94
131
202
330
442
745
1651
534
266
267
271
272
352
362
552
834
1058
1029
1022
406
307
313
517
529
623
636
752
263
198
443
677
742
446
1067
350
512
352
446
400
619
265
263
279
281
285
293
356
112
460
491
245
712
718
459
907
932
996
1044
1062
308
304
834
596
1440
522
574
314
457
635
1172
524
311
312
83
106
1256
30
263
44
48
49
70
86
133
184
229
254
304
52
757
698
377
889
266
467
201
197
38
31
41
56
67
71
84
463
278
280
405
406
759
765
770
138
1490
2053
202
106
204
144
33
36
68
290
52
30
370
589
14623
264
337
428
637
494
505
634
635
380
691
106
113
145
113
198
551
206
202
350
83
33
55
59
61
274
202
698
41
70
419
428
693
700
718
1130
1298
299
184
378
112
760
112
689
127
133
140
144
151
153
176
197
213
228
236
242
324
502
41
31
139
76
112
118
158
203
281
44
28
68
30
43
503
143
142
144
378
647
1030
1052
338
196
821
467
376
279
194
144
245
340
153
460
122
124
159
203
357
275
155
58
27
29
550
418
420
424
425
145
33
36
701
1297
1415
28
42
265
266
339
3459
227
6316
143
1017
377
378
168
124
197
468
345
124
228
372
445
384
523
160
315
164
168
188
236
240
322
394
313
468
575
724
278
151
284
264
263
142
242
13794
631
766
112
302
193
128
216
151
194
246
190
361
124
113
114
157
362
440
143
193
244
836
149
151
152
299
414
277
153
636
376
386
641
781
904
760
377
336
277
204
192
332
757
843
112
115
128
152
156
177
251
315
319
361
376
440
474
541
618
862
1112
1227
1249
1350
2072
504
764
264
263
694
412
834
1019
418
419
421
378
504
1259
393
147
196
242
521
307
1227
332
347
200
201
333
346
348
896
447
340
197
280
1844
334
200
701
697
1400
1720
1255
474
1423
361
369
371
850
1226
1116
1367
595
405
353
323
1147
1023
376
632
748
706
591
196
191
152
333
199
477
474
256
122
222
882
315
113
120
121
122
161
197
168
132
132
223
231
1011
1098
143
149
158
161
164
168
212
269
305
328
336
345
376
464
118
288
170
225
228
171
175
611
711
245
121
122
1783
1035
235
158
361
784
331
127
167
212
262
166
347
454
159
153
159
161
163
198
214
223
298
329
843
1215
314
132
171
178
228
304
13759
1166
227
161
243
196
245
351
596
395
414
850
8159
195
266
513
200
197
200
383
441
645
446
262
352
511
385
388
265
197
201
202
267
911
477
263
218
269
163
164
471
274
645
337
405
408
408
239
255
265
265
267
293
295
336
394
427
454
470
520
650
845
1364
1010
1080
1134
1283
360
592
358
1104
1209
596
357
358
366
367
448
463
637
1197
839
304
308
314
418
427
430
521
525
549
553
1247
1346
1311
515
538
418
650
204
279
283
1064
1075
624
1569
333
406
671
1276
412
413
416
425
425
427
438
442
451
561
578
579
590
596
706
713
1002
1504
1572
1644
160
219
278
200
198
335
836
480
1123
282
205
273
166
340
175
220
423
331
337
355
518
357
263
1488
625
1171
383
388
667
968
1772
263
270
279
280
1097
356
373
459
636
645
265
204
836
423
431
442
538
692
734
806
280
322
394
337
335
477
1035
468
391
394
395
398
406
346
511
524
538
661
662
956
914
922
840
471
972
143
202
255
294
400
206
273
332
340
348
263
273
172
365
445
448
290
639
646
755
701
264
266
825
284
112
120
124
151
197
383
776
694
415
419
567
702
704
882
347
336
606
383
555
381
517
670
563
347
115
221
1242
519
1563
956
955
264
191
156
162
166
195
204
265
309
385
669
775
408
115
417
415
693
170
169
352
359
360
363
364
382
383
385
482
503
748
753
164
835
857
858
262
320
1100
170
1355
429
406
116
174
184
193
197
203
210
263
264
289
298
305
306
313
315
331
342
390
397
406
435
465
493
599
617
658
685
731
734
740
743
756
766
768
769
823
832
835
845
856
864
880
891
972
994
1008
1032
1081
1097
1159
1181
1189
1226
1272
1314
1333
1397
1398
1576
1631
1677
1762
1878
1887
1925
2060
692
315
316
422
352
355
356
486
598
602
852
863
268
196
280
863
739
233
130
202
271
240
473
377
225
130
134
180
200
269
112
129
144
230
232
254
264
268
270
312
345
430
478
479
505
197
199
623
264
335
342
142
197
247
113
119
285
330
114
122
150
204
280
292
421
311
693
403
196
266
275
346
552
626
482
1724
476
693
248
527
672
344
346
839
671
350
351
949
958
416
316
417
749
412
964
266
196
198
475
280
284
197
263
408
200
204
207
273
340
417
325
415
446
272
507
975
1639
824
266
196
477
375
334
197
217
260
479
823
302
125
138
227
262
590
346
445
737
777
345
125
172
473
267
198
331
672
268
262
265
480
262
442
526
145
154
168
199
254
357
380
411
488
572
595
715
353
264
271
628
621
633
642
529
643
463
631
532
521
582
263
275
354
452
545
741
742
633
264
113
273
354
355
583
346
486
594
602
608
706
1190
191
147
446
484
125
126
128
223
224
410
125
127
129
312
613
331
347
475
Tue May  3 19:44:37 EDT 2016
