Waf: Entering directory `/nethome/gsrinagesh3/ns-allinone-3.24.1/ns-3.24.1/build'
Waf: Leaving directory `/nethome/gsrinagesh3/ns-allinone-3.24.1/ns-3.24.1/build'
Build commands will be stored in build/compile_commands.json
'build' finished successfully (3.508s)
Load generated: 724874 bps
Number of response times recorded: 18378
32
29
37
218
111
119
128
316
133
281
277
283
283
230
304
431
384
373
463
424
383
433
345
243
171
532
517
294
331
352
266
234
486
390
285
339
416
353
416
436
453
748
397
749
329
539
471
520
287
566
402
479
397
595
634
1101
463
663
496
424
536
333
618
725
328
572
328
662
407
421
422
283
690
730
749
595
807
536
360
369
1411
1051
1614
598
455
762
1434
410
438
630
531
603
726
300
1610
507
557
1511
1453
312
1634
1837
666
976
370
816
770
454
546
2327
658
2315
513
375
1881
1737
510
475
462
423
2285
451
550
2480
233
2080
2558
612
445
462
446
811
1774
420
784
2616
2486
1827
1979
2249
2525
837
556
2456
2591
1798
1897
1739
2625
1927
1446
473
2497
2141
902
605
322
1812
1666
3124
413
1539
3130
1739
526
2732
558
502
1686
2428
2455
96
1667
143
477
546
470
554
280
310
796
315
2478
264
392
1563
259
663
277
410
1976
775
3313
2739
3557
1590
481
1845
1854
635
3173
3607
2227
1719
1493
3847
100
1959
3826
1802
2745
3735
447
3825
1880
214
1980
3649
2756
2525
3663
534
3567
546
1780
2344
762
3386
1750
4334
2162
830
2075
717
1433
1595
3459
2905
2370
1587
2732
3392
4541
4920
2657
477
3922
4620
3652
2421
3517
593
1742
1843
2197
3728
2106
4887
5004
4707
5169
1717
4219
2494
3448
508
3537
333
678
3322
4270
995
1625
1627
3325
3087
752
2392
678
2576
1696
596
621
2568
729
2581
4806
4680
2765
5866
5750
2621
916
5508
5978
2579
2766
4532
3753
5555
5561
4684
3518
4471
5681
4166
319
3781
2974
2794
6249
2465
749
542
473
3429
434
3825
3597
1887
305
663
539
5339
3759
602
1782
4870
1507
4097
6528
421
4248
2331
6737
6536
736
6760
890
4762
5380
5642
6999
6693
2277
6421
4392
3758
5909
3592
3010
5031
1535
209
7268
7288
5960
5324
4348
431
3814
7458
3738
700
4892
5217
2337
3641
3663
3718
2663
3390
3765
8092
6094
6419
6700
507
4863
6513
3956
3810
6990
3534
6781
3738
3706
2372
2482
1668
6594
4517
6698
463
6740
8205
717
501
295
6140
4315
1982
5321
5341
2649
5743
6943
5377
5187
3334
1592
431
7154
8353
6071
6312
6640
506
2375
2382
3292
353
8443
6628
7558
8508
4807
3559
1568
2465
8705
3859
7479
4927
6395
1799
6849
3344
5589
8274
2036
7941
5646
3814
7108
2022
774
1692
2301
2011
6350
668
7585
6301
3783
1539
2073
6327
704
807
7651
3672
8552
3527
554
9418
7482
5436
2380
8023
2333
5801
6446
2530
3408
2405
2419
6623
3441
5134
6727
5614
2579
7948
8656
7987
781
9719
10157
4032
2637
5465
5357
4869
6086
3872
6491
8656
8804
6452
6943
7731
5924
8180
2247
5098
7584
7270
4485
3828
6993
3823
9335
6636
392
4814
7232
4520
10627
7541
6358
3365
8226
6611
8894
6673
7682
3638
565
5786
10463
6624
3812
8456
8486
7940
9615
7762
5576
9564
7727
8530
7903
9467
6745
5734
3704
5383
10021
7583
2621
7471
1853
3817
5589
8946
6797
7708
5543
2435
4280
4962
7232
3580
3525
7481
7498
5725
7012
8513
3218
2812
3312
413
3552
11082
10394
6396
10302
9444
7965
7284
10092
10490
4720
6796
6559
7693
9526
5740
9407
4720
6562
10627
11874
12174
3887
8194
8221
4869
10873
3874
5331
2163
9800
9995
7569
6487
6625
3841
2333
2335
11067
8166
3643
5304
3502
9677
6918
4352
9522
10464
11678
3575
6632
4077
5182
12614
692
7257
605
5799
4895
3716
7409
11606
5109
5525
6654
5578
2676
5626
7229
8908
6758
7602
6174
9909
9365
5127
6215
4688
10281
13955
7481
4842
7324
6492
5092
5269
5499
6725
8146
3366
6467
13204
4829
9425
842
12352
2371
2372
10438
12463
2537
6432
12509
6363
2005
2472
7100
8099
8743
3590
9536
9726
6836
12026
11192
5507
3605
14261
6569
12718
8532
7988
5580
9037
2610
6489
12772
5430
6695
6814
8723
3833
8650
6849
11065
3823
9943
10965
2163
9764
8315
9407
3646
6857
7499
6887
7530
11340
5572
9467
8263
3482
9503
7500
10580
10944
10699
2120
637
5437
11617
3381
11698
3827
3283
9859
8237
10579
9602
4750
756
11184
11587
9309
9148
9353
11663
9757
6630
8805
8543
4537
7786
2420
7721
8782
5900
12116
2640
12558
8099
8349
9453
6651
7816
6516
10841
2016
12397
4211
11382
6763
7408
10476
772
12763
6529
1948
16081
7206
12676
3603
7128
10888
10675
9438
14532
3273
15920
8790
503
12679
4472
9657
9821
5647
2678
5226
8393
3618
3532
8126
12289
15884
10969
8587
12101
5696
9840
6823
3561
15143
5983
6613
11031
7161
5881
8793
3763
7707
7858
15403
8291
5520
11837
13470
6370
15450
16812
3366
7669
14080
4809
16206
5493
2699
15662
14888
564
3603
11933
7776
4263
9651
10581
9522
5425
15414
8324
3845
9979
12632
10980
11959
11685
4558
1018
8763
16659
12548
11367
8424
14332
2507
11738
13024
13368
14633
6489
16768
12103
6618
3509
14152
3816
10575
8608
2110
10063
5241
620
16877
11727
15076
14749
2517
14999
6222
6635
18151
17748
4840
13475
5462
9917
3888
12597
6684
5545
5585
5586
11247
6557
12825
8538
14578
13950
3644
11501
3669
7539
7423
3778
7241
2392
3791
15767
19037
1558
2282
2615
13847
4558
6438
14590
17104
3397
10779
18941
3953
10134
16848
3605
10005
10177
14994
3903
2289
12170
9008
2302
5211
8367
612
9395
2705
6395
9135
8463
16451
5578
8326
15453
15717
12601
5671
5959
12089
11077
9556
3670
11327
17619
12484
10900
18656
8631
5388
8274
12505
8138
18601
6912
9000
14526
10652
8074
18601
6692
12741
11530
14518
6723
11741
14580
17004
5132
12873
8544
14145
14732
9684
17255
13289
15403
20020
9712
5572
9715
7897
4593
5485
13529
9836
19077
9169
7775
5615
9631
12783
11571
19255
6459
6610
12851
14772
9647
5521
14384
17638
6482
19713
2288
17665
9312
716
5642
5520
16411
8767
15846
14399
16069
12017
13427
18182
14718
7214
11988
1548
12705
19163
15799
12238
15921
16887
8568
2751
9572
18843
15614
14737
16038
16254
19533
17003
15675
12734
18583
2550
15462
16993
5480
11468
8245
18528
10139
19040
674
9591
14728
17338
6636
14506
20765
18966
21147
14644
3451
18919
17608
7153
9499
18485
9505
7288
412
2555
5677
16692
17133
9789
1695
8186
9947
2765
2655
21301
17919
3518
2462
16454
17897
12907
13293
4775
8387
19825
22568
17799
15100
2369
22581
19573
8606
5897
6886
2454
20876
16085
2460
15491
4156
12120
5466
23414
14614
9127
2499
5669
3549
9434
11932
22187
15712
12955
22254
4277
10457
15621
17486
19367
9820
22812
15143
21596
15341
18089
603
12569
24468
9448
4042
4685
16608
21627
16407
5341
17710
18829
12606
4164
7748
22424
12633
21436
17148
5381
11139
4474
15714
16243
5681
3643
14630
23869
5061
4559
18544
14832
18653
5802
23701
12414
20905
23925
14547
21957
20721
18515
5435
22063
17689
12657
14544
10988
19800
18830
20857
10471
11287
3573
9126
16485
9769
11201
24105
5468
5482
12924
9596
4692
6675
13134
19645
8498
13723
24815
3852
14490
22909
23027
10907
20272
19196
18193
18033
17643
20464
8765
24718
11791
19160
6400
15676
21478
18206
3384
9768
19279
6649
6701
19307
25251
18209
20082
7255
11636
12145
9470
3623
2724
23611
21793
17810
11722
16757
20028
11823
6633
18908
26479
20702
12738
11671
5424
6235
21416
24210
19909
14882
16017
3905
12794
20619
23097
26327
25965
19853
19440
10604
17756
14658
18910
19762
21539
20440
15824
3589
12600
21049
24651
12653
1519
27599
17332
14611
622
23152
22773
10232
25643
27628
2686
7718
8613
22222
23510
5120
24588
19697
21298
10014
25516
12780
3678
11262
9085
23276
13112
21627
15636
12144
22174
5386
15752
11640
18705
375
18620
21405
14709
19732
17415
27059
21478
20855
2541
5902
22574
730
14549
11177
6619
14812
5483
19808
26506
23894
28132
13865
5562
6731
8030
18375
24410
17174
27232
13251
14021
13346
23240
19937
2264
17378
6211
2359
23647
2094
7700
11085
24937
20198
2753
28944
27908
20406
24570
29190
21429
2956
17953
29872
6524
6311
24923
462
942
9461
11351
28740
12414
843
21762
27504
19462
11539
16328
27251
649
22335
9853
14687
9676
9450
14576
13749
17539
19233
457
3832
21829
17673
17756
21615
9695
29491
22181
9161
30500
17171
9523
1928
15660
25109
24549
2029
8280
22876
12494
24442
8698
27966
27692
5263
9912
4761
2929
23657
27471
9786
25801
29691
660
2802
593
5772
30836
18696
25102
9782
5747
15800
26713
2530
2531
907
31085
25810
26230
31376
12216
30103
11683
5408
3645
12495
26846
25165
10469
19536
30584
15656
23990
4030
14391
5420
17598
5694
26064
21762
12891
6564
28226
28682
24698
707
5582
5585
5588
21909
11409
3628
3646
18714
6900
3702
4281
21979
24423
10010
20444
16083
7861
564
25944
11321
24016
24026
23847
17706
17730
6739
4732
12597
17074
12972
11430
7404
17403
17667
8494
6809
20226
5673
5658
26122
10862
14007
27704
26061
11059
12416
7083
23012
3460
7122
6756
22233
18802
19438
33106
20707
3587
3592
12044
4584
3617
3655
4790
22839
10339
21529
8627
2246
18721
18471
7188
12616
1179
12674
11952
14594
12617
32574
18629
18702
21814
5373
14464
25299
17013
12715
33031
14882
13217
7670
9829
7716
23714
5690
612
26506
28862
9710
5640
6392
13745
32902
14812
8068
21895
8656
8123
7261
23833
14016
31566
14090
484
32071
28994
13845
15889
9748
26229
23944
6384
22929
9723
27788
1811
1820
3221
6521
19024
15590
2026
2036
3569
14388
27612
6486
24509
15442
34332
30135
2518
20730
6638
28067
26690
7936
13217
32525
24748
32414
9509
32405
7196
2479
20934
17515
17908
20995
2621
2626
1644
1783
20834
13952
655
33036
36029
10720
9614
4771
21784
30616
13017
6489
28111
3554
6456
16153
452
33848
8503
25769
22037
28721
25795
23713
7646
6668
12745
6658
10325
12785
32269
6216
15648
10189
18710
30634
21874
15971
22610
20745
27330
30267
27584
9716
21724
14227
3421
5493
33643
22930
37888
2339
33658
3802
21713
3857
11725
23355
8391
2484
21653
22873
15914
32612
37699
11184
30939
34470
30563
20550
3561
9673
29129
32232
22483
20529
18917
33002
22412
14658
11462
34046
26845
12680
36874
8422
16167
32198
8499
26589
18093
3938
5041
9770
16333
21395
4720
31906
28956
13074
34142
2285
12505
5688
21589
28757
3762
9604
18614
10058
37525
27572
9764
5914
32059
30230
4117
23496
9184
16888
4780
35241
15121
6619
6620
3673
38118
35162
5760
17052
31582
2620
16906
24365
4416
11448
4177
12838
6031
3800
16180
9649
33018
4705
33315
11583
6602
16258
22413
39534
17645
5977
31881
27060
27751
21596
27093
7427
16878
5267
17809
3646
24489
10880
11820
584
9589
21988
24802
4259
28068
13725
6935
38083
19955
13969
3759
7104
32283
671
11985
40729
2059
28041
12255
14351
26012
14727
32150
14392
34623
7710
35981
39742
24915
34780
38409
495
7210
14565
11675
15762
32655
15782
25159
3581
33514
8582
17355
18935
29768
28551
33831
11771
6466
13127
5173
36614
14939
28775
2505
35584
35108
38711
7379
14341
2321
21552
5419
2258
21432
17841
20425
22017
35498
2460
2463
4880
34842
38088
37918
35132
15680
2771
808
814
11569
5679
33827
30555
15846
29745
33781
13020
42404
29759
766
3705
28293
14616
21548
10875
22285
30528
42414
27818
24524
30399
8335
14293
27993
9582
38396
17586
22623
31542
3552
39654
757
766
767
9342
2726
5537
34850
40058
9139
41139
28143
29844
26548
14322
2699
16873
31424
19084
30709
2049
31950
4206
10198
4123
13733
12985
40143
5114
17156
2686
15811
28718
5789
14698
24747
14667
664
31222
35369
18087
9611
2585
1749
33722
9363
15497
17611
23141
41516
9626
42031
2146
2165
3808
6891
5010
15867
2760
3531
6806
15947
43826
2735
2740
2742
2084
14878
36575
7027
9987
24608
36124
28083
40223
5412
2420
3894
29557
6200
12587
3683
3691
33627
15409
11445
36136
1965
2270
15526
3856
221
30463
6990
3532
12566
6444
3589
42340
21524
41992
37617
40767
5408
24398
3760
37118
7005
3920
40903
35557
18255
44272
37642
3770
43615
44071
9817
30809
8665
15535
12638
5719
33667
35651
7718
12189
39761
8836
4197
4735
29313
8950
17954
9810
12864
44130
18336
39657
38463
13852
3509
23620
37505
7797
25501
25500
13620
2706
20361
4788
5640
5244
31022
36009
21814
18604
11667
5004
7450
10210
7956
5178
21973
35300
7797
5644
2331
16948
36335
826
27849
3583
5393
5393
27567
7118
17986
14605
39708
5553
5553
5564
5588
5589
5592
5641
6822
5676
7145
42590
3657
17604
34663
5827
5846
6251
28370
14804
5338
46345
14911
45275
19669
18954
2743
20382
7822
1747
14651
7291
7347
757
45004
3913
10104
2791
26691
30488
5524
7659
33920
5545
44830
22812
637
6658
36861
15655
6278
4066
13475
46292
36779
38320
8682
41535
43007
44731
40835
4889
8182
31729
3893
27270
4121
40459
49101
38114
33674
12405
12896
49806
12641
9810
4484
13477
46831
17083
8562
4227
7819
25763
2507
11363
44155
7902
5929
33221
24916
23265
5989
2035
47350
692
697
42312
40890
8180
2513
32525
17047
2593
2211
8153
9468
29899
47222
34568
8565
313
17145
17550
1719
30564
10289
36410
3997
593
3623
9604
29983
4333
5272
38042
43602
10306
9448
20705
24464
43250
9067
24702
22929
17546
9411
9050
50142
43383
9217
3115
7107
45718
47029
10565
50474
9502
36314
29652
43694
2128
18007
9654
18064
14649
388
9732
49896
1672
12592
9611
459
9586
48927
4041
49004
9874
5843
17699
47950
611
2441
3497
39634
2585
39359
2593
10300
51220
25983
9994
18565
51316
8397
48627
8461
14575
8495
12465
23837
11253
29430
45090
24691
3594
15938
20084
34194
52957
10739
45563
36747
3404
52042
16255
12657
11057
11716
3645
28998
5560
3813
1955
4199
4242
36820
49525
53596
48001
2661
3996
50433
47711
4163
8284
14328
24535
9665
33188
2577
54243
387
39905
22233
9783
47431
50644
5036
36853
12811
17170
9928
12037
48561
9730
3531
25759
6461
519
45906
3652
13643
26701
4737
3592
20310
42125
2595
46064
44405
25946
5355
37554
4097
5420
3976
26596
4106
40334
40404
2226
45430
26386
17246
41358
3483
55769
51770
55172
35493
488
13366
13403
13569
27897
21522
5921
8894
14116
21681
28384
8015
55942
55517
30630
2504
11638
4141
5441
12632
37764
2372
49432
17977
24910
36506
43929
9860
11426
54258
5513
3647
2193
7022
14228
4520
51787
10858
37852
14617
7187
14627
55604
14827
8900
8313
44630
505
15985
9617
1711
36534
2267
15599
15249
3615
27802
54831
9661
47565
6670
12729
3536
23449
33827
47538
9111
603
644
2534
3797
49506
631
52489
18941
45652
11660
10913
1069
15003
4875
55869
34697
22337
17649
3530
14008
7506
7707
9490
2083
3097
15783
51137
9929
27936
1358
40675
58265
9265
34905
4359
16776
9633
9770
41066
9561
24434
55992
51560
14157
30447
19095
36707
3954
23955
20126
13601
42419
52895
50879
3314
31750
49133
10127
17613
53635
11519
9171
33643
969
18115
8777
14860
12116
11085
55861
9886
15656
10816
49498
26724
45671
23549
49875
5278
27144
6117
754
30946
3555
3556
3558
3560
406
3565
46471
21451
26176
5681
35020
3515
14245
3543
9827
3565
2685
3657
3663
55097
3666
12486
3735
3753
585
23478
57748
33690
61611
3773
4047
4052
46964
24135
3996
43490
5015
5113
31738
359
4162
369
6733
714
55494
25963
62040
5624
5151
52774
21178
23182
4695
19984
7576
6590
1304
28992
27605
42590
10596
50957
22990
3965
2816
12763
2931
715
42369
31670
27571
5304
4519
47542
48795
6399
17597
4155
10955
51014
7701
35409
1632
62522
5802
24114
33392
5666
11872
2447
6808
46067
33503
11008
5824
18676
2609
14554
6428
28933
27916
41977
5702
36061
2407
45644
27103
14129
18664
21411
56270
3095
4008
18766
6649
34376
55433
8940
16425
2290
10001
62708
64110
4865
5410
52879
44405
4912
7397
5181
1042
39237
49755
46697
27646
9605
7285
50199
7549
1885
3676
8587
10705
44887
31573
59398
9637
55268
18976
2338
7907
48794
8104
21837
45669
894
35718
6753
728
57784
53088
8139
14481
8336
57641
45410
6650
8316
21822
12192
972
6552
3804
6373
6936
12609
16353
30952
36435
58024
27489
24954
57372
604
5003
2588
9660
30662
5086
5691
56222
16974
653
22031
5504
4319
16686
39710
38720
10443
5930
2915
13106
8805
20417
43911
17460
14044
36268
2712
9841
11835
6943
9946
19140
12734
2029
28296
5172
4046
17939
12527
45712
46791
4815
10235
55191
3565
68497
8629
1081
47722
11605
11662
3743
14478
18659
16134
9660
50606
64840
6240
3575
48422
67770
30502
20696
11382
66888
11420
2450
7820
7590
5543
8277
897
4859
46940
17970
66206
11712
24652
47307
19729
10033
36266
2672
22684
60891
19250
64914
9727
40119
6803
14331
12515
39598
3136
12661
39158
45848
70263
27979
52188
11222
13954
5784
68079
3498
13010
15796
9343
64471
21606
20250
4835
2690
2692
6161
17132
25161
9403
7620
11373
13497
11366
6598
3858
56209
65918
28903
67084
67968
7490
32163
13943
570
26728
49413
12438
50268
10214
603
23605
12773
2204
3903
18404
10910
2710
65628
6725
5089
734
69118
1994
11007
30732
22778
58331
5501
417
23030
7901
9607
43117
722
30644
6049
4077
14277
20024
62744
23796
2251
4268
11894
868
67592
65929
68524
68069
21142
6479
3726
68269
47012
12397
4898
3952
52454
16384
7017
1720
5131
24211
71124
16694
2373
12500
70288
26711
2918
11280
1848
53481
4343
53500
791
5579
16893
28412
32187
22369
22463
29992
5720
579
24999
66843
7831
72778
42391
5965
17521
693
15741
73347
54549
17438
11414
21967
3678
17533
55413
23767
68996
12181
20624
41942
9766
67144
32407
63675
74139
22553
62910
5707
6977
55337
5337
21778
3507
2342
3700
4960
424
5315
524
18448
8088
21703
657
676
22644
47732
458
55881
18910
19079
19885
11743
23769
62758
14070
5880
19288
2670
8057
20121
23716
51590
13864
2394
6526
70728
12789
68400
8304
19731
36570
64542
27879
37215
2390
18140
5601
5330
2468
6721
29162
2515
3410
22602
69825
2738
2743
18060
19225
28529
5652
5126
663
9939
698
38477
69987
9765
69133
2621
623
72301
49364
42190
3611
9946
9923
4990
904
2495
11668
21119
9568
2221
24960
3881
681
685
698
700
65634
30607
7409
73239
939
13546
13184
74527
71056
7724
9133
8494
2628
18267
4846
405
2547
36795
4133
11355
10136
7944
3493
13909
22678
76414
2847
912
778
46783
1936
798
1970
17696
9596
8958
7177
5524
5457
11490
15812
74958
3698
11747
3166
3353
3376
3609
16798
525
5480
4486
6826
68785
2244
57760
15960
68569
2708
40342
6526
81560
6533
26786
62421
4123
12130
3940
14682
10703
2905
12799
3889
1971
8818
6119
61601
14015
4463
2356
13900
412
8526
2557
24501
6510
5425
10379
2316
3867
20320
71716
9234
11779
697
29598
7915
3332
53770
79229
12650
12768
34141
6895
25059
13669
611
2601
2908
19539
654
11056
20460
33468
815
71461
25616
11795
10220
4378
4281
1604
14289
5380
18457
12679
47356
5778
2179
45527
1935
5096
8015
2165
1655
2202
15866
4043
12100
2249
18074
46947
3801
77367
3968
2478
1729
6417
5532
2643
4769
82839
4102
2379
9574
6237
817
820
9611
12808
5166
2469
2486
83524
5969
11568
705
703
7081
21978
661
4889
50197
4053
2368
7838
2637
865
72448
6344
84058
3404
5937
75661
6667
14415
3708
31929
84241
17679
82840
52301
7019
52341
12470
39106
33515
71645
19106
3398
29314
12657
2484
37583
20225
68594
2227
8652
4792
7060
72939
36524
2800
29156
4950
45915
5102
928
20431
6663
4888
78844
4735
23052
3827
85920
71295
8267
2316
8477
6472
16424
45855
5965
4821
7459
24106
3836
7263
2674
2696
3699
29896
5081
3930
7706
2231
7985
12614
5493
79360
6846
3913
4087
16702
638
15736
4689
475
3667
61797
6896
24256
662
3353
556
13943
669
56197
30550
84518
7021
567
2482
812
2507
3571
27192
3529
6809
9578
2655
65211
6467
25354
25049
1757
2800
31135
11559
5344
8726
86066
3069
1796
9669
19244
3975
10670
11032
3614
5747
9730
48922
75420
55847
9714
16274
1834
2437
74596
40166
8384
3069
5402
18313
4920
77742
82412
4256
18465
715
5394
13340
967
2333
27041
6958
6443
33222
12948
81547
21869
1346
57568
9729
8057
12825
33566
40043
7389
9528
11119
18893
87476
5520
9549
10892
488
9855
51972
77285
1969
13292
6847
23128
83485
34143
12353
6707
45636
5348
8602
34811
6590
4866
10825
9813
2689
22601
65964
34020
2111
85184
12602
17768
84286
10277
7022
67024
30066
30448
6427
911
5579
5080
4878
11560
3701
3714
19158
21980
11778
6665
16480
9725
7548
10981
10748
16065
6019
1062
15342
10480
84183
73369
36245
8041
2667
26037
3467
19211
6714
9938
12472
5309
6925
14666
4995
7147
2741
669
14696
37110
3856
89856
21751
30609
7356
48494
13353
6619
94590
8125
9940
81887
37992
82707
438
2149
46792
790
4335
3519
3524
9658
39105
21579
7708
31635
6609
53594
38433
13592
3738
7225
13058
26154
87272
54795
17970
94988
8717
8024
4124
2037
53905
17932
50944
8643
9095
14996
40781
40164
17026
2310
14966
15306
26250
3490
11216
15502
94183
89891
64419
11592
96074
9965
37214
5426
4736
20301
61585
774
48065
96510
32071
56596
3804
3688
29204
357
359
6069
86517
12533
8779
14637
35183
5117
14749
14779
11711
8964
1856
91347
23666
84266
913
15799
69398
5613
20692
8989
13096
12780
2945
6906
602
11698
46861
8375
498
499
52049
564
99110
33882
418
5032
12057
3825
2105
6740
5625
1884
11648
17568
8370
44734
3451
42411
69503
31481
2427
69295
4171
28143
12671
3865
93576
96991
37442
65577
7139
28841
8300
4907
17145
736
100216
43387
26014
4297
12722
4270
95235
23272
6599
28908
7098
6787
2394
29947
6899
2961
13983
79344
86620
5511
19322
9480
4738
5224
8513
898
24196
86407
2347
7221
76592
12493
2565
14602
7144
9914
96672
2577
69752
23517
10108
33088
47151
592
3699
7988
5458
41730
3805
3537
7379
15643
45197
560
19041
9450
25270
25187
99891
2632
9756
88870
87911
12692
21621
94782
45693
21645
1282
68982
85137
47740
45931
5952
48198
100497
94638
13749
1854
4361
11599
9224
6729
42555
22651
82858
2138
5171
18155
70735
15782
7976
6332
12646
30193
3909
98776
2537
2542
6628
74761
5059
4067
2719
10054
19805
3566
4434
10174
36756
41548
55007
39190
3007
3936
6106
47553
6667
15654
71561
5618
5676
28152
35099
91056
48000
9618
10965
5116
92886
38393
30895
685
56028
5088
99868
1856
5885
2506
7220
16480
33756
98878
91876
99011
5726
26070
63845
23411
627
85628
102542
78177
95419
6409
5678
13667
95065
10452
23241
27588
18787
9730
23590
19538
27059
8781
1936
55865
799
13700
5342
8633
77574
9278
3853
17880
9570
1041
3445
107696
77627
101548
4201
425
5561
24295
4313
18242
6836
93621
5277
26415
13973
106802
747
4897
637
43255
5524
95474
100673
796
11799
2538
34244
70127
2071
105619
106885
34934
6626
5057
467
103951
17651
3506
105530
41803
21437
5669
779
37168
794
8801
1792
9152
97913
7681
98645
16062
726
5636
18975
22016
1997
107515
27815
2337
67252
7520
5479
97423
2381
13280
65309
28168
5202
1126
7967
9586
3657
85540
6486
80064
4304
3592
1173
2866
67770
17940
15647
9739
25953
1108
777
106073
2319
3099
108607
7809
9402
2517
9650
53140
3808
4878
3526
38496
18562
1553
80385
3672
20033
344
3615
4830
23626
9333
638
1044
3804
29770
3980
21599
6799
17351
3191
54184
10864
58201
69461
60534
6571
34436
107201
5905
5004
12160
17737
609
2013
101233
1733
22799
25706
5956
1726
6417
3594
19187
108644
7398
106606
7495
23473
11014
6498
16324
4224
18381
6621
32705
8392
53873
7250
2551
17413
31239
14654
38596
20268
75033
98321
14826
6383
7268
7233
71782
177
6441
6719
26888
3238
9565
2678
3350
111644
7796
11488
3521
10715
9838
3557
12381
447
56800
22175
9948
2736
5275
9638
57624
8174
16243
5437
8098
12803
34770
18449
72293
2854
102903
20140
47724
23107
5590
6568
52788
3898
31210
33367
10327
4728
14756
15737
47039
3239
2614
8887
3443
71925
28973
4692
42362
836
4647
3759
4757
67448
104217
70102
9192
3766
3334
4409
6743
67708
95452
33613
14080
15437
94135
10960
10668
23692
6784
599
9474
52176
112252
1735
12647
90656
1008
28937
4754
6304
10008
433
2163
8406
11993
1960
46720
6248
5103
14117
752
2603
5286
8144
16610
6238
23695
2945
29548
8481
9982
2668
17247
901
2506
106662
10328
17875
94289
11335
44170
608
612
62603
2137
4146
11603
5136
923
11705
4944
30080
83522
1632
60241
9640
8128
12093
8613
2779
36851
2066
43576
3795
459
6888
6559
1792
46571
652
3729
2111
12683
3747
3380
8113
8088
7186
3968
11488
1953
8089
13010
24646
29643
758
625
12814
8651
390
614
107201
6111
802
99221
28027
21186
3616
62733
7043
9643
36879
3512
3302
11452
574
5401
3775
38676
118929
2361
39133
2477
17097
21984
983
120871
32117
33490
83582
1744
3914
19312
26616
40000
27884
2643
3397
2381
2578
2611
107206
7798
11166
3825
12864
3567
16949
43124
3430
4100
27335
624
115961
107831
3881
11343
6750
7119
738
2077
2325
667
3789
2484
563
32369
6665
28751
63138
740
47111
8159
17743
3797
25168
4252
1812
112291
15929
877
2469
2646
613
1243
112436
9748
21732
9642
5143
15981
23338
8627
2205
8658
1804
6026
4553
107905
928
9633
422
123798
30949
46144
846
7904
17018
10396
34365
11688
11505
42337
5675
5675
5577
5611
3529
14751
918
2451
93505
5688
39738
2531
124316
2641
42733
491
3553
118012
2141
4009
19687
5486
2510
4980
117322
546
8254
11804
22778
9962
6837
16750
3521
105722
3611
17754
4691
38306
30102
7100
6810
3631
5764
12677
5725
7183
4875
6944
4045
25372
7338
110880
92938
13849
2253
6204
11764
30650
4450
2601
2604
9573
5534
2680
3444
1014
125015
4774
4826
880
3645
14956
4620
32537
2042
11721
86709
3714
5452
2495
3730
65756
11134
3563
789
3504
3976
6787
495
408
3923
5580
5580
502
3636
22890
2052
3253
40392
21580
17657
10943
53041
9375
35106
26259
1988
11707
108267
11771
3648
2812
122526
4949
399
5034
12442
40486
3910
750
8211
3985
34059
9766
941
6681
67388
16535
4877
5575
108827
10207
5486
15429
95465
4483
1945
626
4561
5973
17220
608
533
17611
1966
650
635
5433
409
2498
530
14915
125909
23829
7774
5462
11357
5398
632
12304
59684
6742
14518
11384
112717
11500
6608
24626
3277
11248
4802
593
296
14054
3660
14513
24560
3827
3537
4653
3695
5538
4289
25891
128451
123549
30498
1887
6525
7698
686
72515
937
4269
15493
2439
127135
7857
5928
62607
9611
7344
6036
24313
15424
581
5404
25440
12847
2419
543
11475
2609
6672
560
3360
3312
24861
2650
12117
7596
2954
8229
124922
2358
32638
2022
12835
29538
50409
2080
14419
62392
3626
100126
14819
4243
9174
4468
35756
5941
9798
5362
2030
9813
54404
4051
42173
17839
125705
2305
13544
8312
2399
2136
3557
8939
15464
13866
2433
1513
660
1056
477
40834
3485
52899
381
11953
396
2646
7617
2651
4158
6044
17113
28931
2814
4025
2837
2866
3666
12059
8314
15080
14377
122636
12013
4227
3888
7114
6209
10034
29574
501
4889
6669
37457
2831
96581
17157
832
3760
7076
6953
50542
17614
9068
7228
18146
128749
53176
7561
12699
2486
4708
16300
15066
115134
2758
4972
79887
3804
2151
2268
135619
2571
128750
4039
5416
6917
36258
6527
3558
3562
534
47352
6313
133524
986
127425
3788
9852
23460
2394
11593
2195
29778
2620
16853
15585
3802
9490
19983
633
657
8338
17313
3694
5350
7236
2165
6007
81594
5591
1426
5409
4502
19556
4523
7453
5789
3082
33689
14701
1648
21405
391
3824
24934
5320
131222
25152
3306
358
23757
2719
17112
106319
10872
3238
51052
589
8239
120017
2309
3258
135927
7002
135
998
133231
4785
3381
11860
60
435
1873
3485
19692
3307
265
11786
664
9918
3372
493
6222
4883
3708
5929
56302
141222
3957
8175
2128
3070
11291
9446
20525
10237
54514
13263
201
140359
17284
513
138256
7609
1556
3311
13514
134990
71064
4353
2845
2708
2709
23993
10803
11882
750
1804
89634
140299
5470
19481
87119
126024
3899
2495
143688
23897
131858
588
3781
5693
471
14283
6218
8660
1695
24035
2300
5544
3820
2244
3649
3673
8854
18209
631
2249
8448
81807
10639
102955
942
943
879
9630
2527
18679
39410
4491
4243
116034
14608
5468
139429
10804
5555
7411
6979
12038
51741
128209
58808
1550
3778
56796
482
3182
1814
30491
83338
112109
452
10993
5129
30652
57232
25919
3851
5333
50450
4229
8526
781
5608
220
2595
31915
8560
7689
3909
878
3742
3488
2779
7240
5004
125459
2456
797
7430
16476
7173
3868
141739
1022
7872
9597
1537
2418
5879
19485
17411
6333
2601
3468
676
3453
5543
7338
5311
1978
337
342
320
98100
4044
65791
38976
28400
3395
2604
4411
67228
734
21256
50369
5141
7299
5220
5381
536
4407
9865
28038
35303
138
138
204
10015
23508
3391
149170
347
16864
8544
3843
14765
154
147592
9112
671
4415
578
65417
693
6652
2450
6861
4431
7617
22286
5575
2452
5661
9695
11584
2438
72637
20768
4862
707
74386
11672
2119
2718
5184
5214
20316
13413
37279
144937
1713
4129
10968
18406
8079
10152
12656
23358
2501
3407
62019
6094
5223
7851
9929
15938
134416
21223
3620
21862
3719
7402
19020
7436
9530
124399
2766
78704
8904
13247
2780
3304
1608
68211
21551
9399
90966
154077
5039
21982
9574
6288
5025
31303
8177
14033
12509
11612
35966
2585
849
4631
7545
3623
681
198
103796
1857
11773
530
53100
14216
14184
1057
152954
397
430
5967
2504
17380
579
928
1916
13415
859
21527
156530
2327
1166
1520
8709
4971
1731
1030
15987
5293
5771
221
134
16838
147
150526
3933
1981
407
155764
309
385
42850
9941
9988
40622
3526
13889
148985
155745
12808
2617
16629
9535
2773
4261
12998
8748
4691
8731
75
97
106
123
127
149
192
3622
360
3971
18550
37972
3771
427
144761
337
125347
27878
3672
3131
132653
150285
6452
17596
21789
9753
15660
17938
3696
11844
10014
692
9729
2636
132113
795
2585
28721
440
2323
4109
906
987
4272
737
1787
5753
17342
5244
427
302
2837
401
5733
3821
11338
2237
24851
652
25231
499
45677
9878
12930
10868
775
20717
3989
555
16630
161005
28926
78544
2597
3350
3678
595
3415
3069
6409
2728
44809
21425
698
558
853
146628
21549
21551
156919
373
149384
9482
1117
93124
3062
21687
22041
24641
574
12902
342
602
18974
4452
31639
12590
595
2050
702
9781
746
75321
133721
5246
5550
2229
26969
98776
2544
1672
4130
1845
3922
2690
575
5459
615
5641
41809
903
5761
2789
3478
5149
5154
8546
40047
17104
2906
3335
336
348
3082
2002
2038
20360
615
617
1885
600
6649
529
15971
840
874
751
1132
18701
5536
774
24740
188
161656
3187
2596
8333
5705
5972
2581
197
201
1666
7791
388
389
323
398
403
25262
2991
471
6375
93437
592
2127
2201
718
5738
732
743
15893
18338
2752
13126
3246
5254
3766
119923
5759
160379
5800
1748
356
9099
7569
5593
5506
5886
8698
143668
9324
6892
2002
10534
13566
8152
14451
820
6631
20541
658
6649
153500
724
3909
721
8293
9885
2422
4357
9648
2803
36654
9367
24213
7142
2757
48583
10358
5286
69521
10195
82
165
8862
10021
8042
25216
1128
1193
922
6011
8150
314
10349
400
129367
6222
14281
52952
540
13862
9970
13102
886
5079
7143
3717
76902
3247
6851
8826
3441
3474
2696
3705
2833
170496
20365
5478
38304
2977
39910
1977
8886
479
12406
10014
9610
302
24744
12893
1896
10247
28525
512
513
12505
2614
2629
15751
8360
5998
43085
3827
3679
2675
6386
8708
7897
5856
13284
189
399
4526
3478
2995
206
208
21328
14202
400
27545
168939
11245
3492
11305
707
521
5250
11398
7328
14772
11711
4276
12089
2553
5399
3702
6343
6989
3273
5669
786
4514
5771
2804
14440
787
6309
60911
112283
15536
459
467
8656
3362
23182
67889
5883
12889
1943
5628
59542
11549
19539
12757
81459
686
6612
111090
3683
7101
51859
3939
4884
109481
1739
2468
3329
16731
11497
8553
5643
2555
592
965
3497
3783
13905
678
8620
160753
218
222
68830
7560
364
43907
147114
416
7874
8411
543
9600
13260
4880
9959
2469
2070
3670
18102
7657
754
6799
187
8721
4130
252
365
511
1615
2622
11227
103394
451
454
468
472
862
10857
3770
1763
46904
538
368
14612
573
2334
36725
152785
888
1886
16131
19502
9881
9510
7053
644
4438
2802
46624
880
799
132
5237
3154
7307
81708
158
9483
1042
5694
6567
462
4177
471
2530
5429
137819
874
6735
717
29421
949
11428
14072
18447
4220
3042
1245
988
6952
2101
3981
8105
2346
2276
15177
6806
2586
2448
164280
1180
137
842
169
19078
245
1928
3751
2712
2716
330
405
413
420
178885
179237
1033
2092
467
472
385
6850
666
703
4333
626
12605
15307
427
7899
9932
630
1474
874
21320
5700
8420
949
67
8852
3198
1755
5305
4263
7518
1911
5412
5414
6726
6626
2016
238
5730
82
11637
249
264
4794
6611
2037
169423
412
6836
6003
425
8693
161937
12843
5159
2036
848
7082
3793
565
217
1422
2647
2708
7700
7600
3603
54167
3775
9459
65471
3132
2825
4965
11556
5504
6565
179566
3889
21651
4898
5026
8656
11380
3887
3767
2750
4007
7647
19633
3777
540
254
145
161
233
253
323
426
150509
3573
58001
9823
25830
685
4809
8540
12817
69171
72620
5952
4119
22211
7627
4962
125812
18390
3607
11502
3830
3558
3620
17016
436
346
2895
5644
617
11095
9497
1967
5041
9877
226
381
383
11110
23320
49417
519
576
371
9919
9744
45654
3497
10269
50147
162215
45638
477
5014
2704
14096
7246
775
4898
647
1068
45809
8628
4167
934
3820
15504
310
8185
101
6691
5943
589
192
9522
295
458
12433
12615
12712
103273
12799
10180
5804
23982
9578
5207
15254
1514
1482
2243
22124
3394
174425
4286
2835
2646
3385
30478
3021
5659
3315
2180
1693
186247
13191
1232
3492
601
414
9725
27942
9689
564
25459
22286
8774
654
2255
8456
21612
133620
32805
6992
138867
2532
5244
14097
2593
47452
8500
3394
5916
7373
10830
4930
2245
2407
5099
3296
7119
9533
3406
36675
377
11259
24616
9827
18989
9613
4538
633
2405
3666
31770
8355
52264
6955
9727
5673
11870
9748
5745
24278
2620
1809
3683
8328
2388
15668
3985
13595
17547
2522
518
77230
741
2609
747
3618
135695
578
2754
341
195
2828
2254
23897
796
492
13454
905
6577
118
3274
353
209
212
218
5334
359
3582
75205
10346
3781
3737
18826
7298
727
2091
3960
4520
8771
7715
576
10227
767
771
377
9648
7281
2832
17088
629
4879
296
6735
7126
22921
195153
370
8654
5324
86011
3656
2035
16769
3437
1172
3667
3643
17260
649
3909
5695
6345
290
158
179
6595
3706
3459
55655
697
373
194529
337
45342
16472
4065
59796
10346
6700
6614
374
379
925
7250
1904
7212
590
7376
77711
187688
5269
33055
30588
5972
1650
3808
8504
946
2015
1000
889
6508
11876
16569
2346
6662
8989
5284
14820
6957
1840
1565
1968
8968
5563
9576
293
303
305
338
347
5512
791
27909
23322
912
432
1074
162
7153
1197
21726
517
3442
459
2818
3724
3659
19554
3816
19953
457
641
14499
22012
2639
1910
1398
941
95702
730
538
2244
93935
854
2250
2944
2740
980
9887
2134
78285
8688
5024
134484
9456
486
2151
1690
7900
22979
365
382
384
392
6896
59442
44657
5211
170085
8837
3437
30991
3736
837
891
22785
13947
6463
341
1695
692
557
57887
1923
6382
2314
810
574
4046
506
507
521
3793
3835
5955
9503
850
1135
730
5475
813
9428
10929
9847
4384
302
380
371
347
21331
810
8095
270
3560
6215
170649
239
965
6300
286
336
394
382
1983
511
524
532
435
112596
617
8675
1026
2057
729
5355
770
5602
2344
2352
1611
2513
2523
2526
572
5582
9706
960
30805
333
3127
3128
372
572
818
20493
34639
8759
4337
4192
3607
2728
9633
220
282
705
5843
277
64843
11618
127934
3380
9945
9815
3264
3284
3291
3366
654
120130
3432
396
3565
6994
797
5727
10400
142326
896
3588
3999
3628
7877
6051
4364
4364
8435
8444
256
540
206068
9761
20249
8670
6626
294
304
829
339
345
3362
6696
22635
8554
175
19674
3541
5422
3334
7332
5408
36533
10690
17637
40342
3658
5759
583
688
7457
11054
6385
3158
6410
309
125569
206655
10691
9935
9650
1698
1538
15918
2146
274
192
11362
9731
390
645
55241
356
362
364
3617
3413
171714
8182
764
2535
47894
2711
2720
931
7662
2597
2970
3037
3621
3515
91608
1753
1759
348
3611
2021
10361
5387
286
91598
3710
3951
2330
5507
3943
649
1688
788
3360
812
941
1589
218
686
2083
28876
3588
313
340
458
6518
35015
1977
935
553
2608
12824
107955
3633
664
666
1443
3821
917
646
1101
1112
3676
613
2559
7821
270
233
5628
14366
324
219293
255
278
280
288
6553
531
437
480
19596
4062
2202
468
29615
2544
2143
4097
810
18532
1957
32757
961
9959
2648
3832
1254
2636
4437
571
878
435
444
780
1026
543
1012
4655
808
629
634
3217
272
3304
6889
3595
417
24408
420
2020
3523
3830
2400
5294
2090
85524
478
5367
3857
1131
4291
1008
2494
4231
2042
2357
545
4063
241
21084
7063
2399
500
55847
4971
4951
320
35208
1892
5957
4549
11822
1587
26643
5272
43369
1189
813
6237
2619
2778
3844
521
2391
2522
1000
2471
651
2669
290
644
645
484
375
2800
22207
364
9290
2494
196
201
966
3147
6883
385
393
3099
439
3183
3290
3291
4842
2051
4942
3495
7332
3605
3644
544
7427
504
82616
3496
3585
5627
10600
11342
4236
4259
2473
3758
1872
541
551
950
639
645
1789
8441
537
828
3621
6347
280
1866
946
1097
2834
6845
351
352
849
3260
480
2091
501
451
472
1991
8504
6970
3642
745
3680
3714
965
7135
1196
2072
4094
1244
10080
3764
1906
2238
31688
2917
9858
1620
3516
16369
1497
203
2532
2545
351
368
1711
384
1844
2782
680
4691
651
679
570
4696
13522
805
825
1024
8640
10315
2466
2268
4929
424
7491
3545
5083
18935
421
3777
3785
9560
4005
6012
4016
3604
9639
2035
3384
5163
293
353
368
8647
494
2241
4914
4108
677
677
6845
863
2080
143863
3909
675
7647
1481
5860
4174
2612
7718
759
578
13951
2392
1128
3500
6111
399
7891
4172
377
565
285
12605
630
470
336
765
483
486
510
2626
2480
817
954
1192
753
768
1899
557
2371
7409
14936
9636
2117
1841
1694
17923
1850
4386
1676
53688
415
195
2040
2826
790
220
304
411
3669
439
2479
455
3469
1921
2337
2148
10926
226216
2310
4154
3644
3666
6445
8525
1594
3330
896
557
3693
599
602
925
926
335
4407
10543
3400
1684
2421
2222
111822
309
6433
4801
2259
3448
4703
2157
436
5180
18900
4735
5428
9163
1750
746
2829
6050
725
17486
6224
3335
775
1836
3231
196
279
284
328
3792
430
476
486
552
375
416
4146
6054
612
17920
2727
4309
6883
766
2907
1448
211153
9466
905
599
560
677
2754
384
12403
479
1879
8738
5017
2391
3818
1888
1906
5987
26875
2132
10337
3425
2420
497
566
567
567
3589
2529
7025
2074
1949
7450
1281
3192
9868
3329
2665
10058
2572
10643
42933
712
6857
311
9976
70235
193068
410
426
3269
4232
11168
3689
3826
8026
846
888
3661
2462
3802
4297
866
944
2285
112364
4498
1564
5411
5520
798
2909
229313
4652
5097
23537
1989
381
5125
5140
5814
12635
357
2237
4953
221
476
516
5562
5181
5467
7241
24001
578
602
604
767
778
4770
804
2417
6565
1086
1120
2998
8503
607
5902
651
654
666
6703
989
861
863
1215
358
1007
768
6797
223
1226
14656
1173
1234
32839
9089
1012
564
1745
5323
3452
1913
261
6609
86495
2034
4147
2900
539
540
548
559
9472
576
591
2284
569
797
814
3231
2393
125541
19721
2943
775
2500
711
2850
13044
3208
2432
3038
223742
350
662
355
363
3946
500
572
610
635
637
2672
724
779
4009
670
2607
2705
4358
3989
2634
1451
4041
242937
477
4251
4322
594
1852
1063
1934
656
3487
2709
2409
5464
2545
5471
242266
324
4718
35888
506
1732
779
3523
3528
244
247
248
347
14117
611
6998
1211
11999
971
1959
2848
372
373
450
673
1471
135012
37344
687
6377
176
1883
903
834
884
3805
7667
5619
341
4191
4051
333
2261
821
687
2457
716
219
183004
769
193
198
200
1826
3889
411
485
340
515
6149
7775
3307
5939
386
324
4552
374
3572
463
375
8663
3825
9537
2382
2829
497
5560
554
556
3509
902
535
829
1614
10220
35170
346
17789
6370
146
296
11959
3553
2022
3883
3322
3323
2224
508
2532
404
2571
5544
4392
251913
3506
581
2689
863
3701
1033
962
37385
3008
817
3460
3608
3555
6070
1033
11771
1055
3860
230
12279
3679
4113
796
872
876
603
475
9256
2370
4116
321
510
512
514
3718
376
695
7303
2414
642
1023
413
417
1898
610
1613
679
593
1295
1934
5367
1711
546
896
1253
2673
644
2250
774
608
2179
3803
2319
2454
4008
352
238
241
255
1970
353
1182
1788
515
668
666
1952
471
477
1104
13731
5048
489
497
664
21738
2497
1966
6411
563
3501
3361
1443
229783
1279
1440
399
2065
440
451
1383
1580
4026
602
420
376
1861
909
2001
943
2004
592
2082
606
624
2624
2199
3822
4671
882
862
2469
3210
2962
1016
588
2000
2575
501
251
3377
179
785
3033
182
192
548
389
1199
2316
3260
3413
1751
732
2918
1974
2035
453
3571
520
521
522
2169
970
797
2244
1743
693
701
2335
2393
3913
11140
4053
921
4080
1895
639
2688
3593
753
4378
4390
673
16166
679
2737
685
630
542
4503
522
863
895
4657
557
736
741
3754
501
932
5631
4048
2034
695
1487
558
10417
795
2676
945
473
475
380
450
742
845
3493
3525
1584
2300
6521
408
417
3536
5920
526
575
583
353
354
357
615
616
4858
688
727
785
7985
3484
2555
559
6967
569
573
1111
4478
5561
3373
401
770
785
588
3525
2821
987
440
852
794
565
975
4570
6295
3798
384
388
390
8005
1053
11267
23877
933
311
326
326
2891
830
10503
1434
5148
1830
206
2497
212
2490
306
6535
2945
619
2787
5073
2333
2264
740
307
1483
786
2430
1704
2441
632
2585
271728
1099
778
592
3226
2568
445
453
460
2691
270477
3799
3473
3239
2069
3462
3596
3599
669
3742
3855
683
608
3926
524
3973
1783
2031
9371
2777
318
520
118
4650
431
2434
165
356
170
171
338
405
1846
16446
441
3362
502
4527
1134
3415
1703
1259
1538
1069
4330
942
1253
1775
6424
471
3617
972
6764
371
4047
497
717
502
11726
1132
718
545
3503
721
631
2305
1174
886
740
375
841
371
2960
845
13433
1159
757
5289
1862
246
1049
434
3352
786
646
7316
2661
1194
959
277784
3478
371
373
9463
658
311
316
333
364
1145
2401
529
534
3503
19614
600
651
689
737
775
1995
758
6826
302
434
3680
493
495
496
1057
1491
765
3703
3328
438
1901
1944
416
525
1876
1203
2096
2125
2856
586
2198
2337
777
2461
1030
376
964
1643
544
27051
5411
3638
614
1168
1950
356
2884
1349
1410
925
504
523
562
612
563
571
3361
1872
3448
328
686
1187
905
487
490
492
494
2163
2031
654
5472
969
2428
462
470
478
1784
2794
1653
656
703
655
1973
3721
6847
364
2304
4601
12680
254
583
1624
1631
257
4949
811
474
624
1093
2323
14994
1643
473
767
4949
2049
830
835
888
8520
5238
515
1949
3920
21286
3457
1254
4207
2229
459
548
5520
501
2278
2143
15156
676
517
494
3778
409
449
10130
397
547
207
208
225
458
1028
365
310
316
356
357
357
4931
466
471
518
521
621
661
640
929
806
578
3056
1615
1000
1087
4274
4338
7337
542
6365
537
547
6461
3869
760
1109
1275
3621
393
2003
521
1721
652
665
2324
5072
448
2241
2760
71411
799
3048
3001
707
726
701
716
3740
1919
286742
956
795
892
935
1085
372
1252
5098
8912
1297
523
316
3520
2469
662
4278
779
340
445
448
6384
1927
2399
573
620
629
2098
329
479
482
485
620
1179
662
667
8341
2697
888
1465
3064
1094
720
1802
3191
245
382
3649
3852
509
389
4120
809
1571
1220
528
3527
3562
1013
333
2320
7443
3113
616
665
445
4536
818
383
722
2046
532
1223
786
374
4252
189943
295310
522
1012
1057
947
601
549
1213
1335
1300
554
1684
1720
1805
672
1983
500
2215
7342
437
658
2440
297511
2498
2774
315
910
437
453
558
922
835
2122
3580
568
3676
4617
754
4178
451
469
1708
1972
398
356
974
494
359
372
395
399
513
564
1046
2091
777
563
848
3685
5339
5456
1167
1006
650
5717
34978
279891
666
670
391
1798
547
2248
2229
6722
1122
607
549
552
560
607
608
1429
738
4687
1142
4708
404
868
878
2330
2066
4410
959
309
218
385
1272
240634
256
6637
3291
279
243
306
550
4915
376
764
445
448
450
417
485
554
992
2581
963
276
2001
2003
4114
4737
109000
935
258
4764
1370
12566
2601
345
349
351
666
1316
345
834
1633
410
589
667
655
505
853
552
1121
884
5318
517
998
2507
600
3393
552
1855
404
2391
569
1656
1132
868
308
3382
3280
203
505
288
289
473
2617
472
308
520
316
639
2104
747
590
1033
725
670
3463
1437
3474
662
956
1599
407
1708
1582
391
2023
3309
2574
710
4558
891
582
1879
151
817
2182
5263
2014
144
264
2583
2264
278
308
3001
2767
3772
352
1697
538
2188
618
1880
2067
733
3445
929
640
755
756
906
3563
3806
356
1959
1238
555
4368
404
4316
5806
1072
450
493
495
516
649
2750
328
1917
1252
662
814
426
788
4786
502
530
537
539
540
541
552
557
911
569
570
572
574
479
654
657
679
709
329
828
389
1163
821
831
361
364
366
285
1355
1033
915
1064
588
526
414
826
348
581
1934
526
2112
1271
1773
731
1791
756
1865
2236
1906
2852
1513
9303
3307
409
458
2637
249
428
2389
202
304
2541
283
434
436
699
2962
1977
629
3110
3122
595
778
796
1204
415
3951
5778
544
2358
581
3722
4072
1353
14323
1689
215
217
219
220
224
226
298
338
4109
195
2056
234
3041
405
415
420
1902
460
663
1292
355
5582
612
3413
534
543
547
549
551
815
312828
983
6806
647
3663
783
759
514
304
457
230
879
313
322
332
473
441
834
7220
550
433
433
675
461
600
734
844
1074
445
450
451
473
477
481
2186
4883
1777
674
710
777
8149
823
835
1596
873
1625
452
1060
1107
1134
9400
1177
1838
919
3267
521
155902
420
920
2499
2816
2333
404
396
543
515
793
617
760
1949
567
1118
4513
620
3529
780
481
1092
748
765
642
654
3455
3486
377
966
492
681
1173
3297
1795
511
1914
667
368
399
1041
465
479
340
702
468
5214
2859
1257
1250
6213
285011
1847
3524
487
1833
3777
5300
382
7192
595
600
472
4782
4418
14666
429
7062
689
858
1835
504
1096
320
566
4776
3359
1481
716
1608
410
432
396
598
732
312
361
327
464
5045
762
16895
478
1353
674
867
5152
828
600
1371
1517
468
880
634
1740
14001
1133
931
722
202
10164
308791
532
153
344
347
2809
429
431
764
705
894
921
396
439
483
3544
158642
1187
654
655
3578
785
853
570
616
532
1293
611
531
940
272
275
469
358
3414
934
439
570
1732
4262
1873
3505
5468
1573
6342
377
145
313
435
279126
948
759
909
760
378
375
759
2655
330
332
824
1113
486
729
441
353
563
626
974
650
274
561
570
721
3539
419
3443
945
1910
310
486
277
705
2246
400
1783
518
815
2591
2155
712
2740
1882
1461
2422
230
1180
399
600
2694
240
3387
465
373
418
426
336108
745
388
463
769
251
365
366
368
394
408
446
474
476
504
505
507
624
1369
244294
578
584
584
594
601
622
672
676
679
683
689
729
797
845
856
860
862
921
929
535
959
967
1001
1003
1073
623
1195
3534
258
1469
1509
593
3756
1734
1736
1769
1770
1772
1786
1814
1816
1837
1896
1902
1933
2004
2008
2015
2086
2107
2145
473
169
2214
134
137
2424
2378
283
410
316
345
436
526
2781
456
461
2826
756
610
612
734
1990
478
750
3218
890
3330
227
228
233
1066
1205
238
2197
140
197
752
460
4172
486
4563
319
4334
711
1837
594
606
423
643
277
621
413
437
4774
2428
428
441
1732
578
601
756
668
711
1064
449
1087
1239
476
1835
395
634
736
510
213
1316
1944
316
1210
510
435
463
464
1000
1808
5284
2912
262
1548
416
424
428
438
385
490
511
392
3978
868
295
378
487
1010
496
509
559
673
519
614
888
566
1368
467
468
471
306
310
312
322
1716
437
615
553
597
668
707
750
913
207
11653
508
186
194
196
310
600
395
619
148449
750
635
1612
256
445
630
2241
398
1115
507
505
1352
486
333
736
515
139524
765
312
323
402
712
400
401
403
660
409
722
760
1554
831
509
520
520
533
552
553
560
590
1145
370
708
410
563
761
1210
785
839
875
916
2015
946
1060
1096
1122
432
502
1210
1663
508
1454
1947
1942
2626
824
708
1749
2076
2100
2159
2606
1680
2522
2534
2604
1173
1212
2737
2798
2927
3192
3954
592
3586
620
765
775
406
3290
5281
549
436
4791
464
395
396
397
766
5105
889
371
1100
324
5666
409
284
233
633
188
968
447
451
457
664
709
6536
6664
147
355
301
162
240
263
228
430
509
7249
1942
447
703
830
1268
352
357
608
1087
491
4106
406
776
422
356
317
336
339
550
333
364
366
448
454
469
373
558
477
656
301
302
316
317
327
336
18934
872
355
233
250
332
335
1281
479
866
898
535
2207
2257
1418
1446
1822
769
1519
1604
819
1073
734
1217
578
515
332
334
317
821
571
276
561
563
779
2544
575
987
455
2255
1434
346
347
846
1148
903
1028
1099
2310
387
214
552
921
728
3893
283
476
477
484
2232
362
482
840
507
839
994
597
410
288
290
3704
495
505
852
519
526
538
552
440
448
449
687
645
566
707
716
816
3455
929
3716
259
1145
854
411
371
375
644
1654
1596
531
1795
1691
790
723
1738
832
1946
296
3085
413
823
3109
841
320
388
395
406
409
431
445
447
583
613
639
642
644
703
2912
1225
893
898
900
902
918
952
755
1083
1092
1152
579
1260
1454
1496
487
1540
1577
757
603
2088
394
3105
3990
1881
1921
868
4130
2021
2131
531
474
2199
568
3342
2384
308
2450
283
402
188
190
281
2686
343
347
655
465
1551
1322
980
2780
2412
5148
534
3686
467
3498
426
971
674
680
625
851
873
330
467
1603
1146
493
426
455
599
664
497
1533
419
677
847
356
816
836
617
309
311
319
324
328
1020
404
443
464
521
523
582
458
724
718
766
1157
771
871
866
512
1023
331
1762
1164
515
1227
177
376
377
1748
2379
1812
433
1577
2660
1363
243
232
1949
256
656
393
488
375
385
409
411
681
935
530
533
551
561
580
665
723
914
518
3222
1695
1182
1414
1371
530
1432
1545
3847
678
724
1763
1603
651
4202
527
2034
465
420
729
436
1846
1380
536
662
1006
717
1088
508
18819
2917
468
413
5516
2468
545
253
138
343
188
420
2919
3454
248
146
193
197
298
465
455
235
225
499
971
231
325
344
465
450
467
548
590
3471
433
5963
3420
270
751
889
500
1009
849
430
3722
1246
47678
342
4790
651
11797
296
423
766
253
134
305
282
436
269
2540
560
2394
352
366
16961
432
375
238
296
339
338
504
533
695
19694
645
811
842
3243
4802
1052
143
1313
370
1588
240
240
166
182
189
192
299
274
278
383
386
391
455
529
545
567
530
535
537
637
783
539
881
1178
365
33656
611
847
392
395
396
1824
323
633
766
293
308
310
397
540
555
352
590
723
731
196
910
1056
1005
190
193
155
351
494
235
406
407
642
456
364
252
443
473
964
311
201
870
783
405
416
480
442
488
636
305
320
227
232
761
437
836
920
958
1082
608
825
175
166
193
465
382
534
575
512
1393
466
496
711
1657
487
537
374
413
315
229
694
310
625
403
496
474
658
605
1305
835
889
1575
378
481
573
993
1052
555
270
348
643
273
331
365
248
354
588
484
508
476
475
833
861
476
535
395
540
394
535
1363
505
846
317
682
1063
2047
297
304
408
634
484
1486
139
2808
681
363
944
1736
655
2447
3772
928
296
3531
559
1158
515
1666
1970
648
449
514
158
552
607
1019
349
475
344
627
712
1820
679
1008
539
547
219
526
302
472
1411
883
1101
268
562
372
485
1015
600
402
407
303
364
233
378
754
314
401
423
795
673
962
1360
1260
1268
583
1438
289
674
262
421
758
1424
818
247
264
211
185
408
305
518
658
674
471
1089
535
130
139
141
171
1376
281
294
514
2151
2167
344
735
524
1845
745
321
665
2914
1799
310
980
897
3441
591
386
699
359
1179
281
290
301
352
352
852
366
421
523
227
376
529
262
754
786
1039
801
1050
1213
516
7222
470
2495
136
137
140
152
155
203
209
213
215
275
278
273
311
313
330
332
603
653
1019
228
432
894
217
252
269
271
281
292
295
357
370
377
387
447
517
528
575
580
593
622
689
700
584
740
752
973
1093
997
1124
1167
313984
169
170
174
1586
1587
1603
356
606
1698
1749
524
530
770
192
210
281
282
283
288
291
295
1951
316
740
158
398
405
191
254
484
489
470
343
615
631
665
306
462
149
155
156
158
1049
256
1095
449
239
2604
3411
233
2211
140
141
148
149
272
229
358
3827
434
649
696
373
1179
352
583
336
478
220
199
171
125
130
137
138
158
160
161
168
162
169
854
440
260
267
283
247
320
341
345
285
292
398
337
346
516
728
410
411
400
258
308
203
126
523
314
348
168
178
1054
240
417
515
170
423
166
227
232
317
317
324
208
168
543
122
132
134
127
834
218
757
296
748
591
184
478
393
389
609
1750
520
560
628
632
655
382
726
815
402
919
486
1021
1039
1059
268
1374
627
1428
1444
1446
509
582
640
716
1044
448
345
543
244
221
228
1287
142
145
130
171
179
278
300
461
385
324
403
460
422
718
2831
548
184
747
473
575
617
645
761
2244
962
3677
887
270
1075
260
422
587
713
737
1061
974
316
321
324
74
552
3305
185
251
344
394
251
297
767
629
477
505
971
621
338
455
328
342
592
243
811
819
143
953
398
893
250
226
147
151
65
38
57
60
269
305
454
601
865
1108
143
142
194
317
317
141
537
595
252
251
346
526
616
976
145
146
295
52
74
87
114
212
589
214
118
286
160
242
130
183
508
472
534
200
604
416
108
419
116
277
801
784
146
185
189
250
406
336
488
1463
322
1821
937
345
353
472
310
284
212
129
135
188
197
218
228
306
358
398
727
335
459
469
98
1239
333
637
650
250
340
1013
469
267
428
357
573
279
597
639
488
736
1781
862
743
194
340
113
316
132
232
94
927
233
580
534
545
207
490
779
278
280
826
334
459
473
522
853
595
408
1661
621
1243
257
338
156
748
351
207
212
478
314
359
525
255
434
1209
133
135
224
213
166
244
118
120
166
244
424
419
192
665
316
384
476
527
262
223
315
476
537
357
596
1085
325
423
224
253
254
256
727
340
342
287
291
447
269
966
702
991
926
157
146
150
158
160
295
191
198
266
356
224
591
385
486
937
989
275
126
308
281
589
292
389
390
392
480
476
479
769
596
868
897
508
988
644
185
1029
974
1083
367
240
570
571
419
545
879
898
214
918
958
2459
197
199
205
274
2659
431
241
226
410
547
3903
404
167
290
446
167
173
226
228
3528
132
175
230
192
934
266
458
611
635
367
269
322
455
275
350
547
382
443
536
685
675
691
9232
459
239
761
427
28
240
368
533
802
482
950
183
763
105
109
1832
146
266
269
458
533
1782
915
2501
2895
1502
795
250
239
124
238
444
445
429
324
339
340
345
414
438
508
3193
756
575
701
828
290
1351
170
274
642
134
131
142
153
160
163
191
185
211
229
650
266
295
346
394
436
356
471
306
633
639
433
307
309
312
391
393
399
407
410
495
1268
168
125
178
130
526
194
178
145
140
156
163
210
230
246
249
764
409
515
600
649
190
195
275
386
500
142
506
244
682
286
386
424
285
316
792
223
165
168
185
246
122
268
31
284
313
417
490
368
853
420
353
262
172
357
446
859
200
115
119
159
197
377
509
631
749
442
317
319
146
65
30
490
599
682
355
323
288
1069
1755
867
584
511
620
1175
421
289
857
331
484
375
375
223
460
569
626
648
929
635
358
238
135
222
266
267
271
356
322
430
552
209
121
129
218
350
380
143
149
158
159
171
172
220
504
316
327
354
3121
269
342
431
436
443
579
530
341
472
133
677
222
348
351
971
478
608
473
633
1682
174
529
39
32
153
766
172
702
473
124
536
607
594
691
322
390
827
250
339
451
358
970
333
649
1011
457
552
387
427
797
465
466
804
807
1543
1130
1128
1325
347
351
473
585
338
196
1115
332
410
302
391
392
185
1521
137
430
441
181
782
231
536
569
571
484
605
937
648
497
1277
445
276
295
316
482
486
488
489
1606
525
535
375
585
1230
681
591
792
955
599
787
1909
1466
525
1068
320
316
321
771
587
1195
367
456
671
265
285
294
298
352
357
414
421
461
477
480
508
585
643
661
737
751
787
652
579
1187
352
356
1218
462
608
463
690
911
317
463
372
219
130
132
134
175
170
235
302
322
1070
596
254
264
268
344
254
437
126
176
802
223
1261
234
236
430
333
203
264
630
197
239
248
702
417
432
464
562
603
379
697
700
830
892
309
313
417
216
530
125
542
422
520
582
686
1221
301
162
744
472
445
706
292
298
162
163
167
212
250
263
600
280
293
198
452
463
801
564
1291
803
292
303
397
467
570
663
131
584
807
220
230
1014
418
125
129
132
229
240
289
310
356
377
135
602
525
225
158
160
594
462
152
208
249
252
448
247
691
1188
830
353
589
593
750
69
1097
33
272
198
750
204
207
219
220
226
275
280
365
409
412
451
469
508
542
587
669
603
731
288
262
732
202
572
269
270
271
273
353
165
372
167
384
845
455
265
320
439
558
660
1078
497
799
594
195
473
539
270
452
166
356
357
361
362
200
479
268
175
219
237
240
742
840
256
353
124
261
316
429
539
1098
585
346
340
340
341
343
636
377
381
1386
1436
783
419
40
31
248
89
209
263
199
202
845
585
593
346
721
469
708
929
339
487
492
443
596
909
1796
1291
683
684
694
735
1040
382
397
714
507
522
146
300
367
1865
489
134
140
141
205
217
267
343
348
1343
533
611
409
3201
968
1239
347
357
611
607
755
1105
862
374
43
57
281
465
1215
6492
292
171
174
223
347
269
875
330
470
133
588
187
189
253
270
633
328
361
373
376
377
379
379
392
400
418
419
429
433
466
532
535
541
543
596
597
634
644
273
733
774
819
372
219
916
917
225
920
265
666
1010
148
152
778
1127
271
1277
1292
1321
1324
851
315
508
629
2338
589
934
449
1375
144
346
347
349
224
383
262
388
370
586
814
359
360
362
197
342
472
965
317
898
317
534
376
341
716
584
319
365
131
134
183
463
351
354
450
593
473
1185
734
593
355
469
470
763
937
384
1068
520
655
1197
1030
1173
585
346
466
476
347
282
468
477
824
264
197
199
555
415
244
824
186
190
381
342
830
187
108
191
698
282
277
106
112
121
130
132
145
222
231
239
247
252
253
314
335
348
354
851
520
329
379
392
396
400
437
492
512
513
1008
616
655
672
416
813
935
948
967
1052
512
1143
1170
1219
386
336
352
1265
722
751
443
854
200
231
240
242
1488
629
683
699
313
332
365
372
380
736
397
450
474
495
518
381
636
767
1136
1161
1275
933
390
304
996
271
215
226
378
379
618
350
439
749
715
246
469
313
264
336
532
307
263
436
206
1145
315
326
471
599
356
357
362
376
377
401
411
412
415
421
427
437
441
451
477
486
492
519
551
570
597
620
631
661
670
690
698
770
778
795
818
843
864
570
918
953
980
1004
1040
759
1147
1194
1322
1430
1494
1565
1701
1893
1764
1766
1161
1959
2000
2155
2181
350
319
553
2279
372
2285
915
2385
311
203
387
195
197
2766
2815
2822
335
2880
3031
501
413
3312
447
250
252
3504
265
409
3697
516
61
231
528
71
734
4654
171
544
526
546
3655
4038
171
227
5881
1037
313
210
31
22
50
269
352
269
450
454
503
731
22
92
648
389
398
147
644
651
669
225
128
130
243
1057
1214
200
414
479
318
322
329
429
333
340
342
356
426
449
524
201
539
547
202
554
357
755
266
369
357
1117
625
412
316
342
382
1304
428
192
342
383
384
386
393
588
660
706
308
355
938
957
222
345
1441
107
148
413
503
681
317
355
185
204
369
371
475
485
594
602
269
338
852
865
146
350
358
420
355
355
516
594
264
196
255
127
380
473
1454
592
598
335
263
225
220
172
359
449
276
1364
133
142
142
145
164
165
166
186
204
207
232
413
289
292
369
386
430
466
241
516
562
340
159
700
590
1184
362
204
110
131
149
183
181
271
407
452
1351
737
413
202
203
276
350
520
216
305
125
820
352
551
441
328
201
259
249
343
557
700
594
316
320
642
721
577
593
328
250
354
355
359
363
364
330
412
479
487
352
361
366
347
530
550
618
585
493
628
530
259
632
873
991
309
1182
458
690
785
1543
196
200
284
357
570
353
718
885
552
369
372
374
614
614
1099
504
459
276
277
588
1942
467
377
594
254
254
341
430
310
323
266
401
188
198
263
319
350
379
395
275
356
359
444
466
470
521
523
630
721
339
593
861
782
421
909
285
280
476
471
476
643
358
478
593
600
523
404
917
436
263
269
358
440
451
532
281
355
408
152
160
164
268
474
265
369
377
389
383
453
480
492
986
362
1125
340
570
280
620
312
419
521
438
637
124
263
446
125
128
226
256
264
319
366
511
480
381
383
378
474
764
975
357
355
340
490
319
693
1213
1507
269
271
405
830
384
552
323
596
857
1115
233
492
131
179
242
378
735
475
262
678
646
417
383
386
910
335
356
345
430
575
602
698
242
342
419
490
506
314
245
654
790
308
352
1123
443
444
433
520
525
532
535
566
649
748
865
593
475
1176
458
288
289
377
911
683
971
240
568
601
466
407
411
417
354
507
479
485
479
611
717
880
986
1104
621
266
266
347
126
135
624
173
737
295
487
603
1117
403
627
496
553
324
250
811
382
441
779
263
638
1178
488
500
752
774
1036
164
257
905
151
112
198
287
352
305
356
364
366
461
637
309
740
1314
318
593
538
587
250
705
363
353
437
602
467
727
854
708
961
1114
382
331
726
392
393
533
244
250
521
529
433
322
602
526
720
381
256
344
121
134
137
168
213
230
232
237
619
703
315
607
555
243
1004
622
147
308
319
323
323
416
428
543
625
365
1294
725
744
752
198
203
466
411
265
131
533
322
634
184
238
372
608
894
583
476
607
339
539
519
607
203
206
272
266
1100
277
338
756
420
249
473
633
656
847
605
299
271
310
344
381
394
419
1225
541
467
537
311
594
722
862
1066
1087
1097
998
352
1238
185
346
197
203
211
260
599
317
477
350
591
1430
747
478
717
594
450
995
1550
253
251
239
240
258
259
414
282
282
314
1782
521
1323
635
697
145
165
569
1349
357
927
954
108
110
111
120
120
124
168
1025
261
282
352
1116
894
1113
1576
360
373
315
498
379
614
730
1011
507
508
984
1162
247
900
185
1323
414
243
388
571
582
539
389
512
216
129
907
916
213
261
216
430
1187
525
602
613
648
1603
751
317
318
324
431
646
656
346
350
352
710
1326
458
440
274
351
371
373
489
521
513
559
820
652
1226
816
610
1872
99
440
837
306
550
2088
191
124
128
178
526
827
440
164
336
404
413
413
415
422
423
557
567
668
675
755
856
868
443
3507
127
274
267
279
167
168
7673
261
124
617
167
169
279
198
200
157
456
506
298
142
192
384
515
201
632
641
700
203
350
474
1171
829
55
484
27
43
238
240
241
584
1038
261
432
246
200
104
109
110
112
153
154
147
151
173
209
219
332
495
291
347
294
298
380
257
463
206
236
240
290
319
229
330
364
386
445
461
569
579
716
781
829
1003
1046
656
267
246
473
363
365
208
249
253
265
289
295
299
570
581
596
1185
1275
123
218
1340
445
267
272
273
277
580
364
539
548
244
248
721
560
1003
686
358
590
594
610
709
795
1080
1254
706
586
244
826
672
414
331
236
115
122
166
202
205
668
477
397
263
352
359
480
268
581
592
603
608
697
551
695
463
474
476
476
573
582
481
835
1084
595
724
782
526
280
501
339
510
1820
1008
219
676
176
133
181
331
154
346
193
597
781
793
1518
377
289
297
400
1890
475
487
2388
670
690
846
362
364
233
809
1340
240
1055
669
1447
612
245
256
257
423
427
617
614
356
703
483
1230
991
533
279
582
727
918
437
489
1437
830
1510
635
398
1233
244
173
595
685
455
168
704
416
270
271
272
1071
245
653
415
1048
795
727
202
1157
622
1507
264
142
66
28
380
908
794
422
347
310
142
193
353
363
369
335
479
480
487
629
725
852
866
1083
752
403
353
326
367
321
667
900
659
900
1070
463
916
594
986
1127
228
577
886
192
207
365
367
342
481
614
590
722
669
785
896
488
185
1240
631
281
314
518
694
584
343
576
700
382
381
443
263
746
312
1190
684
898
294
303
405
447
500
512
582
1194
889
745
260
347
597
467
216
217
405
1073
522
459
250
806
265
406
264
238
723
572
143
411
459
142
518
317
351
601
734
403
405
515
535
538
632
639
640
647
845
768
263
900
369
356
1267
198
736
347
376
346
352
354
745
473
832
443
952
143
1057
446
241
266
146
273
282
915
190
195
624
630
713
797
405
246
148
149
504
195
325
347
412
544
633
376
505
266
289
290
296
298
305
306
345
361
404
405
450
454
467
499
602
596
808
893
906
845
1014
1033
1110
1185
1213
1306
1349
1381
553
654
793
582
526
350
352
1222
266
415
784
472
264
311
312
384
389
658
765
767
902
722
1056
534
813
751
336
305
1360
254
256
365
312
313
369
376
433
436
452
787
616
1015
815
238
265
268
352
362
242
547
355
415
438
509
2838
348
849
352
411
1085
1299
1093
1682
709
237
819
341
353
533
380
382
383
331
366
514
491
722
614
498
725
943
1059
293
1292
496
189
989
3401
370
126
129
3530
303
770
221
257
295
301
409
5722
274
7495
291
571
369
375
377
482
250
553
306
807
838
244
239
326
854
518
721
936
1042
449
315
516
143
145
185
946
442
446
346
689
1367
359
488
142
593
145
149
150
158
159
216
255
284
286
290
294
364
391
402
403
478
451
262
835
537
310
312
306
413
125
445
591
588
600
714
938
1509
465
349
347
732
690
449
397
318
409
423
436
517
727
745
757
864
146
192
298
193
194
281
288
290
293
378
492
591
683
304
888
178
516
143
144
149
153
145
179
161
205
190
207
217
341
343
563
593
625
618
619
627
907
996
1009
1893
1030
1281
660
393
393
1400
205
631
886
395
523
308
412
314
315
421
424
534
724
748
1220
628
5056
4105
231
535
382
198
346
455
535
382
583
320
382
387
391
483
258
791
196
923
976
418
708
255
256
434
317
261
318
247
424
610
320
323
189
322
1933
318
775
359
481
582
582
933
585
664
679
608
263
468
443
586
909
1119
349
380
200
793
1532
780
505
384
378
523
647
649
598
604
379
382
892
608
1050
1065
914
725
1165
1001
1014
1333
710
346
601
275
381
1185
1221
369
623
830
846
949
1968
1498
788
485
1155
300
247
774
1143
1006
289
699
511
465
691
604
515
1377
911
199
767
233
530
851
417
680
1403
758
678
849
860
1388
614
619
596
890
965
492
1069
1318
724
1039
520
1831
400
153
700
2485
1046
570
129
182
196
368
375
242
244
158
163
770
409
629
406
424
327
585
946
1679
1230
492
276
281
288
292
295
298
325
333
334
335
347
373
416
432
467
468
472
490
521
534
540
554
576
599
607
635
646
681
789
862
1081
1098
1149
1222
1212
3840
134
145
152
156
166
184
206
220
236
274
337
372
394
395
415
460
697
631
672
698
726
369
2384
1152
408
14683
1513
186
254
3225
324
652
592
422
877
647
241
317
322
430
435
791
1078
317
478
317
328
342
445
445
460
538
564
580
697
774
792
864
794
1006
255
1271
120
121
245
428
346
752
166
349
350
351
352
357
360
474
481
241
686
475
286
287
311
314
378
382
391
406
416
481
490
501
697
926
832
1069
1122
387
386
513
690
536
622
533
622
536
281
316
291
301
308
379
395
408
409
493
621
290
690
878
907
935
409
410
898
1296
238
346
321
242
666
238
305
310
480
125
519
124
519
375
941
354
534
605
436
361
494
906
494
2059
1799
2273
2276
372
373
882
601
616
328
2585
223
151
163
181
186
188
219
237
252
2747
1115
317
323
467
649
452
774
741
793
1690
318
185
506
1045
659
4412
408
477
167
175
228
241
1339
321
330
369
749
366
975
995
451
349
319
707
466
346
371
468
484
824
850
538
963
330
312
242
249
346
738
465
508
536
662
818
361
364
793
331
469
412
271
361
486
312
590
286
371
185
453
474
530
535
605
232
233
933
773
788
423
1057
1142
1163
1223
1266
1822
2028
754
247
328
16344
700
260
383
706
129
127
943
467
707
344
474
482
486
489
1562
747
166
129
747
228
266
463
127
133
137
138
152
158
161
164
182
201
208
220
249
264
292
864
373
376
394
584
519
521
555
1067
1112
204
121
124
327
396
807
361
125
128
213
125
513
440
304
445
513
273
357
359
553
562
445
709
905
1240
1436
557
1029
805
1169
308
308
638
514
354
512
356
361
598
257
333
255
347
607
351
470
471
478
591
501
1096
127
214
405
201
339
456
619
465
475
583
704
714
346
346
348
283
1087
579
1131
308
133
170
175
265
367
459
505
368
546
487
823
874
376
486
508
472
626
723
736
874
846
1094
838
1083
179
1121
218
406
326
307
311
250
344
431
625
951
898
542
363
1516
371
478
586
595
354
471
471
478
753
330
596
323
156
329
427
437
123
543
159
161
195
214
293
514
741
305
818
311
414
346
349
359
169
126
596
221
720
319
1071
596
355
358
359
360
364
368
369
483
492
346
842
1227
1148
595
945
152
115
117
639
399
341
341
351
369
377
338
460
484
490
493
493
598
608
717
738
346
822
269
855
228
750
346
2168
356
254
936
325
598
352
338
332
407
124
127
137
182
227
233
263
265
369
288
339
419
428
532
649
263
359
527
529
537
730
1072
444
486
354
358
358
366
379
380
257
265
269
272
398
410
416
433
434
435
468
477
519
526
536
553
445
594
610
635
636
669
673
686
705
723
694
769
774
652
878
926
940
555
974
1025
1144
1183
1196
352
1333
190
912
1194
231
382
383
279
1455
515
256
258
130
137
140
142
226
228
231
341
959
455
592
1292
290
430
381
2113
420
345
249
504
595
513
470
255
970
256
262
264
271
347
352
361
713
448
806
541
850
913
692
410
516
654
334
1460
537
436
814
376
381
519
520
523
636
640
647
357
645
1228
1296
245
468
646
239
407
898
729
1015
530
308
310
844
413
627
411
339
442
306
831
252
215
132
142
145
145
161
167
169
171
189
218
467
245
247
252
285
369
380
417
473
521
1113
346
592
248
427
147
468
353
137
447
440
155
167
617
231
259
263
597
293
414
840
769
786
1208
1264
1152
169
94
887
330
304
347
214
238
423
619
323
430
583
655
244
263
276
293
298
354
396
1180
447
456
466
497
501
504
617
644
689
693
751
773
795
712
919
1041
930
642
424
196
310
414
233
259
909
508
374
381
485
487
588
594
236
131
743
308
722
574
302
169
720
312
323
455
355
345
347
264
511
265
274
275
335
416
196
873
180
429
1051
357
1457
342
346
1315
262
465
354
467
482
732
714
722
1075
537
239
648
643
487
478
327
240
240
598
739
869
305
185
309
457
320
416
277
409
418
202
573
345
290
291
634
356
385
410
517
785
523
551
979
986
1140
822
472
262
369
379
535
596
602
607
637
641
259
763
775
778
834
890
914
267
1134
374
507
509
1446
1467
424
319
515
514
727
606
325
329
334
432
1316
656
688
860
878
917
995
509
1207
1291
1363
803
1475
456
280
709
804
579
241
326
406
647
363
343
351
485
63
468
28
474
33
34
39
40
41
47
68
613
131
140
156
730
741
833
545
553
1115
191
1201
196
203
206
210
211
212
258
258
318
320
389
627
856
859
1274
345
731
256
308
514
525
545
552
630
633
914
322
351
525
408
537
386
354
635
741
743
321
598
761
1052
1077
588
605
1370
321
349
464
470
321
588
581
515
838
235
320
952
121
128
163
166
168
168
171
188
205
259
263
251
423
318
713
273
701
44
22
32
227
180
188
189
192
201
201
209
226
232
233
235
241
252
291
338
375
468
514
594
604
392
698
613
456
356
349
818
433
375
376
391
611
612
622
634
660
710
1204
1299
1883
383
388
458
462
249
23
938
1016
3714
5611
3917
272
273
357
673
709
1085
854
836
471
349
462
160
287
166
299
352
409
489
600
352
826
238
445
270
547
381
1882
768
1537
1260
1517
346
587
212
124
215
345
312
351
353
357
351
593
833
582
171
167
243
476
265
460
274
281
504
537
545
426
427
430
549
549
659
668
776
570
1030
213
629
356
514
513
314
511
518
841
971
340
262
264
341
457
446
262
517
263
807
938
145
345
404
421
443
616
262
505
263
267
443
456
630
333
216
246
367
251
311
576
159
228
233
545
337
430
554
282
691
159
160
856
360
592
597
723
1224
628
319
239
242
243
247
325
454
456
272
174
215
223
425
458
545
540
265
263
198
633
344
409
450
184
161
95
313
151
192
143
201
246
619
305
310
314
315
319
326
422
321
532
1047
338
983
492
846
846
1330
1473
254
148
261
472
298
413
352
404
512
726
438
1055
36
22
718
260
247
190
192
195
465
522
456
464
356
358
603
408
426
342
318
324
257
537
632
1102
308
223
265
274
152
157
371
380
491
509
347
540
360
763
415
1450
264
304
239
130
409
101
342
142
246
143
145
124
133
137
348
141
143
147
156
191
251
476
281
285
162
477
225
227
232
524
283
304
366
417
523
447
410
362
264
639
583
590
341
239
145
1058
276
237
245
250
329
431
223
225
276
484
646
1274
619
128
777
524
136
351
128
450
170
470
819
442
620
445
586
469
748
216
130
173
960
369
313
250
243
144
891
380
29
31
185
641
645
892
646
380
250
321
32
22
636
376
531
323
480
543
167
129
177
178
144
898
929
275
307
624
405
1107
749
333
1540
725
306
309
315
316
322
522
534
441
644
835
857
443
651
755
284
677
198
628
721
265
266
533
726
518
731
515
522
622
516
306
503
622
756
382
1048
758
905
920
319
1180
647
215
173
227
183
124
127
128
140
171
220
235
202
113
465
316
316
320
329
438
537
545
520
1100
318
328
443
430
250
435
614
544
282
194
202
320
513
640
760
388
516
637
608
1307
364
368
369
371
852
46
32
47
108
127
159
1347
228
182
107
274
176
376
432
223
227
107
108
195
144
163
120
162
313
437
486
485
636
463
470
538
856
812
1478
1014
1016
1227
922
1174
322
1353
1352
1177
129
129
136
137
138
143
550
147
562
178
224
227
365
380
637
280
403
381
577
241
340
3073
678
775
292
301
846
915
319
300
893
774
715
217
233
4284
1323
430
271
155
30
46
55
646
336
405
410
706
203
213
418
1242
1249
221
205
289
339
581
748
458
573
978
838
194
124
159
171
196
197
213
222
226
231
232
121
236
255
259
270
278
623
792
141
349
110
106
53
28
424
536
689
581
1090
341
354
698
811
1237
796
1534
947
853
375
383
392
475
484
493
494
694
423
900
3517
4865
451
29
554
1204
651
347
870
947
826
827
830
831
344
755
2653
475
479
609
3979
874
221
278
488
512
637
462
748
352
353
355
363
457
459
479
483
607
620
324
727
408
945
217
124
938
169
145
129
108
310
149
412
305
227
143
149
313
217
516
529
130
214
848
263
268
356
1044
896
540
1048
320
540
412
1698
974
412
197
195
226
182
443
448
602
263
127
903
144
184
184
359
278
298
464
474
542
448
1369
587
888
658
1897
198
192
118
448
168
449
272
644
263
230
241
250
261
262
280
282
289
297
342
347
355
361
363
365
435
446
451
482
486
492
503
519
543
550
640
658
668
698
741
808
814
826
910
798
1220
1184
622
629
1911
2119
2229
1227
1248
1315
612
2439
1149
2609
3890
590
459
3527
311
5091
3488
1094
721
3567
699
581
525
457
523
524
1086
529
746
1125
831
1197
683
124
480
1221
541
748
737
1718
380
381
400
401
412
158
490
501
523
526
201
551
654
739
785
1185
478
1524
680
1135
352
1161
368
369
370
1240
468
472
483
549
561
565
568
683
798
442
445
634
742
8884
249
142
430
583
746
703
442
107
107
108
109
127
150
157
201
205
246
277
408
410
106
142
332
276
742
310
526
538
533
1053
412
410
936
759
196
629
205
270
348
642
675
109
149
221
541
314
444
423
305
285
527
525
523
425
537
632
196
516
691
954
553
35
23
53
32
48
69
70
72
103
155
220
783
424
447
424
426
262
612
268
274
282
288
289
400
424
473
482
518
546
582
619
633
700
709
760
792
1402
1047
340
1405
771
486
311
857
650
367
363
1377
482
601
617
617
619
806
727
872
200
267
691
343
1053
627
579
324
553
727
119
405
382
246
305
246
147
583
215
257
263
781
729
1016
329
152
153
236
304
125
219
112
356
526
439
670
559
887
356
194
623
425
155
160
201
203
207
251
477
503
448
859
256
700
319
191
302
570
146
149
253
243
305
692
381
462
286
444
250
117
260
256
273
206
274
356
576
241
269
295
162
482
483
247
278
311
316
355
334
698
346
999
412
552
986
1014
1142
1218
447
402
227
595
534
632
728
127
164
446
269
356
359
362
160
247
717
347
350
463
589
512
317
410
414
416
738
854
456
427
577
327
427
531
340
1023
196
407
409
279
486
173
178
187
211
214
1603
227
268
308
486
800
347
438
555
608
760
1378
948
535
184
1757
1826
197
202
205
344
404
422
634
648
322
219
1207
460
412
757
283
344
1092
1266
1350
1376
431
301
892
309
324
326
336
415
426
2169
443
447
506
524
587
599
376
381
713
784
262
133
257
151
336
382
526
757
614
1189
345
262
266
268
359
641
817
632
537
640
1335
410
286
901
699
413
747
556
727
124
374
413
412
736
442
310
316
529
743
751
553
441
442
448
454
921
370
761
349
1662
876
890
197
478
207
111
385
931
38
1516
263
1002
268
449
538
1158
312
419
238
1044
576
27
52
63
752
254
894
250
251
344
590
127
415
518
452
352
623
424
427
311
324
750
429
430
776
905
920
1076
1326
1731
852
354
251
254
256
261
265
265
788
256
433
603
614
323
793
815
1126
311
193
195
254
258
271
315
457
469
1293
183
116
179
211
378
282
293
321
488
490
436
635
843
849
1062
1116
1256
242
298
404
46
46
481
347
172
224
247
317
436
439
446
525
668
827
351
197
251
443
197
250
345
443
444
445
897
328
446
830
737
324
514
527
626
250
449
339
472
1002
443
340
459
468
469
620
745
473
920
924
937
1054
1104
1414
1883
166
224
704
592
340
818
407
583
814
944
937
261
922
521
618
320
308
311
523
527
622
422
413
865
252
445
1595
668
214
267
68
30
569
399
278
519
330
471
501
242
243
317
322
332
413
1174
760
45
30
291
232
523
524
659
740
644
486
488
971
973
990
641
1013
1866
553
266
331
48
45
445
766
1035
1026
3739
263
127
129
264
262
287
288
375
395
401
407
520
711
731
866
879
918
1101
1116
1497
1323
301
171
177
178
179
373
420
745
8821
169
170
1081
374
1058
33
31
68
79
601
1346
866
317
726
308
56
39
41
47
58
65
77
104
133
135
142
142
177
612
747
351
411
582
828
729
529
625
723
741
351
142
593
142
264
857
1228
267
201
524
1386
224
346
335
413
418
516
413
596
472
615
986
1320
24
155
402
39
32
526
512
894
909
469
329
203
206
268
349
350
411
620
666
776
201
825
214
223
297
305
1018
1385
544
485
212
716
127
129
945
247
153
195
404
518
388
525
527
1034
240
294
1345
409
197
334
165
402
166
335
331
246
588
537
266
202
402
448
1367
801
708
106
150
463
31
74
85
109
111
115
120
122
227
229
300
443
603
71
24
47
1052
1349
593
596
128
125
216
262
197
266
269
341
303
263
505
850
306
316
630
595
731
347
958
265
189
127
857
194
1312
1289
166
642
304
540
512
143
433
258
409
642
1088
475
238
198
242
271
319
536
515
382
259
170
125
332
453
205
206
215
216
221
223
227
229
229
230
236
239
275
291
306
351
362
503
521
534
559
320
647
567
394
395
753
832
327
420
516
596
142
187
191
195
199
202
206
208
211
229
254
255
260
290
305
307
323
324
328
350
372
373
380
403
461
475
485
519
523
526
526
536
540
552
552
581
595
628
650
687
733
746
747
798
842
877
930
978
986
1061
1157
476
1449
1473
1486
1646
1680
1775
567
1871
2153
252
2190
243
2442
2909
855
885
733
409
3270
341
347
3414
452
550
418
422
490
506
3951
1033
457
4331
299
392
167
347
420
304
414
517
416
543
631
180
767
243
300
412
436
446
1066
550
414
254
255
328
502
507
693
565
244
405
245
243
145
23
31
69
80
576
171
313
264
199
218
228
264
288
290
353
358
456
480
535
699
731
733
425
180
431
531
320
757
897
442
352
360
361
496
730
869
1147
2740
793
251
595
862
356
1077
264
199
262
413
1066
38
42
196
198
583
245
248
256
263
265
286
339
360
384
424
440
454
461
516
552
553
584
614
437
249
1089
258
1231
429
444
500
471
354
356
905
43
182
1292
169
55
130
139
175
182
185
187
200
201
301
464
696
648
613
250
333
442
415
244
535
263
641
208
217
218
287
351
503
503
631
263
263
415
203
224
130
351
266
268
274
285
289
357
456
457
461
475
559
553
203
337
343
483
69
39
46
48
50
198
354
354
666
440
44
32
263
555
414
328
196
335
266
337
406
186
651
416
245
338
421
207
208
304
370
408
424
457
458
904
349
1349
196
28
45
442
354
371
447
757
758
1029
275
468
345
201
208
459
504
690
726
763
921
976
987
1057
1117
220
485
357
357
196
502
1114
228
188
190
190
318
982
662
425
340
280
414
346
348
813
482
485
509
624
682
852
905
1074
387
130
274
282
590
443
58
102
79
24
162
248
295
142
194
131
525
133
272
312
419
303
682
691
683
891
352
354
356
357
359
614
1517
1555
1564
1780
442
446
463
466
467
612
621
767
2228
798
370
2337
912
1056
1060
2582
409
435
3339
2950
213
1581
243
1646
136
139
177
471
742
4458
4644
332
592
201
270
592
1045
329
350
143
446
144
346
665
297
195
1208
328
591
356
674
789
272
209
219
277
305
415
441
499
595
680
1530
923
592
42
27
31
54
88
582
547
349
351
354
358
360
276
172
573
589
593
369
283
1614
1188
262
828
275
337
407
822
1051
703
586
594
1214
940
56
33
34
57
65
107
746
443
164
165
166
175
176
185
192
193
195
216
223
241
246
287
346
361
450
647
694
775
989
298
332
517
151
676
208
269
814
404
442
647
1433
646
1761
1181
1138
196
201
333
332
552
596
313
453
340
342
333
160
443
473
189
270
511
327
504
183
404
197
200
200
593
328
326
336
820
693
348
552
283
576
879
620
730
1525
448
348
357
358
362
363
372
454
419
490
437
570
574
586
595
596
734
712
717
803
827
875
890
918
1194
331
246
554
673
415
416
418
896
32
42
52
63
79
261
449
453
775
787
433
931
1479
1504
387
1619
356
357
358
277
281
413
252
969
974
1069
694
244
362
213
413
664
668
404
200
303
170
246
225
347
506
165
294
627
675
948
143
1019
345
471
352
353
357
367
376
595
612
615
617
651
841
732
1101
1237
3590
463
1389
1554
563
1721
729
473
167
171
464
309
632
3594
428
341
219
470
189
883
3513
5482
274
252
143
184
3445
280
473
203
1263
412
283
1114
481
209
263
585
211
651
942
142
192
142
258
332
300
361
368
373
382
383
854
626
1076
827
979
473
1313
1379
1448
515
264
344
551
516
306
308
29
83
196
200
264
647
384
668
677
613
790
200
995
456
460
590
593
1550
660
939
861
966
498
115
121
128
145
146
152
197
199
209
214
214
345
273
353
398
1707
582
325
340
341
484
1584
3104
505
1294
631
905
1093
977
2248
1552
2048
649
748
998
841
1512
2069
1179
552
326
701
539
545
722
801
316
318
563
637
1444
859
139
1309
98
222
175
331
642
183
713
204
217
356
454
475
407
835
384
400
424
433
553
562
581
602
746
792
1519
944
1109
1323
1327
18640
1421
1531
759
1823
375
598
349
703
2706
197
1214
186
34
402
47
209
124
302
173
128
129
218
412
470
442
350
602
1058
1053
213
128
644
383
398
409
413
414
522
531
661
683
690
794
830
857
945
951
1004
1038
1194
1272
1749
382
352
383
513
448
230
105
144
165
204
208
218
436
204
468
700
351
362
364
382
385
478
585
642
715
738
764
866
898
959
959
183
1094
1233
318
354
355
379
376
201
264
477
281
282
283
767
215
124
127
439
1394
471
480
275
677
677
594
330
443
194
143
144
250
391
223
1281
124
125
379
380
775
1031
305
304
312
313
314
727
217
160
164
281
282
396
521
1097
792
146
305
306
3215
1190
341
164
346
350
467
216
214
305
304
125
407
125
307
462
944
831
1096
1098
783
407
1016
315
316
327
328
414
441
540
632
646
743
1176
417
305
572
845
572
412
320
425
432
436
620
644
856
941
1193
585
715
304
351
538
1666
281
282
517
130
314
182
226
415
516
404
433
743
318
419
167
226
411
572
287
305
311
313
135
419
142
144
440
476
514
202
259
588
301
719
725
750
551
939
989
576
1116
534
723
306
314
418
557
559
716
312
1987
59
709
316
437
544
863
698
166
511
528
316
409
338
443
505
459
524
745
673
698
713
791
819
899
817
375
118
125
287
290
291
299
415
420
483
244
533
113
535
709
718
203
723
819
312
408
1139
527
538
1490
309
424
518
527
535
318
734
187
347
277
366
1561
642
233
109
119
146
186
231
285
215
193
124
145
153
248
259
263
31
41
358
74
454
295
840
355
1516
305
305
191
406
933
577
594
963
1058
472
162
97
99
128
205
324
227
174
256
436
475
281
282
585
346
350
98
477
102
141
711
322
336
1219
32
30
35
41
43
90
107
106
108
114
118
146
190
372
248
63
26
44
45
70
72
73
75
332
609
131
135
186
235
425
342
896
265
383
652
244
329
1096
621
261
319
698
326
331
403
414
247
354
479
785
514
773
1195
235
133
179
227
249
369
245
333
256
436
433
252
273
353
334
239
239
254
43
47
771
1104
258
919
257
428
959
166
249
384
354
364
368
378
382
477
502
503
732
741
839
843
1141
1427
1687
192
142
243
364
477
265
196
304
518
524
571
121
159
419
3291
249
346
475
477
666
592
854
243
1033
122
740
599
161
395
247
862
869
328
3041
75
219
259
400
491
709
454
394
37
308
68
79
81
319
23
22
411
129
130
411
176
208
124
169
214
214
294
175
327
265
197
278
282
429
487
442
570
927
483
188
185
166
216
150
189
190
231
863
371
501
510
1480
201
126
578
217
241
241
287
344
346
417
420
436
125
510
602
852
551
458
461
558
788
904
492
239
317
427
242
142
143
148
245
245
552
959
852
237
325
561
332
336
569
7649
385
239
132
378
328
332
254
353
2199
294
440
448
479
212
222
598
516
421
703
153
177
183
186
187
193
202
205
222
294
319
322
338
1061
381
743
415
560
580
667
900
722
532
1862
2246
2754
1093
4696
3370
359
359
370
371
373
381
405
763
522
523
528
549
663
773
872
939
773
1249
1285
1427
1779
1928
179
155
3412
12110
445
112
116
633
214
240
250
402
624
727
320
418
166
126
858
346
351
446
446
1524
352
175
127
352
358
360
476
214
130
142
154
156
167
171
178
242
260
275
349
350
354
991
1079
404
474
482
581
457
483
487
600
768
770
782
907
939
1049
1104
1305
1386
1416
1432
1721
579
348
124
697
702
256
125
264
404
625
409
519
521
637
837
219
219
201
383
346
304
413
124
177
951
352
278
1559
356
392
474
496
506
600
628
667
724
759
778
790
881
886
971
1028
1040
1106
167
217
348
288
401
337
125
124
304
213
192
350
371
152
246
142
340
264
171
169
382
229
171
584
116
260
1651
197
927
583
618
309
522
1192
388
394
398
527
658
663
669
777
598
2298
347
347
348
586
124
124
126
585
463
535
248
260
804
1162
954
260
932
490
636
387
389
390
392
393
408
344
384
636
638
832
677
791
939
341
342
1196
1291
693
304
176
307
328
503
177
144
268
1050
299
118
737
120
934
647
316
324
339
340
344
356
356
462
470
473
537
552
554
561
569
658
672
798
806
154
1319
361
572
340
263
201
484
933
317
411
418
513
631
732
409
304
305
304
406
408
305
429
434
523
348
535
540
554
634
755
363
932
1089
829
839
178
225
617
309
516
412
407
536
264
533
636
829
408
624
307
842
429
409
316
328
435
443
497
564
667
764
436
782
364
1630
1142
125
406
134
226
202
400
416
197
606
196
198
343
448
449
593
904
1681
866
317
427
597
746
191
143
344
298
142
150
191
829
219
247
264
315
465
633
1152
264
272
274
290
381
441
540
559
564
734
749
1139
107
112
150
230
442
431
593
176
224
231
250
344
348
444
195
162
167
171
346
464
309
316
378
896
377
186
1056
191
108
149
745
1687
458
470
479
602
610
623
640
744
760
786
901
1084
1098
1217
1411
490
1729
291
148
108
146
343
313
236
525
1054
183
811
329
375
108
126
341
98
95
96
101
103
144
148
108
174
904
259
359
239
451
1047
164
266
269
148
188
190
191
224
230
278
288
825
304
219
129
134
135
136
173
344
420
216
124
160
537
341
142
107
148
349
576
239
246
225
196
412
230
431
966
127
176
221
713
222
280
339
125
179
189
236
273
945
416
477
484
216
595
115
262
198
554
698
554
518
304
411
413
415
696
1264
1289
204
199
344
264
278
256
569
666
683
129
97
199
383
206
244
121
495
197
167
237
279
419
298
125
175
405
721
518
299
381
94
165
202
508
184
186
296
198
684
221
277
279
351
51
22
58
977
424
755
427
320
972
400
166
232
580
615
604
686
187
253
47
92
821
286
245
773
224
167
168
172
287
293
643
532
545
548
775
862
429
324
325
430
431
535
142
145
154
208
249
257
367
383
751
673
442
446
306
124
1048
588
125
131
187
262
326
1276
46
44
143
407
366
1254
309
289
294
297
300
306
327
329
330
333
339
353
360
361
366
367
378
389
390
399
401
407
415
555
572
581
613
633
706
827
831
835
842
857
859
877
903
2128
981
992
1003
1019
2466
1084
1115
275
1203
1230
1234
1371
1387
1480
1486
1660
1661
364
1803
1870
249
249
251
256
1975
1988
334
344
2077
421
442
2133
484
108
507
519
110
2308
2350
677
3905
271
890
2600
147
148
158
735
2670
204
2871
435
461
463
2944
649
3474
279
1621
193
4123
1934
2065
4926
198
195
292
535
320
863
576
247
253
269
274
418
449
450
664
597
745
374
376
395
400
1000
1075
1317
802
802
851
1444
897
1523
995
1001
1143
1349
1353
406
459
267
268
643
162
131
149
187
191
309
204
524
155
255
443
555
176
126
177
181
207
209
242
274
387
285
648
393
995
518
607
1162
145
127
128
179
248
967
108
249
212
287
541
227
138
319
168
171
185
234
319
324
361
493
523
1422
296
752
341
342
380
383
411
363
569
211
212
213
444
832
609
500
1073
1382
261
749
323
452
375
370
157
177
224
228
300
599
763
1012
469
383
1031
457
450
160
166
167
171
172
452
295
579
417
82
124
390
877
113
132
157
159
195
285
304
395
486
643
1013
862
1429
462
184
264
148
298
317
221
237
266
391
434
646
709
2484
1200
2225
354
267
278
375
453
465
251
142
143
150
203
304
280
181
371
153
476
554
635
713
531
236
342
414
557
1162
1066
233
247
101
306
278
315
320
225
329
426
529
788
854
570
261
290
436
56974
321
537
471
483
835
226
131
133
540
320
143
314
243
305
243
344
424
320
321
538
816
340
750
541
748
250
147
158
165
193
197
199
207
253
263
317
197
245
1102
316
143
143
107
190
499
459
143
194
192
778
142
264
338
338
347
355
357
514
647
1284
395
778
807
523
143
143
575
508
681
242
933
539
193
197
1428
215
213
532
319
532
862
245
144
168
169
245
250
261
271
335
341
364
367
382
396
418
436
443
472
523
540
620
633
651
752
753
759
785
795
828
977
1019
1096
1235
719
301
702
141
131
133
424
218
336
340
341
344
690
502
245
347
318
94
164
323
516
331
315
257
420
423
128
130
530
648
753
981
1045
201
95
128
181
185
209
398
123
229
257
146
371
804
341
468
144
148
155
203
250
257
681
566
474
423
480
483
100
104
105
139
688
213
278
866
591
429
499
688
175
748
133
232
409
309
1084
192
142
144
297
480
130
131
179
227
144
175
174
443
191
318
147
246
358
179
131
412
433
393
109
187
142
142
143
250
253
337
432
344
142
143
146
258
349
603
896
467
253
258
422
442
448
454
455
441
592
597
264
265
267
277
713
956
358
912
668
932
1227
582
347
515
142
516
343
329
255
332
340
413
423
185
187
430
478
266
579
289
293
305
675
488
509
674
779
1008
341
341
412
245
1072
585
350
192
352
167
146
444
429
533
543
246
515
142
406
1138
1424
568
535
355
463
476
587
622
1079
966
192
345
594
407
308
424
428
622
632
293
159
160
161
209
293
361
363
375
378
381
404
166
348
472
280
281
286
777
883
465
350
351
379
384
388
463
466
488
493
507
589
622
635
912
1033
1068
1110
516
1135
1156
290
299
305
320
345
347
348
352
354
358
394
410
431
432
434
445
456
477
487
501
520
528
531
590
606
650
741
742
759
853
858
953
1103
1105
1149
134
365
384
1064
386
387
488
509
530
534
592
618
635
704
714
755
761
772
874
1045
1117
1249
1310
1390
343
332
338
497
1144
142
142
311
130
132
167
314
185
111
360
195
145
142
142
775
307
110
404
142
607
362
131
132
134
224
310
181
382
332
263
328
332
333
217
313
675
213
628
319
659
133
144
183
354
230
266
282
291
308
318
412
456
515
599
170
168
311
860
171
257
398
351
404
555
329
329
835
305
188
198
1146
168
124
886
892
408
124
668
329
328
331
334
555
560
633
376
301
634
647
192
248
417
1162
867
652
746
748
516
443
942
937
1539
458
1754
726
1045
353
623
347
1502
744
398
311
312
753
848
873
971
1150
217
620
351
271
272
274
277
356
358
622
858
248
1278
414
1172
705
583
439
347
348
568
584
508
666
249
250
258
250
339
817
438
1016
1095
329
333
450
560
684
796
194
116
511
304
308
324
324
418
516
625
637
743
1497
749
320
325
412
844
557
329
333
341
342
344
441
449
484
486
570
597
689
673
706
1059
793
809
238
345
346
689
238
1166
130
249
250
143
189
321
244
590
346
412
443
249
788
280
380
407
306
311
329
419
439
442
649
656
741
841
857
881
47
24
151
198
832
455
340
836
241
52
33
405
513
408
896
333
517
1057
305
196
145
359
471
941
281
351
144
208
225
249
267
271
453
468
483
239
686
2149
473
354
1018
1639
337
556
