Waf: Entering directory `/nethome/gsrinagesh3/ns-allinone-3.24.1/ns-3.24.1/build'
Waf: Leaving directory `/nethome/gsrinagesh3/ns-allinone-3.24.1/ns-3.24.1/build'
Build commands will be stored in build/compile_commands.json
'build' finished successfully (4.660s)
Load generated: 897258 bps
Number of response times recorded: 19894
32
29
37
218
111
119
128
316
133
281
277
283
283
230
304
431
384
373
463
424
383
433
345
246
174
532
519
297
334
355
271
484
253
396
295
497
348
423
429
365
443
453
389
557
754
746
565
483
555
351
481
544
583
421
469
491
385
322
549
642
532
1159
1166
545
553
739
969
653
547
846
798
657
778
788
791
545
801
1081
1326
528
730
686
691
665
892
808
1252
743
768
798
811
1125
745
1141
896
1229
994
1050
1032
1369
935
1037
1041
984
1119
1153
1894
1209
1470
1085
1691
924
1468
1377
1429
1129
1268
1808
1134
1100
1497
1623
1514
1683
1111
1166
976
1377
1265
1693
1291
1292
1989
1903
1408
1935
1201
1188
1319
2010
1759
2003
1428
1388
1631
2095
2097
1599
2157
1279
2202
2413
1889
1567
1726
1418
1947
2067
2780
1962
1375
1859
1432
1498
1496
2199
1367
1608
1561
3118
2000
2292
2696
2374
3140
2343
1501
2688
2129
2174
2027
1778
1609
1984
1636
1961
2501
2602
1863
2066
2882
2745
2384
2057
1737
2177
3552
2587
2036
2194
3312
2271
2756
3094
2066
2076
2125
3116
2317
2210
3798
2101
2165
3113
2388
2836
3351
3912
2273
1538
1541
1543
1583
3187
1596
1599
1589
3392
1951
4261
1803
2716
1901
1556
2247
1477
3326
2929
4625
1375
1527
1528
1957
3742
2078
1541
2024
2212
2820
3938
1608
2067
3988
4391
2328
1699
4433
4696
1392
3872
2274
3971
4423
3326
1885
2796
3704
1587
2717
2565
3428
3979
4774
2286
1663
1537
2192
4025
3422
4034
4848
2977
1704
4628
2217
2217
2601
1551
1534
4707
4223
5050
1579
3699
3754
1685
4661
5052
2278
4338
2120
4448
4787
4955
2831
4469
1787
2085
4819
3964
2442
2118
1729
1850
3952
4605
3657
2345
4895
1615
4237
4508
3855
2802
5183
2352
4481
2299
3579
4791
5709
1544
3581
1412
5250
4164
1776
4859
1768
3517
2072
4556
5387
2945
5336
2336
3008
3570
3552
5157
1699
2172
1745
2123
1717
6089
2016
6132
4482
2775
2027
1646
5258
5032
2205
1540
3657
7029
3039
1646
4181
4333
1296
4955
6319
7475
5346
4380
2106
2487
3574
5951
4260
4887
1931
7044
4201
3046
2506
4587
5104
2296
2332
1872
7842
4483
4366
2232
1946
7140
2138
4824
1849
2391
5013
4911
3714
5289
1483
5533
3859
3548
5109
3653
3462
7659
5081
4098
4551
7673
1391
3603
4378
5287
7205
3438
2128
1401
7489
6726
4774
4521
4074
4573
5207
3994
4875
5836
5460
1622
4582
4665
3512
4657
6951
4338
1466
6667
4951
7187
5137
2237
6626
3737
3444
1437
2305
2172
5898
5024
3394
4713
5660
5675
3450
5697
6455
7974
2247
5089
3460
4435
4400
5826
2198
4120
9024
1709
4311
5174
7538
7262
4159
6709
6789
5265
3484
5382
2748
6535
6968
6188
3570
5165
9702
6623
3084
7539
7084
1511
8081
3949
5358
6055
4824
5941
1576
1989
6631
9439
2202
2311
6115
6806
4490
2670
2762
2235
7578
6452
4542
4374
1695
2115
7689
3253
7715
3609
3320
4406
7802
2979
4028
3780
9086
4327
5968
5625
7562
5800
6047
6697
1670
3314
5055
4216
5030
3782
7583
5083
7950
2223
8429
2392
2422
7770
3560
8062
8449
10479
5257
4713
2400
4812
3084
3717
4048
4473
8163
7836
4950
4815
7102
5781
7664
7367
4464
6866
9174
8423
7107
4852
8051
8014
6937
6816
3758
5840
3796
1914
3051
7132
7101
8879
4004
3765
4762
5505
3844
8670
3445
10501
4133
9551
3796
8093
1923
7140
7899
1982
8228
5040
6651
4866
5704
10228
10579
10048
5421
4734
9053
7462
7727
10283
4807
9781
4911
3700
5980
7852
9204
9394
3655
6568
10950
5353
8503
5628
6925
4010
6604
11936
3770
7571
4556
4995
3654
6561
9775
3566
7954
7412
5710
2012
7701
5719
7589
10344
6805
10536
8573
8796
6331
5369
5118
11756
4835
8561
4216
10569
7869
8243
5283
10723
6211
10893
4682
4577
6269
10944
10217
9546
4159
5496
4835
5064
6463
5066
3895
5907
10634
2013
4607
5731
7171
9430
10712
10843
5624
7107
9992
7194
10643
7366
4916
5280
11016
5364
10710
11079
10105
7286
4967
5017
10994
7001
7370
11039
13005
11236
6137
14388
3561
4920
5488
11709
6867
13666
11947
9189
8218
5759
10679
7310
9546
12299
6663
11180
11320
13402
5955
5891
9615
9527
1867
6550
9580
6102
12271
5696
10650
9376
1976
12430
10980
6844
5666
7417
4115
11630
9624
7890
7803
12099
10094
7655
8396
8551
11950
13827
9266
6953
8538
12867
2112
5669
11845
3940
6529
8727
1992
7944
7358
8662
12987
12941
7742
6996
11393
8574
6826
14959
11042
10486
15238
8355
9249
9906
6855
10639
13189
13001
8510
10114
11266
12803
6616
3571
12624
9395
11292
12945
2817
10640
8555
10818
7057
13639
10227
10706
4650
13054
6536
3742
7092
11055
13302
11840
13811
7665
11180
11267
6897
11637
10285
2086
3238
12474
12542
5091
5220
9803
9976
5077
14515
11987
10980
11713
9729
10719
11790
8120
6945
4836
10263
11126
12077
3963
5036
11834
5526
8072
10864
7945
9057
9407
13140
4880
4333
14037
9292
13753
2018
5187
10960
12401
9369
3034
8946
13966
9406
11173
10533
7639
14546
8347
15038
5201
10935
15201
6973
7844
2262
13836
13462
7535
11175
4031
17079
4994
9403
10839
9388
8017
4766
8962
14840
11656
17142
9808
9968
8863
9419
7069
5560
16666
6686
10917
11142
15768
13031
5183
4416
10521
14327
10001
15360
2222
9372
9430
12598
2952
14626
7923
7953
8828
11520
9595
14615
9740
3408
4308
10492
13344
16124
6457
5875
16161
7626
9111
8630
9771
11834
12884
15735
11569
11019
14523
2135
5331
12565
12061
13832
13253
5758
11077
8826
10750
5883
13216
12453
11683
8594
10109
16325
10955
10222
3997
7008
1973
7067
12711
10867
12289
11834
4215
7991
12908
15840
11523
13687
10546
16388
13908
14723
17829
11810
15574
19138
7411
7042
8785
13087
11161
6913
2838
6774
2170
7461
9788
7839
15093
6840
12136
5014
11911
11577
2746
7908
12709
12561
14014
12695
14984
11581
6862
14336
7193
7935
7846
19302
10357
10773
10687
10425
6439
12870
11856
11878
8845
1911
15066
11316
2822
10484
14899
5152
14410
14094
11780
11070
5133
12173
15405
17892
13690
14756
16465
5984
5009
16159
16610
8757
2189
15675
8585
7795
12867
1986
11461
5526
14559
11101
14746
20104
13525
6966
4106
5520
17523
8020
13062
12549
2007
16508
6504
13741
2205
14105
12692
2204
2944
12405
10161
13765
18987
10825
2880
18021
11722
10379
20214
9580
19231
5805
11885
16125
6780
20679
4018
11146
13135
12939
5727
19110
10421
19053
5167
9073
5176
7113
17158
5066
7861
5307
14339
17773
17025
18479
4875
4421
11868
9284
17321
13480
4121
16124
7961
15986
7157
15400
15795
8755
14073
17281
13283
4924
16494
10393
2053
9795
5082
5083
15516
17037
17358
9658
5801
5179
2103
19968
14378
21417
11619
7103
5967
5978
10731
2398
2415
4065
14256
11181
16418
20425
7741
14190
14626
2711
9220
13856
5161
7747
15688
21207
6383
11039
15423
7036
17034
6012
11002
20680
8178
16704
2279
16026
20654
18820
12271
11183
6318
10954
6576
12576
12600
6632
15747
3242
19201
17243
16187
21344
10168
7972
15286
18359
15929
3797
2169
2182
18929
15231
20878
6928
16936
9976
10001
6684
5348
5331
4993
7343
14757
19647
20056
22074
20250
5221
16419
8424
22289
3168
18124
18897
17297
8204
21980
12140
8713
16321
13321
18599
16169
7920
18463
4773
16232
7863
17270
20947
19150
2939
7251
18430
7128
4856
9251
19228
4245
16881
16985
2338
18661
16724
20704
5775
4191
16806
23887
4428
17769
20234
19378
6295
12313
11922
23026
11411
21775
20621
14751
8209
5985
5988
7771
12789
11341
23201
7743
16512
11198
13021
11738
5180
18232
19541
16905
17931
21391
19454
20874
16108
14616
13253
14187
7325
17742
23773
17583
8217
21314
19248
14374
17669
19558
3253
7661
14533
5474
17444
13652
7458
7780
22460
5443
23394
5063
10077
7072
14316
10066
14381
10943
10564
8147
8952
7366
18517
26098
7951
13888
13859
13395
11732
14022
11168
14828
15674
16664
8784
10449
12792
16113
19596
11135
8888
18002
7484
11072
19065
6613
19994
18898
6029
22180
14997
10769
19833
5126
5130
5137
21504
15530
11014
22400
22941
18307
18515
7523
25000
21754
21861
26954
9955
6940
2437
15864
2278
22014
14474
16146
22641
20251
23088
8674
21198
13291
20841
11147
22681
23946
14709
8752
6990
10040
20676
5919
22776
5831
5841
18508
5876
5890
24126
18166
2234
11442
23131
16110
25254
3077
11194
5782
3014
18784
19072
19662
20902
9146
16109
20811
23730
19332
10665
12860
9486
5126
22044
8116
28455
12927
13005
26949
13128
27299
6653
16645
21529
17508
18888
17723
4142
10221
24090
22997
23149
11246
17177
9865
22842
28314
7224
4603
8979
7231
11794
24251
21239
12730
17416
17919
25877
9772
13221
15006
27736
24583
14310
18052
22787
24089
10945
23653
7689
9446
8247
8441
14954
20158
2183
14786
14380
16895
23456
16747
2719
23785
20267
15768
2015
12624
4216
27231
14505
22880
5306
12885
21700
11281
21371
8084
27667
4994
16143
6175
25014
5137
7190
5183
5185
24185
12956
14104
29873
25865
5936
5946
18694
10101
21100
21934
24704
25219
13249
6852
11419
8050
6130
23082
19724
12481
17653
26558
28274
3788
3932
19840
20625
19872
16863
26167
18463
5961
28530
22804
17365
24693
5251
26618
12711
17187
11186
2284
10931
21471
10031
19218
7467
7402
22792
20127
7404
7446
7448
11343
11409
11427
11432
6981
9819
12860
28937
8173
23066
27022
31726
7286
7339
25720
28767
10414
26222
13253
20898
2942
8114
15181
9970
11690
4294
28767
26542
13886
11656
28646
26376
8275
24615
29679
19753
5455
21054
10406
15903
9591
14126
3263
15828
3716
25958
7245
17915
9725
27420
6131
8985
12553
14462
6885
9114
11389
14497
13004
28805
21475
29142
25826
23796
7881
20245
21693
16450
16646
29101
13520
26675
6947
20789
25259
6400
29044
25631
5870
11153
24391
24413
16428
24674
27280
10923
17302
16911
8351
15399
26454
9083
21839
23500
6162
29167
17385
17219
23301
5636
19016
5591
22085
12660
7398
8936
28167
30944
26376
13004
31827
12838
22302
8348
8369
9266
30791
27427
9764
30378
27876
26759
15911
26622
7957
30199
7148
33309
13234
18082
7532
26796
12036
33185
23619
33122
8150
10559
27341
10328
16461
11292
10383
11303
11746
13565
30857
32726
14465
13316
10335
6609
19871
11511
6593
18636
30422
24972
21511
19376
35704
11070
23934
33943
15289
17415
11010
16322
10012
10335
28873
15479
8507
21981
36428
22891
9157
2579
11300
27511
7292
30974
4614
34003
8319
4662
28162
34589
17635
9425
28221
27814
29364
19701
15360
16498
27930
23982
18218
9656
18284
34683
34786
8113
29206
9333
28591
18169
5557
7530
22914
31483
26023
8804
6406
5432
14003
35183
16700
5403
27017
13609
26180
19959
19179
35479
34767
28989
11422
32067
13773
33001
12834
9112
33996
11394
10224
8338
32479
24609
11014
10856
34300
12318
12836
30889
25825
20857
21966
5215
4682
3384
18051
12274
9233
33976
13376
10349
25491
13221
29060
15175
9819
11361
3603
19888
6395
5762
30580
35757
16744
13441
35943
17375
20452
25583
10776
9739
14336
17055
27958
29360
29162
14982
4124
20296
31998
28017
13223
22352
21395
5320
33396
5645
20954
22457
2383
14365
28232
31318
17552
37024
6178
13191
11744
33305
15587
14532
32492
17042
31066
11760
23191
28799
7377
36225
19393
23283
27460
6508
4595
8307
15973
17552
16278
23416
23582
23163
8499
15344
8432
7518
31636
24329
37025
29322
37035
32326
16559
25984
29370
6518
21546
2451
32891
36422
38086
8536
19141
16389
16531
17377
23052
24791
34454
39262
33334
18530
34584
14314
30033
32741
22264
7444
9267
16493
9509
5703
7740
33940
9345
9683
32911
16271
16489
16290
4481
16156
24134
9369
17723
17625
13415
5621
40136
19829
18568
16568
29362
33086
21347
17475
33487
21418
7314
13975
33243
9473
8090
6636
25179
28310
14652
13414
7428
5567
29070
24450
24127
11596
15598
17524
7478
33924
34569
4182
36323
8676
40700
26115
26820
3644
17705
22268
14409
36648
3597
24029
38249
40674
38133
27091
22902
18490
9686
5570
38924
37022
5547
7505
35632
15347
39298
5755
27963
18430
19866
33624
37094
7491
37272
11804
12400
13665
14608
2604
7561
17239
23285
26899
22069
43313
6134
35655
13242
20221
6539
2595
11831
16654
27312
41573
18358
16328
4643
5297
37634
17311
26235
2724
39101
13293
11570
23903
8656
23940
14541
11635
20579
43596
31876
2688
5548
37295
7272
36153
23682
7288
23088
28935
12473
11289
33831
38511
8601
21520
23290
8641
13515
17204
17214
23448
12360
23452
23456
8815
20537
20541
13780
7461
20612
33415
6467
20528
7967
6407
42291
3397
24635
40767
12480
38789
17557
6099
36194
10586
12302
33371
9341
14553
2618
8597
39862
3501
4743
38841
44192
5716
2607
21433
47053
35555
11160
7801
19167
12663
30034
15513
11463
7281
34236
4538
12475
19648
25321
4451
35311
19206
34475
7157
40851
9251
19270
44764
4597
25521
23446
34955
16941
22511
11460
14564
9093
19948
22728
9977
6857
14309
33490
6494
4703
36010
4359
22591
22622
46211
12616
5774
21067
20299
12746
41149
20126
12638
10456
26363
5512
22280
8814
3665
13523
39978
13412
36002
34419
41035
22537
41497
2584
4686
26768
14436
17562
37575
38783
23556
7714
34697
39324
30450
23679
23690
9643
23693
46150
5753
23815
21580
5568
3614
21140
3625
4721
46584
6578
38193
44499
24363
36564
25271
14697
34465
21384
3418
21395
24581
38540
43292
47964
42802
14010
21597
2520
14392
13222
37683
39792
19754
32597
15585
40385
17547
23776
6340
45042
42606
8541
41122
11411
27194
25055
18328
14660
35435
28346
23599
22219
33322
47668
5815
16697
47720
48719
38340
5609
16810
36566
26624
38796
47274
8753
4690
19095
6834
43073
16591
37225
16640
44392
11368
8238
25812
13996
46274
44497
43414
2675
44614
42980
32273
4710
24802
28106
37941
44601
32486
28849
23343
13724
26260
13481
27045
12273
46815
26405
26628
34048
4367
50323
29861
29892
33937
10287
22585
26615
24678
49699
8655
25372
16614
25631
7535
43071
6317
50047
45293
22644
30622
6468
7793
8385
19753
39221
17228
5664
32983
18464
12508
15419
48740
39547
7635
27244
24799
17162
44169
45399
44032
9887
43172
44546
14656
51563
26291
47854
37078
32305
39002
7418
11881
37916
11445
11486
25030
8461
13415
8111
7558
31304
31305
6682
7673
7146
15263
3670
28110
6628
2607
2619
3492
42692
2585
19415
32504
7499
45964
35008
34728
28395
3617
30475
21959
42265
8640
11006
28567
22526
26298
21426
28582
14710
51107
43392
29847
6306
47999
36040
26486
28242
28177
12423
39505
43061
11652
32461
4509
13277
5782
7455
29516
7743
3679
40434
2679
46544
37272
45254
50372
2527
22583
26876
39983
43016
2624
44050
52516
45675
38297
8716
37653
9618
47059
4587
4592
27417
13423
35399
38599
9437
33358
46910
14591
48011
49062
6668
5683
25660
29862
8734
39936
4677
50872
10409
49766
9473
21510
23562
7327
7701
2578
42132
6540
11146
29738
33390
35131
32133
28237
28256
24883
9844
35762
43511
13912
23638
28445
18784
6920
4681
37604
22498
31405
4534
31915
48830
45892
4737
50199
31743
52338
6563
11750
15333
51117
4466
21536
34313
33185
40314
23080
17048
48954
3553
13793
6518
6613
44671
51996
32605
47294
29563
10908
35808
32727
33613
51135
19744
8724
16601
7597
29811
32679
9499
16408
27807
15189
32837
9728
21587
5598
11460
37681
22822
30324
2671
37918
36246
7651
30395
17539
42310
33372
12535
15757
17365
32129
24831
15774
7494
50507
32752
43234
2772
10194
4575
6499
22793
13770
31731
34811
10517
14542
42480
9051
5517
10652
24988
47404
31054
47495
19597
49981
43554
8526
10620
31276
14235
31317
9608
25327
32946
8271
22481
25475
6498
10940
34495
55127
37848
35661
2834
13525
7559
4609
14340
8619
50454
51526
7528
5635
33696
11745
15483
42827
15943
11813
32226
56730
25668
32296
50719
17282
38503
58974
37183
7678
19335
32432
50888
44355
40316
8713
32584
17589
52749
7279
13803
9688
26154
10218
32249
6617
7421
33823
56954
56344
26098
29640
58241
39254
2821
33094
8912
50225
5700
12640
18548
5687
14431
42901
33437
23791
23797
13101
18329
11628
58331
43940
5584
24044
37050
6561
18439
7561
6674
2901
35967
37902
40192
59901
34026
4788
11101
39894
24476
18555
8556
51436
12594
26837
8760
7402
3380
2803
49481
40723
2617
4588
6383
37681
57572
44467
50477
7811
54679
35534
9212
25558
57805
35265
57414
35313
3411
48824
31678
15015
31734
9037
27483
56819
23207
7858
38634
8568
8437
38709
17587
9462
54403
5697
8337
47160
26108
25414
43543
3422
3425
48322
15484
55985
43251
39474
53714
28736
23469
11845
30566
3598
18053
4051
16180
4432
39473
23559
8737
9470
4606
52918
25129
4632
2434
55957
61415
4407
51811
4042
2515
2754
2755
54059
37167
27563
14543
5829
57005
2546
49263
7514
52535
14651
37435
59932
40550
37929
3657
43019
5205
64872
10589
62374
57233
47909
10575
35148
10421
2422
2423
24636
49456
3463
46158
6688
28847
51622
48633
38550
2471
7598
18281
12539
10800
6633
41911
16259
66444
14665
2440
37979
4509
7083
22653
6274
6865
6412
42203
6469
30393
4593
53953
12597
45431
5397
49386
29596
7531
12821
51399
48530
5653
7429
67480
20615
21550
42501
65257
2752
63344
42911
17116
4627
7187
35813
46292
12887
6315
7518
9542
18458
40475
12780
13224
34480
6923
56048
47498
5595
2492
2498
10056
15784
8688
57077
16529
8294
47196
29409
8018
67621
7230
8517
8567
61040
2723
15100
5471
5475
5476
5499
44412
65594
17179
10740
4568
37863
22316
47799
8695
9460
3354
3372
24736
7490
7223
6005
42259
48072
23448
16928
9289
7579
5692
9471
67915
62716
10461
8631
5407
2782
8706
55691
5672
23900
27910
22209
5778
5853
65468
4491
45713
6396
8957
13452
60686
63086
10826
9930
10732
5733
46317
16017
48378
11554
6392
7504
3427
4472
62833
46451
8763
21992
21555
11515
5521
9981
15924
53291
17386
9403
28609
2551
11896
11904
45213
28820
10229
11856
11565
2729
12175
11648
22728
59711
9183
5682
10715
15429
6618
50867
61391
17562
48454
41222
64794
11101
8637
6995
44744
50492
7714
9281
9296
39686
8329
18007
56255
6735
2774
6608
64319
11512
53275
56028
27544
2560
4198
11084
7400
8680
8896
14243
14202
68419
21571
10187
13861
8342
13303
6829
18920
68918
60864
25284
16974
57313
42052
5748
65632
14205
8266
8318
7366
23422
2539
17616
28586
5461
11578
41127
2729
13041
8664
8666
5529
14853
32556
49933
47107
10655
70070
10783
9017
4840
23506
50574
69005
69341
57208
13405
36490
5825
66091
4296
9388
12668
6267
25598
3521
3529
9515
69837
19819
67905
48111
9761
4555
53589
7499
18651
21026
16762
16790
12997
65069
7184
57918
33524
10391
2482
69022
4535
36057
69972
4680
2576
63725
14540
13637
15424
12009
17637
10184
57057
57082
11243
3302
17476
55717
25218
16911
10681
2667
17636
5607
5608
17714
6690
43293
12293
8709
4735
12667
68581
6214
4364
3445
3448
49345
53183
4125
4546
4143
21789
7683
11193
71707
12306
9495
71022
7289
18374
18052
74987
4718
4569
4518
2735
73839
9510
32524
8465
23105
2712
11500
9885
27447
3616
17652
19228
77092
49582
4586
4588
48550
63497
27509
10382
4694
5733
5449
7085
5470
5622
6646
7729
15273
68058
5584
10674
14523
56764
31687
7829
2770
30190
2517
2520
61493
10379
67868
33486
52446
42798
8538
5668
6554
13565
7632
14484
65179
60055
78383
62856
6525
20747
4722
6561
14734
6275
15320
5646
38148
61183
5543
7455
2530
3423
3430
38701
61567
12679
26305
65805
7300
24088
75004
19830
64224
55587
56617
8585
10532
64775
7616
18273
5577
68113
41912
17923
2617
22053
4411
4729
3659
7632
53926
20778
62443
7768
22211
7457
4323
33445
7505
7584
9234
30102
3466
5408
8804
3485
10955
75200
5477
61444
72140
14861
11968
8218
79335
51689
3148
4590
5463
4676
11334
2505
2507
2513
4801
4814
58128
14329
28228
11497
6000
11517
81581
8720
18852
11945
11639
7768
19920
21117
18448
8524
10425
67289
11479
9284
6369
8669
28947
3380
13808
21357
66209
4517
10427
32621
62520
4679
10213
4697
79471
7661
25875
34468
5784
5338
6728
10687
15340
3335
7245
18575
4376
18630
10182
11133
58164
32681
7353
10903
10781
5462
60321
7249
81994
7288
10514
4499
32902
25677
5662
29956
38442
6533
50564
10699
4393
7535
5646
13336
7871
9583
33265
2596
2683
20052
5487
13588
14547
7037
25992
12691
18505
65998
10547
7464
35533
8420
5441
14364
22494
17288
6414
34125
3471
78048
6261
2568
6446
6956
12398
14548
26131
26698
11741
11754
44144
6518
5669
7360
11955
7366
12895
6021
2429
7568
2530
22396
6209
6256
2598
5695
7560
21281
85514
17116
6132
4670
59748
7950
4588
15728
15724
2613
2617
24396
83150
12943
7578
68084
7608
12608
71272
10215
66025
33127
43987
11638
28267
9577
69774
13199
5654
28991
16475
11072
19454
8419
3310
22694
2545
2549
5279
8643
29048
10762
2781
17073
85804
2562
29288
11570
2607
15129
28596
82118
48561
29902
66374
5822
5494
5770
25991
5762
3433
80720
7465
26520
4309
65299
9721
65129
6111
10009
6493
11539
4478
85743
16315
30430
89682
40716
9472
6711
49298
72263
2671
7723
28981
15778
3734
6772
10476
84320
24755
13444
4705
16949
74694
91089
40848
11732
11774
83418
56754
12811
41561
8743
64998
7779
12090
6504
4685
7849
16426
87136
87164
36802
61308
2858
2859
2862
2870
2883
25823
17036
11738
5621
32062
4811
14235
32107
13444
5861
29953
7692
7722
8579
18577
12750
9470
14071
13768
33964
13801
9581
11572
79571
8344
12389
4655
4771
7824
5843
13206
9200
2804
30368
23571
9757
3788
5605
8542
38746
6756
12105
30640
2691
13708
13736
19275
71847
80367
7120
10642
21400
15841
78328
11087
33270
48097
4655
43141
86717
47145
4892
46508
12692
18284
77863
3775
2682
66855
12698
14650
10696
4782
5556
10473
14511
15387
2619
73345
14629
10585
88886
15595
84024
74762
4618
39410
2792
2807
74305
5781
5686
6623
17728
74490
16593
2688
30066
24307
6777
62652
36420
67108
11902
3697
5575
16688
9922
39196
25689
88201
65747
6750
2625
16871
12411
12595
16785
29307
16812
5753
7529
3921
2709
10280
88155
23608
78530
4411
9931
7478
7606
89672
10650
84765
84468
31047
7494
2553
2557
90219
4879
13464
70406
3536
15790
3704
2775
12835
7575
25560
6882
45558
11712
4754
4777
4722
8744
25833
6423
8647
95566
22197
51706
11613
17649
15351
2730
2741
80894
2823
32113
5845
24110
92357
18202
4655
16135
25735
9462
10338
78383
5762
4835
2788
38894
53113
71503
19830
15487
26088
10142
18550
68006
25073
96253
19800
16170
6528
93750
69596
6634
10521
4654
4796
6655
88746
48158
10712
21101
81997
6978
5943
7235
13718
14546
10619
52535
12572
34454
19583
19444
4670
44894
39012
31256
16574
81753
2624
25757
11225
6660
79503
72812
2673
7643
72822
6710
10533
8004
82501
2827
48669
28861
7197
48714
40576
2636
5723
94488
21663
77950
86074
2648
64649
76548
7587
39077
12153
22727
37834
100873
3763
8883
76641
7694
15352
21681
8944
41781
18091
4406
8623
84657
7865
14455
24363
6544
2884
93343
2856
3518
3524
8401
7871
8286
28171
6607
5819
12857
11771
9717
4582
3776
7987
85982
23235
81727
25350
25138
28954
86411
45617
6682
10175
7768
85919
24724
19489
8745
23290
5784
43825
22870
2731
100146
23703
5600
5571
95577
17905
51953
13460
11834
23318
102867
44514
9864
31455
42595
104361
2803
61988
3648
3657
6517
4789
5898
91073
5895
12687
5689
4773
12408
66969
8682
3492
7368
95828
77726
10596
77879
39585
85271
99931
3745
104650
4675
28265
6375
6585
21858
3867
2793
5785
19817
15586
102612
8843
5705
77477
89087
105326
103838
11118
42888
82064
12547
104012
36684
32618
5537
8654
17846
27355
4874
4886
4891
4892
14621
8454
79272
26315
26812
14699
14949
99576
7758
9611
20683
42565
8983
98208
7704
17724
6593
83903
9633
7605
2729
100986
2645
2836
86488
7390
2881
7936
6844
55462
15931
28143
83671
42337
8230
28166
6852
6594
48563
2837
2840
33948
97813
22643
12136
34733
6771
26114
64165
71616
24498
11135
17141
7706
2696
9597
3707
3420
13880
107335
8870
37191
84646
85566
9220
49497
2841
16592
8433
96951
11893
2599
16760
16774
34472
96692
7836
11435
9676
59430
92392
4844
69930
6532
81498
8871
2770
2778
30043
78723
39335
108385
15895
5470
31184
26715
8764
53395
20110
12673
68666
3629
2706
25589
17653
4754
104967
5631
3412
3387
3317
5722
11536
52629
19441
37846
28642
33328
3426
2666
2667
3602
15811
2626
7690
6394
28578
9763
3636
94267
6447
6821
4610
7629
8337
4561
104793
5762
13843
43734
20570
60738
4732
29521
6469
5151
4829
11413
7609
87820
2627
108736
5653
112016
45736
7135
10861
5568
21348
5659
5791
101901
7530
105142
49129
14906
5662
5956
23757
67773
8828
42638
10993
43660
2936
8458
98717
4364
8365
7780
41399
2673
6702
30578
16444
6805
22583
9669
7442
55101
6465
112471
37135
6629
7670
18034
2630
13458
4626
8378
12721
22546
4789
42594
7481
4776
7243
2764
3552
92111
78228
107827
9589
95595
8763
7782
3834
5781
35814
51313
9126
57558
10170
3660
3683
3688
3698
3794
25514
5606
37653
28842
4827
22791
8848
18076
46723
5706
43174
20033
18319
9196
18341
6870
2878
9006
5032
43738
58739
10810
17784
29897
4670
63409
2844
39664
9810
9643
7116
4678
25796
14893
3372
5898
47374
11015
44673
6014
6020
10073
54807
19583
7456
11104
5827
18033
3830
5968
42579
7488
40683
98731
60468
5919
6908
82551
2938
24626
26083
8027
95882
87140
113395
2991
11261
31659
7994
12405
2780
2791
30625
4999
99739
16766
5528
7905
40186
4691
19441
27777
5692
23297
3670
35654
12585
7823
23569
7892
2879
70035
12926
12771
2855
15531
100566
2793
14669
88671
16488
3754
11016
29773
97697
116640
2573
5681
10994
114034
55545
2819
47792
106121
8752
8766
48343
9419
38396
101441
2639
13775
10593
36491
3397
17532
15029
9790
95526
2575
9744
102902
39715
2682
2684
99972
9619
61462
16807
39243
15451
9867
121624
22163
28640
109499
22268
2549
69254
6688
22559
3375
15914
105839
3654
18185
12064
12978
28307
11778
47294
15532
6699
32048
103332
2721
2588
8745
97223
16666
2589
33484
2597
97353
5892
6643
17650
4809
5613
7695
5559
21070
30754
42256
21667
3606
11976
9089
32950
26880
40923
14026
66061
27234
9965
56871
9196
6487
3687
101377
7469
118970
115241
3691
98589
5920
2781
8799
5409
4513
5611
123167
47055
42013
80444
2746
2751
42177
48112
19857
74944
10977
12932
123760
53696
17922
77962
17623
99719
5673
2707
80379
3346
27470
65358
115453
2527
5500
5525
113947
9009
14362
5447
2629
8838
30209
4509
122466
8199
29803
118364
9556
16706
5976
5984
53247
66500
4626
36200
4629
39658
17315
96400
2410
4123
5521
11240
3407
7180
13597
8512
46184
15243
2563
91752
5288
3488
2195
129895
104523
5494
12740
4436
10942
34911
14915
55054
3397
63641
129235
3390
34107
13436
15696
2455
14710
5087
8325
16952
119213
4481
98802
108903
79426
3416
5147
10087
6315
8207
2538
129692
14593
38474
2651
6348
104108
11013
3871
7350
22008
43746
8426
2758
4084
11017
17456
2532
9577
6326
41967
5262
65848
8882
3382
43138
5795
11517
7060
7386
11666
11679
7249
7288
5124
9650
8722
2800
41976
7424
30819
7370
6632
25533
4531
71394
4158
3416
3576
32636
95771
4194
2584
35401
6186
108440
69750
35648
8195
2740
9694
57861
19667
2476
2487
2501
100775
24696
25881
9779
7575
8619
15140
55846
2587
76572
5274
70658
3398
3398
40557
11771
6888
3278
3290
15449
7121
9209
25519
13858
4303
4631
13102
110028
3261
6377
2420
4431
21577
5389
16322
11875
5507
120749
20587
20153
129436
119225
13347
136521
110919
5675
19686
11983
16790
5507
4793
11207
2701
12278
5596
10862
3266
12536
6283
107480
6295
8417
6378
6449
28160
6153
34981
10281
4189
5585
9430
2576
2580
119463
12082
5771
23127
28777
5637
10205
131196
21706
7202
48225
7215
20562
27823
2573
130080
7376
2823
7411
8910
5053
8218
7662
5253
22551
12619
17102
125695
6845
45780
11274
8881
5614
22096
82540
2735
2637
4444
7308
5494
3474
4582
24705
11177
4261
117315
125831
9615
4246
7775
28496
23134
31682
136744
105149
7391
4197
10468
2534
3354
133712
134909
14151
10288
6916
12622
79646
8485
33948
5501
7204
9484
6451
7253
67111
5421
97473
133852
3418
50768
7052
4633
10416
104218
66149
10088
115979
5531
15170
7379
3370
19252
5538
3365
31438
54197
9597
139116
32613
3564
5444
121384
5605
108243
13963
128747
16229
13145
11350
18175
142235
3375
78033
127126
124450
4405
6527
2672
2705
8084
5175
11959
54440
123685
8110
33394
17969
2637
8571
2490
5053
4925
4640
30863
110078
15688
17071
6655
54458
11807
3486
118644
124997
13194
6003
12851
12321
6463
3227
19529
3274
25597
12546
9313
3499
4263
4248
117294
46890
2453
2455
4550
6986
2548
4388
5090
11904
2331
138268
4557
11045
6182
7290
3246
10923
2296
5305
5319
36775
2576
14045
4333
5486
11026
7271
12167
2418
8180
2353
5243
6123
3173
4373
5509
71226
3140
6336
6398
11500
17382
4567
2967
5630
15615
17061
9082
6436
2656
2658
69788
6839
20329
68070
40578
62845
3205
2618
7012
2530
104637
23263
7401
6519
4997
7446
54562
72420
7179
7534
87665
4427
14486
126109
7892
4304
6244
7907
5084
4138
36056
3314
6274
6261
3527
7476
7327
5046
36370
39513
4179
24322
5567
8383
7612
7624
5336
80150
129909
12515
4464
2207
5050
134390
23371
92854
3463
3465
5299
7170
2311
2315
75972
6161
124956
142991
2470
88764
17250
2513
43178
4095
5160
4607
3997
24264
41667
2420
4027
75033
7331
75977
8447
6191
86503
19047
5121
8162
5568
34253
4445
6218
6248
3017
7828
3179
4183
7223
8039
139577
4344
5522
38785
4020
8827
4035
13700
103010
9237
4540
4935
3883
151475
7601
110364
147966
6248
89380
44238
96858
146359
2543
8292
92068
78028
35480
6378
2278
7321
150366
2301
2303
2304
148228
21928
58737
3089
71997
25417
5006
3355
3360
9258
88235
8878
3036
12928
13337
73647
6465
119270
13415
6256
4137
23686
2366
3747
3218
3767
2346
8056
2541
22830
6842
135333
16353
4118
129310
133546
2436
2312
3310
23720
140631
152480
12383
8816
5281
4005
2204
3403
3403
8101
5574
4963
9781
7424
10209
9838
15651
5364
37782
17747
25053
14965
7161
4222
8882
6442
129556
4348
4355
10149
6433
4012
4638
5043
5562
5192
6922
8450
23823
7154
155713
10988
6300
13359
6843
9122
4824
7005
17148
2639
10326
5682
2580
6326
3096
9847
37135
7351
4220
3416
73740
32470
9656
49826
2506
30164
2439
4343
33808
6385
4119
6290
3197
12518
7939
3297
3193
2537
2541
2541
7947
10773
2343
2356
71861
5495
4370
15995
3195
10712
133758
4483
5794
3308
5048
7454
11160
12235
4955
6006
4486
3246
7328
2374
2304
7708
7332
11545
65411
16376
3765
11593
4105
9608
9814
21514
11907
6944
10373
5083
4272
16331
10537
4545
3169
3183
6471
132352
2330
2342
15698
15666
2348
100346
10397
46774
4963
100542
5246
16970
5921
7323
9355
2205
2211
3983
49925
5258
3133
3134
5511
2488
2253
102996
5472
13732
2397
7917
6006
12790
30729
16430
27601
25704
3309
3331
11464
3105
130505
84507
10322
7098
8083
5458
161446
6793
2435
7093
3782
4107
7164
7045
4933
4317
2333
13445
4774
4633
5318
15333
2386
5323
8166
13557
2543
7564
2362
17266
9150
5685
9377
3244
8049
3115
5205
12701
32528
8477
3843
5295
9903
5373
5160
3790
16584
24567
5940
2297
2297
7122
6579
38083
3338
9135
14059
4491
4155
6287
6309
9341
7541
7040
6394
81362
2327
14207
15064
78766
8258
9678
75701
6140
15868
77818
9553
10704
4368
7835
7186
164238
3946
18051
3340
7347
22745
26128
60196
6142
7627
7150
6293
3182
7240
7241
9654
116860
146857
7550
7829
6014
2359
16169
7906
16851
8921
3962
32256
3318
3369
10094
5255
7112
2588
2627
2631
10567
11918
95635
11561
12078
4205
4487
5057
156356
34703
8291
6747
12287
8447
27409
3905
4227
6989
11127
4226
7260
2526
6677
12909
4244
6228
76809
5417
6664
9736
3186
6074
2248
3833
4268
4284
4230
4369
89679
168171
3149
29379
4325
3336
10558
3162
25835
2258
6931
2208
13819
14938
29832
12662
5041
5008
3241
2461
2464
127342
5802
3170
3837
6978
2969
2997
2381
20391
3734
4230
20852
7012
9845
14697
2239
11557
2261
2263
12258
4936
6153
3170
2380
2416
3243
2984
3014
2181
4193
22074
2366
43322
3127
3136
7396
2152
7010
4031
4037
3769
10833
2964
110701
6968
2125
14477
6022
13293
13902
3072
17206
5397
9809
9372
28609
7890
12987
4005
4220
164731
2380
2389
5327
7962
3116
4009
8517
161355
3923
7966
4296
5512
146186
28256
69026
5339
7164
5390
20097
5907
7330
3249
5515
6835
67320
23252
5902
2457
4026
3971
8442
9321
3201
6418
119955
6126
6153
4061
128076
4057
5484
151269
8149
7251
17353
2872
2444
4270
2431
3005
2303
15941
5305
4860
5356
16163
8237
2383
2386
4108
95312
3887
13454
7029
5352
7832
7945
2204
4142
69429
6147
39414
9583
4512
3171
6221
139834
15194
2394
4446
3676
2991
12107
128424
2288
2377
5945
2169
2180
2183
2194
11312
10318
66528
2977
3943
5818
2195
2216
2223
3905
47485
2357
3720
5923
2252
2253
4379
9859
4620
2174
3445
4872
2959
2981
2981
4484
3887
61913
171906
178879
175528
3237
4804
3723
10934
3065
4563
3130
7178
2423
4441
4474
18033
3240
4836
6016
6378
5456
4046
3736
100370
2267
2274
93484
2467
4720
3251
3258
3260
3261
4935
6489
16746
156275
7191
11701
6796
2381
2389
5294
7841
5729
10509
4682
3176
3321
12613
25653
31576
4037
2413
2414
12908
2340
5712
67321
2202
13639
6850
13326
16938
14307
6072
30874
2436
7274
6340
3355
3957
3961
4106
14006
5058
3720
6244
6460
3730
157101
6612
38117
109122
39787
90534
95740
5225
148734
8480
5971
2377
9685
18540
7762
3360
19348
10152
84056
3414
4696
4059
4254
4277
80987
12387
5928
13551
2595
3127
2619
6845
2621
26983
9804
9220
10274
12397
11201
3778
5234
6182
2375
91759
3465
10550
6827
10205
16889
3138
4261
2267
4348
4076
4223
6337
27378
11974
6034
8148
3030
6009
78303
3280
2375
3288
2417
2151
6887
4976
5384
3129
3302
19374
9858
98187
6735
2423
6257
62331
4065
3226
9270
13494
12759
3755
6084
2974
5205
4763
88273
3216
20575
7752
4000
3779
3999
6606
10611
11812
6972
136622
20722
187834
39687
2338
2117
2312
2315
4142
3239
8546
67513
6093
7656
4927
3776
4008
4015
2310
2349
12748
7998
22692
3308
7482
6705
2168
2884
180909
2075
3841
10410
68044
2194
2226
2275
66776
4100
2291
2426
5311
2450
21981
10237
11743
5958
3651
7311
9203
5718
3015
6917
6410
5807
5864
3785
46253
48166
10028
3286
2502
2503
3208
6612
10541
11914
5473
2910
66839
3971
5009
28877
5172
4350
4236
3321
17373
3250
7113
12771
2369
2370
9561
46183
4559
4587
4326
3900
133168
3012
4211
4624
4643
3854
2385
2183
4832
4870
2966
4889
9435
5917
6713
7862
7168
109286
2991
8105
2371
134055
7380
6244
7412
6025
4219
5986
5167
4836
2295
5048
3053
2828
3086
26764
8175
14133
3196
2156
5019
16490
3662
3778
6846
6953
7639
3141
3677
2129
11825
12852
6623
32672
13928
53015
139271
2857
17112
2300
2179
189350
7431
2283
2168
5731
25757
2794
3558
5682
2240
2242
2245
7874
8702
3066
2221
2222
2226
2229
2065
2089
179477
4738
9450
2058
3049
6001
2738
2264
2276
2993
28841
10758
83563
4145
2896
5855
3800
2265
187920
3693
13836
18695
7485
3647
3443
3444
3472
6246
6899
3020
3040
6710
185819
2025
3256
10341
5442
9913
6918
4057
6420
15271
3741
3761
3088
3499
2984
8138
5013
10572
2785
2106
3756
2100
2796
4238
2251
2153
4995
7692
10059
11995
6119
5080
4555
5114
169805
4491
15162
6135
2316
4764
2225
4779
2242
5871
91618
15973
6514
2978
2978
14926
2983
2018
2947
6104
4105
5387
2971
3013
2273
2272
15705
5639
5865
5260
3705
3717
2132
139295
180283
5872
4193
2114
2017
173464
3611
8576
2062
15364
4674
6307
61970
4678
6564
6750
2097
20576
6619
2687
2690
2812
4416
2745
2710
2898
2163
2165
5129
7752
3879
39493
2229
5380
8252
6386
3458
5273
2204
2207
2210
2213
2221
2953
198325
64833
79579
3665
49026
4095
37863
5221
4260
2007
5865
7987
2211
2951
2975
2975
3708
3730
4357
3738
2836
2272
2247
6784
2676
6754
6284
9638
6870
3586
6516
2772
6632
4164
12678
9375
7454
2975
6923
2023
2031
2056
2077
2079
7663
4510
7692
5940
5839
4468
125556
2306
2244
2245
2029
6738
8247
2044
2053
2056
10425
21179
4536
8289
8771
5256
73327
2967
5156
2141
2984
2986
4396
3011
3012
34650
74345
3446
2724
3004
5821
31375
4530
7261
8917
2059
12363
12212
7482
6750
4221
6341
3352
3380
205757
4167
4181
4183
8188
2997
3838
11943
29875
6670
6748
8337
4574
4223
4974
6134
4091
7948
4011
2937
4785
8161
6556
3625
13885
31026
18758
2192
4106
2891
2946
11580
2106
3687
3688
3695
3363
6059
25329
2042
2297
6011
6525
63849
26741
2386
8093
2191
85673
5712
8230
6615
6616
5235
10444
2817
12118
7331
7344
5643
6967
4371
10669
9474
6916
4043
2371
13401
3746
7440
131335
2393
2393
16647
8374
4887
4231
3710
2358
9354
5752
2583
3124
14343
3239
8888
14484
2379
2419
3074
7072
3173
113291
3200
3843
5451
3573
12933
8845
4102
7794
3047
7976
9260
2796
18126
2226
2113
8960
2199
2208
2301
2758
5253
7168
5032
3515
4159
2151
2153
6249
2292
2304
2318
3107
13229
11922
43494
3450
12050
3688
5192
5888
5184
10575
3727
3743
7959
15549
2855
18051
6608
2391
3076
12607
11588
2156
6917
2198
2200
2215
3502
7142
4727
23765
2252
3870
10047
2988
2112
2113
2115
28728
22447
2990
4330
74967
4242
4606
14639
5337
3758
4571
2278
3698
42417
5073
15147
6871
5150
3200
3971
2457
6934
6772
3605
5844
6199
5269
5418
3234
5130
4257
4568
2488
204355
3010
16441
91003
9566
9680
4999
7760
2307
9780
3083
5253
7461
18860
7557
5181
4745
37047
5725
6948
2430
7015
42575
6958
4586
2092
2110
2111
3741
6088
2373
6429
7646
2139
3883
15161
3280
5129
7903
2815
3689
6913
3762
3140
3051
3070
77210
2211
20064
2325
14743
5884
8650
2249
5669
5000
12240
39118
7617
6513
3794
3802
3935
20694
24148
2136
10397
13158
4527
3920
9286
16866
17512
8800
5781
12449
9145
8891
9924
8532
3790
6023
2233
7754
82850
4808
2158
2164
20374
2354
2263
9949
2477
8152
6935
121535
8378
4215
17352
12651
7357
6675
2411
6880
2141
2562
2440
2317
3707
2546
2547
2572
2580
2581
2583
7276
4128
19243
21584
66519
2882
2247
5072
3373
6891
11570
8247
4804
6910
2571
2501
6915
20510
13838
11193
4064
4083
12220
4101
4123
3003
3005
3011
4274
4040
6618
220503
5827
9426
5928
77793
2849
2036
2040
2734
3100
6358
10174
5163
12422
2020
2696
2713
24162
8531
5088
2103
3300
5749
7500
5695
5260
5348
15978
4906
1985
1993
3386
3401
2813
2783
22981
5654
53523
5095
5967
2602
4994
3413
1976
1977
4544
1917
17419
3144
9141
3611
5709
5744
1976
2175
10638
26649
9035
225670
6482
4995
5049
5069
2866
2884
17596
59940
3360
6614
2108
6715
8115
5377
14149
17024
2101
3460
6342
5218
22586
5044
6887
9097
1887
5705
2829
2183
3233
1781
2054
1918
4479
9452
28873
22014
9517
13507
38263
37403
9771
12874
44254
2953
3365
2119
6326
23526
25586
3215
7408
4501
5217
6842
3602
17026
3573
4259
2824
9189
222151
6721
3567
4384
6124
40455
9160
4246
2887
3531
2645
7762
1974
8574
8925
2108
6157
5774
2165
4064
3889
7648
6515
4372
9006
3114
16389
6252
3225
5996
21385
2690
4726
4807
5800
2744
1890
1768
4974
3223
4114
3748
6069
2674
2084
236072
4668
2040
17740
2088
2576
4073
2106
5508
9130
9475
2679
2193
3347
3100
3979
3230
2082
2130
2634
125338
1884
1886
7246
2046
91434
24322
6446
3495
1904
2103
2107
2111
2117
18526
2574
4130
6683
2589
3527
7366
7377
2728
4261
3996
4301
2066
8279
4121
11693
2598
2598
4442
2844
2886
7806
4419
3238
3246
4854
4914
6308
7128
3429
3357
2792
2040
2053
2057
5240
7433
3262
2909
3602
27281
3946
5343
6433
13608
2239
2233
2239
2243
4113
3623
2695
3375
43831
46730
4011
192873
5738
4086
1919
4271
4274
4322
4661
2975
2884
4155
3409
4215
3625
17562
6717
5263
4891
6691
5194
5077
3892
4679
5298
2113
7081
37485
3705
3579
3726
2090
8493
4687
5773
4210
14632
7397
7260
20631
3722
4339
3044
22005
4925
2189
6096
4732
4944
5276
2990
5093
6504
5512
6984
6750
23326
3762
6869
2860
5216
4950
6586
5844
9652
5248
14388
7052
7060
6012
6561
7202
7381
43068
7443
6199
5987
4488
6335
3577
3016
7914
4098
7796
3784
8167
6347
33637
21260
7184
2725
6884
2173
2932
2169
2159
2166
2174
2182
6854
6697
7847
3459
1989
7166
1941
3704
5966
10639
7298
4937
2858
2861
25038
3432
9334
5561
4084
2689
2651
8995
9069
3601
8379
3608
3576
3538
5865
11605
7468
8713
9274
3327
9699
6554
8124
2787
41121
7003
2082
1949
4923
2190
17526
23711
8756
4634
9682
2740
5195
205973
20156
12019
2763
16653
5003
5086
2149
3913
4195
47203
7953
3534
6407
5502
5545
5306
5819
12611
7470
3506
2780
3330
1816
9948
8546
2793
4761
4788
6398
11397
3154
15287
2041
15630
13619
1886
13301
1873
2620
15769
10179
1952
4639
2116
2126
4592
12206
2140
2141
2142
2030
7451
7643
4203
4054
12880
7733
2097
5305
1887
1888
2159
42873
9220
2593
5992
3934
3107
1939
8029
2809
2796
235960
3147
1937
3181
8997
52958
5103
4525
3436
1856
222433
68390
5346
8416
16943
3627
22274
2766
1549
2556
3891
4305
39942
244499
1699
1712
1716
4065
4631
16644
16681
4633
16506
7038
3921
16741
1905
2597
4975
2242
2249
2370
10166
20874
30071
3334
4730
5501
19997
6140
5328
2483
29437
227822
2509
5975
3008
2985
247779
9110
2131
3033
4811
6008
3078
5390
3202
5468
1773
8532
3976
11364
6548
3629
4129
1605
8988
3880
3106
4828
6571
2458
233982
13231
1601
4251
4641
6899
2527
1708
6972
6249
1801
4731
2451
2329
8507
8621
6704
1935
3672
3508
69649
17017
17202
2996
2564
6441
3620
7809
2425
46762
6624
6306
6866
33011
7582
3123
1877
1882
1884
3066
10752
14778
2669
2070
1816
5756
22501
1585
1587
1588
5612
3010
3112
45458
14495
2997
5222
5267
1738
2994
4027
3562
11661
5784
3551
22792
210443
2584
5665
22621
4487
1510
2712
2745
15092
2772
3700
207930
8342
71667
1521
1924
1216
1219
1316
3116
2359
1430
2257
2017
1547
2248
2112
1724
1733
1735
1914
2697
1888
2549
2625
2761
2653
2152
2295
2557
2275
2580
4594
260532
2096
1544
1553
3352
2035
5766
2805
26262
3224
33451
2750
1837
5150
3611
2131
1880
1889
4328
130483
3323
2656
3389
2822
2581
3602
3580
3583
4177
3478
7228
3418
2415
1587
1508
1792
3498
24556
4089
2934
5426
3127
2231
2862
2874
2405
3194
2659
1776
1777
4901
6051
4993
5228
6504
2095
2171
2722
3664
2306
3124
11260
3971
5958
2747
4948
2834
2846
2546
1580
20509
1448
1453
1476
1478
1484
1489
1362
1503
1783
6027
1633
4842
3820
27176
5280
1684
2088
3411
4833
1925
7905
1795
1936
1986
1995
5938
61313
2494
4641
124575
2376
1545
2037
1800
4306
1631
1638
1642
1490
1422
1423
1542
1282
2492
4722
1884
6387
1388
3297
1496
18903
5020
3785
4517
7240
6281
1992
1998
2044
2046
3813
2773
2741
2029
1458
4986
12909
1500
2065
4598
4430
3701
2639
4530
3072
8997
2024
238410
2638
5030
2397
5432
20138
9492
2141
36729
1463
2767
5022
1421
5574
3279
2612
2594
2595
5889
4842
2187
2192
12431
1462
1475
1483
3560
1246
1254
5401
1543
2126
3559
1347
1699
2641
2307
1308
2039
220661
33995
2458
4006
1377
1387
1697
1862
2292
5399
1422
1438
1795
11155
9736
2401
1351
5076
2502
2697
1418
3240
2700
1419
1505
2559
5389
8129
1480
1480
3453
1607
2225
1492
1493
1501
6846
9419
2129
1536
1539
1548
1549
1550
2139
5038
2472
2477
1399
1983
4777
2413
3995
1914
6394
2057
1329
1330
5261
1336
1346
1398
2037
2966
2147
2107
2911
1566
4257
13652
4290
1448
2597
1857
2405
2410
3282
13970
4517
4470
4272
2097
2310
2319
2325
2358
2342
4221
2764
1705
2044
2782
2295
6300
1635
1532
2981
4186
15131
3010
1551
4669
2098
1553
1559
1410
1576
2925
1700
1705
1711
3469
3490
1741
273640
1445
2085
2706
4714
2107
4561
6640
6694
5291
7218
15738
2272
2330
1900
4178
1558
2622
2653
2697
4118
1748
5513
2813
1465
12552
4730
2921
6294
3166
3264
2052
2837
3164
1703
6669
1662
2700
1496
3405
1655
3440
6446
3065
3513
1641
2623
1739
3279
10890
3946
1564
2665
4232
5953
3341
16536
2451
1440
1818
1819
4671
2151
6499
3634
8786
1550
3793
7341
4936
1681
1713
1552
5119
5122
3298
4327
5272
4388
5363
4780
5035
2066
4112
3567
1354
4709
36901
4437
3947
4962
2133
2511
3316
7370
3659
1231
4757
1888
1262
1264
5203
6547
1679
1330
1332
12286
1850
1325
4939
1365
1465
6901
4019
2402
1669
4323
9288
2183
1284
1537
1161
1164
3510
1751
1755
1316
6371
1411
1619
1626
7803
3100
2850
2435
1425
1205
3506
1997
1795
2468
1741
1930
2113
1522
3329
1538
2153
2570
2778
2094
2056
4493
2113
10608
3588
7703
4010
4066
3287
3182
5534
2952
4047
2620
2023
4667
1614
1619
3993
2925
4060
12953
4095
3925
4838
1370
10313
4891
1584
1490
3847
2749
1305
3058
3473
4686
10877
6736
1925
12098
2190
1506
2683
2580
1499
2003
2216
2658
1918
1924
4034
2354
2382
2387
2399
5362
6936
11566
2296
1929
1961
1841
5826
2358
2381
1009
1010
1011
1012
1040
1041
1054
6634
1591
1599
1480
1482
1331
9303
7211
1398
2847
1965
2029
2011
3367
3817
4667
3482
1858
6076
1894
27495
9867
2186
1197
1726
1837
1839
2333
2290
1948
3857
1194
4182
2549
2891
2042
1177
1727
3327
1665
4557
1173
4730
4552
2276
3295
3093
4383
2369
3774
73321
1605
4277
1263
1360
1387
2376
2496
3487
2525
5140
13618
1397
3971
2071
2319
1812
2454
1840
3803
2185
2208
1544
1674
3341
1814
1378
2359
2365
2211
2674
3652
3042
2605
2097
1582
5710
1435
4867
1541
11791
77646
4289
1905
1782
1783
4010
8035
2066
2079
3155
2088
2096
1410
1464
3857
3955
2697
2494
3063
2304
2762
3977
3347
2160
2311
3079
4309
7453
3929
3196
3827
5350
5715
3088
2793
3456
2803
3552
3665
4601
3361
5351
1405
4527
4017
2803
2624
1412
4217
5409
8834
6554
1817
4321
2091
1840
1441
4586
4506
1326
2204
2530
2545
180853
1118
4195
4420
1368
1278
15442
1321
2341
1090
2230
11273
5538
4143
3715
4210
1928
2560
2146
4442
2114
972
981
5911
3414
1493
1697
1238
1238
3576
6177
1254
7547
1414
1312
2067
2671
2002
1694
1707
2863
4706
1769
1774
1795
1213
1135
4400
3386
1691
3903
2392
2859
2036
1864
1227
1229
1232
1244
1244
3684
1266
1672
3598
3180
10572
1309
3431
1711
1360
3161
1445
1365
3886
1522
2307
13343
3886
1427
4364
2848
13603
1296
1955
2282
1224
4543
4828
1677
2997
4315
1968
1756
2840
1380
1376
1389
2237
5604
2774
1831
1513
1808
1909
5714
1943
2554
1316
2896
2276
2309
3507
2885
3209
2663
3243
2623
1858
3439
1938
3398
1420
1428
1437
2143
1443
3176
1482
13677
4844
1311
1801
3327
1595
3417
2079
2027
1937
1891
13472
1458
1461
1466
1473
1475
1500
1502
1503
1517
3879
1423
1806
1449
1591
1455
1597
1555
1944
1959
1985
2015
1261
1370
2687
2123
2567
1386
1565
6036
2396
2449
2469
2490
2512
2307
2538
2771
2482
1836
2408
9328
1598
1601
1606
1614
1653
1655
2891
6100
1921
3077
15852
2606
3885
5504
3495
3805
2318
3634
3417
3430
1375
1265
2684
2560
1413
17418
2843
4163
5538
4042
3032
3034
3068
2380
3015
2282
2332
1319
1328
1331
6353
4951
1374
7443
1746
297818
3077
5346
3221
3507
2190
2203
2368
1346
3310
1329
2319
1257
1260
1263
1216
2335
1779
1729
2064
2385
1793
1811
3453
1846
2432
2293
1633
4677
13103
7004
1355
7192
1547
7281
6557
3058
2419
4080
1532
1367
1514
1284
2063
1468
3431
7804
2616
1611
1641
1642
3393
2503
3487
1448
1864
2098
8300
2748
2132
4684
1411
1415
1419
1420
1423
1436
1441
1464
1465
3493
2670
1523
1624
1991
2026
2066
4255
3047
2111
2056
2256
6088
1686
4579
2559
2588
2602
2232
3730
2025
1828
1832
1837
1840
1842
3044
2387
3391
1788
4312
3509
3044
4795
3565
3948
3951
3985
1770
4026
3053
2436
4952
5035
4280
12183
2051
5310
3769
5380
5636
3431
4396
4429
11937
4812
3910
4612
4924
5872
1997
5732
3114
4036
6229
2864
6418
4609
1540
3789
5703
4722
1367
1378
1674
1675
2354
1574
1706
1656
2522
2395
2667
8749
4605
4840
7832
1468
3064
4418
4330
1711
3626
2987
2993
2180
4131
1629
1632
3127
1633
2715
6122
6665
1370
1372
5196
5240
3481
5895
2060
2066
8402
3157
3170
1789
3819
1797
1455
1482
6101
2552
7153
8193
3359
1309
1318
8165
7527
8515
9462
2558
8568
10922
1175
2984
5483
3298
1875
6667
2273
1789
2329
3244
2166
1270
1276
2990
1610
3697
5262
2221
2378
9649
4134
1312
1317
1327
1333
10212
1340
10293
2214
1946
1727
4557
1780
2943
3649
5304
2059
3329
1348
5523
3501
4200
9930
2355
2359
2370
2422
2440
13606
4790
1542
3459
7172
2872
1229
1231
2892
1823
2489
3072
14237
1301
3250
1463
2307
1254
317228
3567
2890
1668
2196
1700
13579
1368
1919
2383
1683
2218
2238
3929
1333
3438
6887
2121
3985
5027
4005
2133
2485
11456
3410
2133
1605
4205
4525
6487
1641
1435
2050
4829
2926
25941
4055
9179
2153
8254
3189
4202
2230
4288
1610
7122
2494
3256
2724
1561
4369
5278
3237
1293
16696
3801
1086
3041
21825
1247
8494
7905
1218
1105
1100
40688
939
2360
2026
8235
1582
1529
6872
1292
1315
2242
1989
1999
1083
5091
1660
1668
1453
1829
2672
39305
10826
2199
2389
1545
3225
4062
1333
2749
2845
2868
2881
2894
2048
2060
2567
3104
3142
1557
1374
2542
2853
288198
3470
3631
3719
2363
1252
5014
1490
1504
2390
2636
2998
1401
1543
1543
1544
2013
5072
1525
1527
4275
5298
1894
1536
1513
1515
1437
1449
1809
2592
2085
5606
1993
6845
2440
2017
1858
1870
1870
3067
1887
3085
1896
3254
6224
1823
2886
2499
2501
2344
152081
6443
5675
7234
1444
3055
5294
5545
1423
2929
2759
2951
2452
2730
1382
2046
4685
5916
6173
4323
1812
1832
32465
3207
1682
3384
926
2597
1819
1457
1635
4687
2187
1312
2419
3555
2143
2020
2001
2323
1689
1204
1219
1220
1223
1224
1225
1232
1263
1279
1289
1290
1296
4229
1579
1130
4962
1677
1712
2014
1793
1157
1917
1435
1722
3531
2149
2336
4615
2406
2427
5403
7003
3367
3074
3302
2834
2841
2899
1973
2948
3009
2626
2175
2214
1708
1705
10475
3925
2747
3676
2815
2670
7170
6873
2749
4069
4101
4125
1741
4429
4232
1775
1775
1795
4446
1656
4681
4579
2703
4909
2274
6058
3915
2334
1678
2121
4160
1584
4532
1665
4862
2147
4029
5922
3352
4254
2795
6374
5200
1501
7747
2913
2591
2635
2663
4111
6087
4610
3068
1945
2035
4423
1188
3140
2152
4757
1580
6581
2189
1753
7747
1939
1461
1445
4168
4320
2291
4573
11893
2763
1134
1141
1160
1495
4707
1529
1529
11143
1556
1558
1574
1578
1585
334174
1967
2049
2083
2010
7030
2473
2549
2965
2760
1653
5391
5780
3065
2605
2816
1429
3239
3257
3261
1308
6819
5078
1363
2576
2582
3687
1273
43526
3148
5012
1136
3182
1633
3090
1253
1661
1784
1498
2874
3574
4979
11880
1289
2510
1089
1092
1653
1653
1000
2213
2457
2062
1188
1249
1251
5863
1005
1208
982
1111
989
1220
1221
1090
3470
228370
2591
1130
6937
1699
9070
1331
4249
1391
1553
1697
1380
2343
2677
2229
1438
1461
1463
1790
1477
1478
1484
1760
15807
2149
8912
4772
1963
46076
1212
1096
1865
2123
1541
1543
1265
2716
2521
2537
1477
1482
1640
3914
2306
3124
2521
3043
1501
2523
2976
2837
1915
2084
1887
3227
2047
1611
3471
1453
4137
2119
1378
2868
1422
2623
2625
2635
27487
5463
4490
2218
5266
1921
5331
1382
10485
1508
1514
3780
1566
1196
2493
1960
3218
4209
1396
1403
1412
1415
1417
2406
1209
2562
1199
1202
5556
2050
1891
1917
1919
2896
1926
1327
10560
2492
1615
3074
5861
5744
2474
5197
1825
1209
4428
2352
6461
5103
1524
2712
2724
4282
1857
1704
15765
2250
2095
1086
1515
3090
1177
1184
1194
1197
1233
1246
1250
1033
4324
1014
1622
5841
1674
1681
1689
4706
1754
1760
21103
2726
1266
2094
1335
1928
2195
1322
2225
1679
2245
2288
1451
2223
8971
4624
1237
1849
1854
9082
1786
2671
2677
2712
2631
1861
2785
2805
2817
2886
323377
1648
4363
1845
7289
2194
2049
3221
5459
1191
1675
1423
3628
9805
3747
3771
2661
2994
3927
10095
1786
1787
3265
1458
1382
1300
1214
1216
1227
1373
1380
2466
1192
1194
1200
1412
1801
7411
1874
1711
3857
6112
1650
4509
2281
103169
1436
1445
4525
4522
5213
2369
3536
1309
7507
1470
2728
3374
1912
1344
3811
1262
1272
1279
1683
1101
1106
1106
2769
3292
2759
2765
2200
2220
1565
1567
1567
1361
3112
1223
1014
6331
3992
4019
6362
1623
996
1004
1008
1010
1014
1582
3765
1040
2177
947
950
960
962
970
971
921
1083
929
931
932
939
951
953
1676
1658
2473
1341
1350
1284
6337
1309
1311
1330
4028
3999
1721
2464
4351
1554
2057
1558
1578
1147
1147
1153
6014
1712
6522
1706
3706
7969
1623
1965
1974
2279
1525
353141
2257
4557
2993
7819
2014
2430
15662
2208
2283
2394
1302
1834
1260
2503
2476
1659
2185
1116
1020
3061
2569
2578
1958
3173
2899
1051
1479
3340
897
5434
6107
6215
1842
3470
3118
1176
1174
4091
2218
4121
4633
1590
4140
1135
2896
1176
2715
2026
1219
6803
1586
1611
2587
1681
4982
2582
2777
2033
2110
2121
5116
3602
3657
2011
3447
2631
2078
2283
5934
1275
3520
1892
3053
1348
1349
2496
3114
1327
1334
1339
1354
4213
2479
2363
30880
4130
1242
2793
1825
1880
1861
1280
4648
4814
2029
4808
2235
3756
3011
1254
2259
2272
2286
2298
1313
2049
4138
2662
2677
1104
1107
1129
2310
2060
2622
1521
1530
1387
1397
1399
1282
1286
1286
1294
1304
1305
1329
1344
1385
4118
5716
3673
2012
1484
4156
2100
2104
11826
3936
1871
1883
1900
1923
2536
2616
2085
1483
1483
2575
2739
1500
2317
2358
2367
4607
2535
2450
2579
10483
2471
2600
2398
2611
2796
2103
4347
2904
3478
3605
5131
3249
3131
3135
3732
2036
3496
4478
3323
3347
3467
2881
3644
3531
2766
4986
3597
1924
3666
3694
3137
2619
3823
3835
1277
1281
1294
1221
3995
3269
3177
9127
3574
4155
3730
4286
3148
1526
4782
1942
4839
4444
3993
4605
2213
2043
1216
1137
17272
7020
1626
1240
2387
2317
993
7428
1053
1060
1069
2996
1155
1562
2099
2620
3682
2055
1521
7397
1861
1865
1739
1979
2144
3638
2165
2555
2119
8638
6418
1380
1760
1541
924
1668
2369
1289
1229
1240
6945
964
1541
1548
3482
2920
2937
2975
877
1836
1519
2496
2973
1044
2075
1049
1054
1126
1772
7916
1390
1558
2393
1914
17270
1306
2270
2287
1734
1647
3898
2527
3400
9203
7693
4276
1695
2249
3943
2492
1763
3207
2074
1340
1981
1211
3451
1204
2042
1196
951
1949
990
5599
1317
947
1085
1040
1081
1083
1117
1746
2039
3572
1523
1454
2811
1144
1145
1789
1351
1257
1259
1367
1897
1954
2879
15968
3021
1725
1729
2198
2464
1428
3261
2899
3359
2809
1474
1480
1482
1486
3582
2499
2045
3092
2778
4623
2798
2606
5050
1804
3178
4682
43876
1995
1846
5781
1736
5604
832
833
3083
851
9867
1158
1356
18704
1032
1039
1045
2481
1020
1022
1527
1381
1815
1098
1892
2396
2730
2958
2875
2139
2233
4526
1949
2277
3789
1492
3306
4645
2969
4322
2055
1722
3382
1635
2310
1451
1617
2135
5137
10024
2258
2666
6671
4115
1061
1062
33581
1010
1021
1032
1243
18254
2241
1300
3600
2773
1597
11839
2235
1027
1029
1863
1223
1242
1422
1551
1099
3225
4761
1435
4634
2659
1160
2902
1799
2152
1659
1513
1528
2300
5554
3630
1018
1161
2715
1407
1042
1828
5284
950
1061
1754
966
2376
3680
1481
1395
1197
1198
2372
1387
1657
2862
4217
2428
2067
3334
2331
5078
2155
2220
2089
1241
3714
979
998
1000
2020
18879
971
1122
1158
1161
1389
1413
1536
1571
1586
1610
1818
1829
2009
2016
2018
2029
2050
2054
1415
2083
3483
2688
2637
4018
2164
3377
2881
2903
4250
1501
3064
2811
2420
2927
2415
2715
6307
1495
4158
4183
2414
2074
2244
2213
1325
391688
1041
5098
5185
978
979
1054
1056
1060
1064
1073
1077
1079
1207
1085
1091
1407
1244
4553
1472
1890
1466
1472
1475
1486
1773
1490
1499
5687
3955
1593
2899
1883
1930
4190
1004
1471
2164
2479
1328
2334
4491
1917
3066
1156
2550
850
3044
2828
1540
7206
2081
3154
1508
1420
1426
1341
1303
1656
3576
1902
2234
1066
4068
4177
910
1037
1846
1050
1864
1683
1036
4922
1254
1859
1893
1203
1410
1641
2498
1038
1056
1714
1790
1821
1440
1481
2195
2106
4161
1676
3400
1282
1138
1303
2234
1329
1189
1193
3794
1735
2450
1570
1370
1115
2523
2843
2087
2116
2181
1936
1957
1506
1527
2226
1877
2625
3350
4178
1914
1951
2994
1206
3008
1816
2141
2195
2604
2272
1342
3159
4050
1331
4294
2247
1288
1722
1159
4606
5087
1377
1391
4006
1756
2691
6469
2343
2560
2250
1141
2307
5055
1733
1376
6445
2163
3241
1658
5550
1453
1270
2590
2130
2843
2487
2281
1801
1262
1263
3633
2721
1249
2166
1295
1155
1156
1800
4671
2703
1477
3919
1650
2595
7019
2082
2268
2470
1249
1008
1716
3080
10047
1850
3331
1972
2402
4424
1825
1826
1856
1860
1861
1863
2302
5586
2401
2414
6482
12000
4289
1642
1446
1462
6288
2243
3266
3288
2715
5551
9267
967
1078
3681
1597
1667
18527
5569
8357
1917
4029
2365
2295
970
971
975
1350
8744
1332
4883
1925
4977
2819
1652
1671
1682
2649
1685
2239
2125
4584
2161
3349
2172
2176
5895
2192
2203
2894
2208
1447
2644
6142
109856
3377
1957
1674
6251
1481
3490
1584
3002
1236
412852
1421
1807
1821
1832
1696
1264
1355
1270
1066
5637
1008
1115
4744
1797
12019
877
3454
1210
1224
1835
1872
2427
1123
924
1859
1598
1236
3833
1658
6150
2165
2309
2881
2080
2966
2781
1696
2503
1210
1216
1902
1384
1390
1395
2740
2262
2894
3227
1304
1309
1625
1905
1842
1845
1151
1152
3640
2661
1995
2022
2028
2134
3599
2322
1157
1281
3805
4059
1525
1526
1533
1126
1870
4463
1269
1803
1806
1259
1568
2213
3590
3984
2873
4964
3127
2466
3310
4683
2598
2610
1807
1847
3371
3429
958
1869
2223
2279
1117
1558
1794
7507
1505
1506
990
1120
4658
970
857
1034
3033
1877
48966
2165
158259
1264
1603
1049
1050
797
3795
1018
1415
2287
1346
1342
932
933
1813
1614
1364
3967
418508
1253
1232
1204
1602
1594
2631
2194
2673
2450
1419
1668
1232
1141
4266
1291
426634
2667
1310
1357
1142
23983
1287
1258
3058
1700
2306
2822
2579
1963
2373
1133
957
883
869
1474
1556
1548
2029
1042
1649
1980
1311
1329
1861
1299
3164
2568
1212
1307
1719
2464
1161
4524
2498
3172
1182
1815
1586
1594
1469
1751
1378
1389
3286
3070
1939
1944
1350
1963
1353
1354
1358
1363
1366
2912
3217
2145
1312
924
2613
3219
2221
1669
2059
1959
2680
850
1998
1138
2525
1715
840
3138
912
1006
994
995
1007
1013
2033
1435
2259
3780
7052
2537
1404
1434
3420
973
974
976
1564
1165
1824
1336
3824
4564
4779
1085
1089
1105
1110
1121
1788
3417
1460
4346
2094
1351
1587
1596
4740
2960
1938
1947
1973
1980
4169
1990
2607
1053
2733
2192
2198
4800
2263
1085
2917
3639
2476
6613
3152
15873
3222
1681
771
700
709
4242
1992
1954
3030
1823
1705
6987
1603
1336
737
1264
3592
1612
1792
1032
2598
1894
1339
1038
967
968
972
5278
2107
2163
1578
1392
1396
3948
2594
2565
1170
1177
2218
2016
1880
4759
2160
2219
1624
2704
2457
2718
2495
1519
1598
1961
3638
3306
1371
3637
5140
5614
5207
2462
5842
3959
4028
4768
5228
2835
1303
14736
2638
1119
3859
870
1561
3821
1101
726
1103
1112
1126
1130
1132
1138
1141
1186
1462
1492
1659
1544
938
4162
1345
1902
1914
1102
1260
853
3012
3093
2262
2290
854
2327
1347
2435
962
991
993
4412
1083
2577
1250
1270
1294
1017
971
1619
1588
1628
1007
1524
1173
1926
983
984
1313
2133
1228
4257
4289
1310
1833
1411
4452
1179
1190
1206
2428
1400
1494
1511
1535
3878
4308
1190
1191
1196
1813
1820
1839
1866
1915
1196
1736
2016
1223
1224
1225
1870
87574
1886
3563
1886
2762
981
1886
1006
1010
1013
1014
1018
1026
1031
1169
4086
1057
2783
4021
1209
1336
1351
1368
1371
1417
2022
1610
3547
4716
1997
2559
3673
1710
1721
1725
4495
1181
1469
1874
728
957
958
959
977
1545
828
609
1194
1198
3297
1052
1060
1390
4399
1427
1687
1851
707
711
955
1815
2835
675
691
737
962
1267
1271
2172
3245
1095
2917
830
2118
974
708
1349
1098
1120
1650
1313
926
928
929
887
3121
1725
4245
1257
2632
881
3754
1009
1018
7879
1142
1901
1113
1715
4101
3790
1072
1989
2080
1771
1575
2891
2267
1576
2831
2362
2547
1430
1749
1466
2908
2936
2637
2323
1675
1172
1289
3509
1182
2053
2064
1735
972
973
3786
1078
1275
1328
1604
1660
1805
1467
1564
830
1856
3052
1412
2562
1471
2733
3154
1206
1068
1062
1732
2954
3166
136647
1284
1653
3389
1778
1808
1716
4323
1973
1611
1087
2145
1107
1119
2054
1135
2103
2129
1548
3969
1254
2878
1874
2318
1944
1700
1958
1968
1973
1732
1988
3165
2267
1368
1710
3650
2077
3201
3412
2450
2964
4375
3264
1594
1089
6263
4357
23616
4185
1011
858
1490
1955
1907
3736
1715
2562
1656
1050
1210
1463
947
949
1047
2836
1609
1343
1286
4601
1131
2857
1934
1012
992
7251
854
1565
1068
1570
1603
1333
724
1877
1268
3910
2194
841
975
1459
8708
819
651
2435
897
5714
1073
1106
1978
1187
1327
1346
2155
1354
1267
2889
867
868
873
874
1504
753
952
1146
1262
1424
844
851
855
1740
1618
844
1087
1104
1135
1217
1238
2004
1456
1402
1450
1598
3587
1663
1557
2633
1670
2553
1924
947
2462
2636
2012
671
943
945
3052
2060
3187
1556
1575
1049
3287
1929
862
1617
2046
1968
1129
42151
1867
2046
751
1343
1757
2925
1732
1128
756
758
1138
1143
1263
1027
1449
1066
816
3087
883
891
3044
2865
1704
1173
1746
1762
1869
1499
1968
170931
1207
2338
3447
994
1858
1941
3164
2027
1210
1042
2460
3018
1916
2249
1461
3908
1671
2771
1425
1196
1888
3645
2195
892
2473
1156
1098
999
1208
1215
1090
1108
1506
1512
1484
1753
3015
1375
1575
4343
1922
3087
1567
1925
1888
1976
757
1664
1346
1441
3339
2248
1827
2575
932
894
899
947
1240
802
1068
1286
1622
2100
1271
1492
1073
1262
1767
2223
1585
5923
1829
1655
2909
923
2074
2008
2125
2527
738
427
429
2855
748
763
1240
2849
1042
835
926
1084
924
1696
1323
3404
534
779
780
665
668
1061
963
765
1414
1570
699
1125
989
771
1362
1067
2060
3839
1330
1738
1122
2536
1170
3104
2666
2305
785
1884
2083
2023
1073
886
1219
1350
1463
1549
1680
1000
1007
937
1644
1768
2589
2301
2324
770
1599
1726
1740
1396
1700
973
975
988
1001
1004
2456
911
914
917
918
2656
1383
1392
1407
1423
1445
2158
1829
1846
1089
1990
1857
2260
2247
2682
2128
3063
2762
1195
1331
1213
4274
3097
3046
1944
3185
1523
1672
2424
2998
3116
1807
2224
3576
1217
2011
5035
1075
3998
3008
2263
1889
958
3957
732
3805
1175
4609
1230
817
1134
3145
945
3108
2326
778
3201
3331
1761
1536
1016
1022
1024
1288
1619
1410
1450
1039
1042
1165
1899
1371
946
960
1318
2008
1183
1820
1974
2294
1559
1561
1569
1564
4897
3972
1905
2393
3001
3014
2135
3058
3883
1043
2479
6675
6667
3537
2755
885
1918
3745
7467
2930
887
1252
3983
1317
805
1160
2104
3285
552
556
3965
1448
768
774
3853
1000
1076
789
790
1011
1401
1431
1368
1899
3312
1902
5199
3284
3315
3769
3136
5559
2391
3154
1496
1633
1019
2657
1588
2519
499
1186
615
836
839
839
840
845
2767
1155
1628
4274
1413
914
1790
1598
1103
1069
1072
1526
1473
1895
1436
1458
927
936
1208
4660
1271
1160
999
1004
1009
1016
3412
1643
1649
1636
1890
1274
3222
1974
1253
1706
4055
4177
2057
1166
1877
1880
1899
941
959
960
963
964
854
862
1255
11847
2303
2986
808
813
815
819
1596
1635
1679
1690
1735
1813
1129
1132
3774
1415
2774
993
3061
2459
2479
1931
2771
1003
2934
1053
1055
3048
1939
4351
2057
1427
2817
824
4046
1366
1380
4033
922
1828
1139
1267
1344
1360
2200
1054
1571
3639
1953
737
997
7051
738
534
871
668
1101
692
545
1583
1005
926
950
698
701
1475
1478
1245
701
1581
2199
2621
908
922
924
930
934
935
951
953
1835
1694
1293
1295
3073
1321
1564
1832
1895
796
799
1720
2041
2077
2079
2090
2181
971
2185
1656
2618
1593
795
3362
2081
1019
1019
1020
1206
1354
1721
2335
2228
2249
1175
1440
2093
1057
4573
2090
1194
3340
1165
1169
1284
2422
960
961
963
973
979
2462
986
1524
1872
1253
1073
1164
1831
3007
2173
1515
1063
2075
1736
1748
971
639
1583
2564
877
1275
3042
1639
1661
1675
1608
1652
2331
3240
975
976
981
984
988
1856
1591
1262
2342
1320
2601
2182
2015
2058
994
3227
1004
1040
1046
1512
1410
3603
1382
1398
1405
1416
1426
2543
875
987
2076
1781
1807
1816
902
1743
2042
1031
1037
1038
2130
799
2511
1107
2670
2659
2710
979
966
1452
1624
1461
1162
1166
1167
1462
4714
1551
1032
2867
2656
2429
4619
1341
1917
1112
1120
1128
4399
1856
2034
1377
1662
675
1387
937
3719
2267
1177
1111
1229
1846
904
1396
1449
1278
890
891
1571
1683
2818
685
971
1021
1461
1473
2170
2163
902
986
745
1787
3623
718
1264
648
647
1725
877
1070
744
1568
1755
929
2055
727
1098
1108
1111
1119
1130
2978
2046
1507
1618
1889
887
1854
2574
1338
799
2180
2254
2285
2393
950
956
959
968
2622
868
878
1149
1370
3142
1365
1400
1226
1223
1186
3277
1711
1717
1563
1566
1575
1551
1555
1559
1416
1969
1989
2035
1086
2065
1851
940
949
1885
2364
1254
1174
2325
1278
2088
953
1181
2909
973
2983
1933
1505
1148
1439
4429
1146
1198
3354
1763
874
1210
1420
1421
1421
1967
1076
3788
617
618
1694
915
1231
1065
2823
1799
2096
2054
854
520
510
1116
2030
639
3042
669
939
941
1177
1170
1174
1184
1188
1257
1771
1325
3096
1504
1512
1639
1228
6237
1888
1383
3668
1364
726
1138
1494
705
1017
611
614
2316
1385
1381
1408
1658
2074
922
2136
651
664
2027
662
675
793
880
902
1146
897
1170
2626
1759
1228
1995
949
1320
1323
1331
2127
869
1136
2906
2010
2227
3294
2233
2727
1955
2656
3144
1268
1273
2211
1320
1320
1323
1457
1331
1333
1334
1342
1365
1373
2105
1157
1679
1734
3297
1048
2024
2045
765
3002
1672
2243
969
2320
2335
992
1212
1218
1698
2701
1000
2975
1630
4583
3317
2205
1555
1253
3673
2410
2415
2553
2582
1832
4311
2922
3087
2297
863
2278
663
1612
1080
817
1446
2059
2325
913
1877
2196
1273
1350
1570
1979
1860
1633
4235
2149
1658
2789
1256
1017
1341
1705
2371
1327
3185
2355
1730
2711
1313
1240
1318
1269
1272
1284
1289
1298
1299
1303
1320
1338
3326
1748
3439
1630
1690
1715
1760
2398
1796
1453
2158
2182
2094
2200
1813
2285
1893
3347
1622
2535
2541
2547
2670
1862
1092
2625
2680
2126
2240
2758
1385
4676
5385
1363
2994
2206
3037
3186
1006
1020
2171
3393
1300
1305
3499
1084
3561
1675
1581
900
901
908
924
925
935
936
941
942
965
981
1138
1139
1159
1169
1173
1368
3000
1294
4096
1848
1252
1267
1284
1291
1313
1324
1355
1502
2179
1784
2417
4552
1613
4740
4017
2137
1216
5349
2355
2363
2417
2629
2534
2606
2850
1787
3008
1778
2943
3111
3159
2086
4135
3092
2314
1540
3545
2007
4135
3590
3312
2694
2446
6167
1161
4040
4081
2362
1360
3097
2328
4225
3849
3262
2861
4697
2978
5189
1867
7730
2305
5143
800
3846
2122
1340
765
767
3256
1128
1018
1114
823
559
560
563
1256
1275
781
787
1109
1076
790
941
1014
647
1709
1387
1173
947
1796
8988
1350
645
646
652
653
674
645
1610
6338
1158
1534
1119
1132
1135
1160
1697
1406
1118
1690
982
1502
8130
1117
6501
1029
1835
3121
900
1413
2677
2287
724
726
588
588
3322
723
741
747
718
920
1332
1058
701
702
1184
1210
932
656
1762
671
1353
919
440
887
1137
747
750
1318
1826
10335
1183
1609
1655
1321
1567
612
1367
1086
2085
737
903
460
1033
1019
970
1218
700
1462
1240
667
683
686
563
566
952
964
726
734
746
753
757
1639
990
1025
1274
1287
1295
1353
1689
1737
1749
1597
1153
1610
1218
768
768
784
1668
738
2446
1066
1008
2166
1364
1380
846
1717
863
1919
2253
2422
2952
3299
1338
2396
1391
1532
1535
1553
1574
1590
2141
3124
1548
1494
1932
1934
1936
1865
3667
2258
2283
2287
1090
1531
4261
1604
943
1024
2837
2906
2915
994
1000
1006
2668
1840
1857
1907
3670
1457
3320
1182
1196
2442
1774
4171
1584
4321
1840
4381
3954
965
2210
2212
1931
1264
2283
2573
4691
2432
1555
2580
4940
3483
1850
3537
724
3726
3094
818
1032
3110
1030
1068
1091
1092
1097
1311
3284
1307
1313
9277
640
801
148
1625
271
312
1904
1154
449
306
348
524
392
323
444
325
861
1216
705
714
867
1080
634
1032
642
655
1972
1232
741
1752
1296
970
1620
1206
1234
1266
1283
1209
752
760
1507
685
1694
1755
2296
1014
1611
722
723
1723
631
1462
2174
1083
845
648
2624
2161
665
2427
1792
1344
1670
900
1494
800
1038
2681
1009
1015
1275
520866
1474
1778
2342
3870
3290
1861
2459
4371
2122
1203
1202
1467
2432
417
434
532
367
376
464
610
1142
526
566
762
1305
703
876
837
1034
1106
441
2016
844
1376
1609
1677
1983
1544
1500
2038
1276
2008
1269
995
1355
928
1986
1463
490
514
1088
856
611
885
736
1026
1037
1055
678
681
961
889
1025
1443
1360
1201
1623
434
1879
765
767
989
436
598
730
1262
779
788
797
1513
1584
1178
1836
803
1116
1750
2648
730
1174
822
1280
1198
1843
981
1295
1951
1045
1185
1453
1695
837
1759
778
800
806
1034
1080
1110
1287
1398
933
908
1411
1414
885
1624
1740
1676
1201
1497
1831
2153
1677
1549
975
2426
2518
2548
2186
1894
2652
966
872
878
881
1549
1305
3154
877
1909
2538
2061
893
1401
2635
1460
872
545241
830
789
793
793
1902
2210
977
1081
898
1628
1314
1003
756
680
848
497
476
478
511
1047
535
511
851
2207
561
983
804
1586
1513
1875
468
575
430
1181
510
662
1843
636
1031
759
1630
631
844
688
1001
798
1569
639
640
647
655
1057
449
453
276958
454
778
1104
560
636
638
208
1091
1185
1718
1142
1270
1660
345
1990
354
355
1408
191
243
383
413
722
185
343
352
246
239
201
554
443
905
335
350
175
104
110
152
508
171
609
311
441
905
260
261
1009
1002
383
387
394
449
457
474
412
414
817
606
440
611
1807
585
753
691
779
722
664
488
878
269
270
354
377
389
274
1327
485
704
287
686
798
891
933
928
116
1055
1074
383
319
129
248
409
242
242
436
453
515
411
592
289
773
930
214
219
228
232
244
246
1229
323
324
328
330
392
433
445
456
494
586
749
431
874
1441
887
223
426
185
122
122
543
167
193
226
233
267
273
269
287
304
312
353
379
487
494
1132
762
362
363
260
635
269
309
746
267
887
1075
282
1135
253
482
709
1542
739
231
692
377
788
247
249
466
328
927
420
1042
1132
412
425
730
567
304
842
413
1014
729
1273
1429
125
125
128
152
157
159
169
190
209
214
241
252
289
337
452
208
467
504
222
476
329
192
194
198
250
333
402
457
611
611
972
672
187
108
108
113
117
126
151
244
329
466
421
905
214
511
418
124
124
315
254
511
538
742
169
131
247
277
289
760
1580
928
1300
965
1183
130
132
133
134
180
183
233
267
304
330
405
249
333
330
420
120
480
122
125
262
269
454
1377
423
247
870
255
217
665
222
125
126
406
1142
622
706
917
518
356
646
245
157
765
327
305
116
167
570
287
195
179
198
204
205
207
211
340
356
257
310
491
555
293
161
523
698
386
390
826
783
450
724
1310
266
410
648
348
329
911
633
662
898
356
475
350
353
345
468
590
297
986
539
195
257
427
581
585
255
960
536
703
709
877
585
170
1177
458
724
250
118
124
648
208
264
327
391
427
450
2218
556
478
707
250
700
558
168
135
262
339
253
599
1738
648
220
1804
984
1098
350
459
315
575
599
707
857
418
972
1224
1313
1315
1477
513
304
323
532
447
569
505
395
265
179
1390
528
397
440
245
329
244
252
329
331
345
445
760
268
354
357
240
576
167
352
128
129
397
484
402
405
500
1017
1039
1057
353
1090
1384
471
352
143
146
263
513
949
258
146
542
112
607
186
516
287
280
287
292
297
493
286
587
593
260
123
167
224
142
116
237
256
381
434
439
784
216
223
174
483
331
129
555
281
285
414
449
399
471
756
815
888
694
709
755
761
789
1099
1124
489
500
517
283
1285
329
649
649
670
109
454
774
802
819
293
976
398
1088
1107
510
525
1197
705
1385
837
928
1734
960
119
186
442
343
208
415
1257
496
512
722
756
1333
254
1213
1077
491
987
124
125
234
243
323
197
390
911
317
326
781
362
453
518
798
729
809
1097
870
353
351
352
266
827
482
194
201
384
385
351
118
419
273
364
299
459
166
169
186
226
230
293
743
302
312
313
760
340
449
266
544
347
410
411
197
168
322
323
429
450
538
262
268
238
534
788
727
410
286
918
105
120
305
161
170
234
243
277
328
288
192
336
352
201
114
235
779
353
340
717
955
692
286
297
413
396
400
160
596
683
168
341
977
481
365
1270
1289
354
350
230
300
113
935
130
171
1104
860
377
622
311
378
221
315
315
318
165
538
541
632
200
1128
181
184
185
202
208
208
212
977
304
1042
373
379
388
393
402
407
416
459
500
806
561
600
382
1257
1139
1174
1798
2131
2136
2153
1607
2151
3748
279
843
139
2400
291
2269
1481
389
856
553
527
2136
234
992
655
1013
759
553
842
663
287
342
818
857
593
1122
363
517
348
1524
404
1141
576
555
125
112
733
207
114
355
360
362
429
596
886
171
180
238
662
214
373
446
414
352
630
224
422
110
144
563
413
560
388
828
626
440
411
312
289
165
195
223
534
226
507
603
227
555
507
441
243
554
166
206
208
248
253
319
328
247
253
374
404
438
456
459
460
497
531
545
596
597
607
203
126
165
181
202
216
220
789
701
341
987
365
497
731
555
458
481
228
396
114
117
318
328
262
418
430
431
582
487
900
245
247
250
1105
735
767
919
448
344
556
1062
347
349
473
276
585
698
466
200
370
1884
220
270
489
168
834
195
116
1190
496
463
345
143
1569
414
106
155
223
228
421
1136
783
383
170
428
497
123
168
174
725
263
264
272
281
282
427
362
369
472
280
439
452
454
475
476
375
553
466
743
808
276
281
474
478
362
396
1230
243
176
469
1232
479
432
238
443
492
285
516
229
425
380
313
324
325
332
334
335
346
351
361
379
380
382
387
413
422
475
491
244
494
337
596
601
660
685
448
709
716
731
506
783
832
863
1034
1157
1166
1202
1217
1307
495
1582
736
2225
1135
1407
224
412
418
420
108
129
148
153
164
211
234
320
700
849
734
1204
226
263
223
454
837
166
696
1043
236
226
411
192
223
166
173
196
197
198
199
200
238
317
244
262
290
310
326
340
370
382
472
276
509
536
472
952
307
251
944
274
280
338
180
407
446
452
463
241
173
182
251
613
295
302
342
363
501
419
219
193
234
429
768
307
309
326
440
494
886
652
669
695
734
737
814
814
198
962
1015
1054
1088
163
1037
330
276
288
442
348
351
363
491
631
310
314
315
325
242
346
363
263
481
565
376
279
283
585
197
292
293
294
294
603
701
404
416
340
284
774
526
527
536
621
1372
419
937
953
429
1020
847
57
70
589
739
962
531
1346
342
355
361
450
456
585
682
416
852
158
1085
220
517
1251
1370
678
1424
1563
415
348
349
246
515
467
347
203
318
267
333
289
331
433
436
577
608
848
723
996
809
946
1078
479
1220
630
635
237
673
472
225
201
583
291
368
415
279
497
586
593
596
614
383
211
213
359
370
383
390
1099
1118
679
521
532
1281
649
378
560
447
116
191
130
991
311
262
215
562
447
427
428
665
555
338
197
838
470
193
290
162
163
230
209
222
236
240
258
430
1192
1181
2195
2293
1187
1395
1800
1991
798
951
928
2005
268
272
377
1421
551
795
169
755
755
227
2234
266
164
347
160
163
318
771
455
268
606
253
257
752
306
909
349
148
198
1207
358
156
162
166
203
284
290
319
319
452
244
250
328
508
597
598
1059
128
732
545
233
244
305
407
303
941
190
244
264
129
643
328
124
445
269
348
574
601
689
910
1203
407
533
1247
1365
1416
787
317
350
196
410
239
244
587
198
190
196
258
252
341
300
326
448
309
539
267
317
318
351
167
420
622
230
632
350
359
364
365
369
370
370
381
491
713
728
842
870
766
167
803
286
471
106
289
107
110
121
175
366
368
368
518
233
240
317
255
344
304
414
261
304
285
1481
125
514
598
321
728
224
535
553
312
895
739
433
171
454
185
940
287
991
293
364
1234
171
703
228
129
166
183
344
168
172
348
247
497
414
599
609
1103
342
980
110
302
109
114
156
126
129
201
225
439
421
329
330
255
256
334
264
347
429
523
526
933
1238
304
313
314
419
145
350
165
420
300
894
963
641
749
345
811
757
417
413
974
234
866
348
649
1198
1726
534
694
829
1122
1572
1452
935
1352
1740
1755
920
1173
968
970
2188
979
2671
1081
1326
1252
1567
1730
1555
1576
1577
1341
1580
845
846
919
1119
2023
363
589
1360
2107
801
807
1411
399
401
405
2724
622
807
676
818
1254
1928
619
863
233
240
510
992
332
335
339
540
511
506
862
648
702
1141
1217
1083
1527
548
709
1570
1931
520
528
531
544
545
546
690
979
745
595
849
873
920
930
439
1201
1277
593
701
1616
598
955
316
317
608
548
1389
884
456
496
465
863
1064
1331
462
511
1550
1569
947
595
596
620
631
632
638
660
670
679
1157
861
928
939
959
1175
1244
1264
1270
1439
1492
1508
2081
2176
1809
1822
1851
2238
1878
1884
1925
2144
2195
2285
2375
2423
2494
2583
2594
2978
3414
2392
2825
991
4009
561
447
462
570
1696
906
822
831
1040
1051
335
454
920
515
1809
761
1436
611
483
801
696
628
837
636
637
1056
1072
752
753
754
1017
1291
1317
2065
1593
2817
1074
853
858
668
1625
1427
1131
967
1069
443
673
757
1137
1364
1023
1416
2728
2177
927
1385
1523
1378
635
686
1311
1499
2624
1200
845
936
700
717
728
732
2326
982
1016
714
842
1688
1710
1314
1464
1849
1904
2068
2080
2093
1703
2129
2158
2190
2712
1329
1740
1347
1874
3236
1296
1863
1502
909
1410
1354
1242
699
706
709
2214
980
984
984
985
987
1251
1337
1343
1532
1661
1690
2581
1039
2121
2362
2620
2659
2871
2051
2275
1453
2215
765
1607
729
732
733
738
744
3029
979
1018
1052
1234
1249
1312
1424
1561
1603
1613
920
929
933
944
1812
1628
1819
1768
1234
1246
1433
1478
2277
974
1337
728
1274
2330
2401
1529
906
984
1017
2336
1223
4046
864
2958
3124
1431
1042
505
2396
460
661
442
448
1125
919
910
1100
2229
1132
2053
695
807
811
1101
784
829
351
1008
388
1335
903
427
556
45084
755
603
610
1128
291
287
326
288
289
297
394
405
884
286
839
286
287
355
355
255
584
594
600
610
251
844
589
387
495
691
697
313
126
127
224
1329
469
439
147
346
161
162
245
248
200
265
415
250
383
302
126
133
170
123
220
126
130
147
472
296
328
338
354
495
534
916
250
253
574
779
344
23
31
42
58
70
119
280
353
360
436
406
298
357
164
124
165
286
276
597
303
1324
168
347
199
608
177
333
353
141
171
515
216
273
356
374
442
455
507
533
544
561
685
365
212
781
124
764
179
1050
329
362
365
369
394
395
925
426
427
442
443
445
452
453
454
528
492
536
550
586
1240
624
649
711
739
753
774
493
998
1019
1127
1155
1004
1201
1238
785
517
630
213
1497
250
1572
1600
1649
476
1689
420
424
461
649
1857
532
564
1143
1146
215
163
506
696
473
538
697
358
328
336
410
653
679
958
883
421
1003
1082
236
250
625
162
195
402
170
786
395
508
355
623
245
307
328
1060
808
376
1796
54
791
374
445
322
359
361
369
402
687
751
2007
676
113
313
381
197
195
426
284
161
426
348
229
264
354
587
55
84
1549
1775
2316
2547
2225
2998
1824
972
39
42
39
50
1040
1256
68
120
126
1006
129
147
155
187
1170
222
249
249
271
207
305
1318
366
647
398
489
545
552
1529
541
708
665
765
2066
1887
1057
478
1126
216
481
298
205
767
722
226
312
200
360
1502
552
676
534
2288
820
4052
888
1232
542
275
426
164
211
272
338
159
165
166
223
583
125
130
172
586
223
299
154
144
146
358
363
607
608
566
1070
1096
1378
481
345
31
464
22
587
208
425
353
370
381
950
463
493
493
730
734
752
845
900
941
1009
1133
1217
488
145
467
260
603
414
487
551
787
1309
1008
641
1158
1169
735
1908
1533
1301
1348
1690
379
992
407
306
307
536
648
349
400
298
1918
510
141
147
373
168
175
732
188
174
217
335
408
232
585
449
485
495
1006
367
559
1126
403
457
537
742
1018
487
1309
1177
998
1604
974
1611
58
1396
54
473
707
937
420
770
822
342
345
352
457
481
354
355
553
613
605
228
686
687
180
181
187
285
361
409
1084
501
1216
1130
1364
925
380
1456
816
489
1682
333
350
350
352
469
450
454
465
521
528
533
544
653
278
907
763
386
346
351
354
466
474
576
581
592
827
657
466
345
348
209
210
211
229
284
291
367
369
817
444
507
465
692
824
398
455
246
255
290
302
425
834
954
188
187
411
202
123
318
371
574
220
127
216
263
348
308
1051
382
555
126
411
328
223
252
504
337
411
197
468
203
204
205
209
222
271
285
288
408
303
321
331
333
334
336
338
341
386
400
406
425
263
445
447
464
467
481
485
506
531
549
581
632
667
850
573
1222
381
330
247
775
516
396
850
168
222
339
411
348
361
795
348
1448
160
351
165
802
804
164
465
273
279
450
256
706
350
351
26
23
46
829
830
341
346
585
245
130
38
47
51
51
57
97
924
1318
425
154
249
506
942
415
268
308
595
471
356
471
286
360
486
498
755
1013
444
776
831
353
354
465
961
1198
557
782
328
265
689
337
340
341
212
263
668
793
1083
411
644
820
254
270
274
418
373
455
488
512
853
694
861
972
998
801
470
1130
580
440
682
365
180
401
112
28
47
53
174
500
413
347
347
348
350
602
859
1067
1219
1358
330
124
379
142
143
257
113
115
442
449
600
696
712
666
124
411
417
260
528
531
171
125
217
329
51
130
138
149
156
164
197
205
206
218
234
236
240
242
264
293
355
377
398
403
415
436
574
604
626
635
649
660
705
751
766
816
844
855
866
895
912
934
947
1022
1040
1101
1177
1262
1273
1329
1346
1359
1416
1427
1660
1767
1845
1923
1953
1985
1990
2024
2043
2061
2071
2096
2130
2201
2216
1415
2252
2263
2611
379
1434
874
121
111
113
116
371
532
2031
670
273
347
347
414
503
218
162
897
395
518
482
42
34
823
84
359
373
377
899
492
619
457
1007
1132
1158
1342
896
171
172
674
106
106
107
119
120
134
137
162
164
173
219
246
283
305
332
694
703
800
560
987
1307
150
204
327
421
568
724
730
816
1031
1158
124
82
22
28
33
171
53
946
472
509
843
920
1870
2429
4293
212
226
232
331
1051
358
359
360
397
435
485
494
412
1617
711
353
1105
1125
1288
1267
596
355
497
594
619
718
734
859
1359
166
170
173
835
286
290
315
319
331
335
338
342
346
457
820
620
687
701
353
842
849
119
910
952
968
1032
395
561
511
312
314
413
417
430
515
737
748
503
380
508
277
215
271
351
636
728
23
22
340
464
346
712
1006
1100
271
421
116
516
211
272
279
309
514
166
386
395
517
535
545
312
1066
948
357
438
469
369
370
371
934
354
354
1255
1265
734
1420
1487
1192
22
32
64
83
92
122
165
211
768
395
586
767
959
785
1633
1017
1105
1306
1020
1322
1200
1588
1264
739
1329
134
121
368
1445
1451
1499
1509
1540
1560
1565
355
1700
332
447
959
337
251
516
382
194
120
121
162
233
288
382
623
777
304
311
317
335
337
355
355
372
377
413
430
443
464
467
471
480
536
388
546
406
410
565
571
592
606
635
393
699
547
720
726
735
760
780
803
686
396
398
949
1144
1278
580
743
1293
312
1766
447
1984
774
789
565
855
382
622
514
648
346
387
388
394
395
385
643
655
779
830
156
338
1318
143
163
625
724
830
408
349
352
587
593
608
330
949
703
256
258
266
269
1207
266
426
200
208
218
534
346
268
585
411
477
578
1187
240
1151
147
148
154
172
182
196
230
261
264
275
281
404
375
652
347
941
160
68
40
49
274
906
386
1047
1428
408
725
279
275
174
331
1739
1025
808
585
443
287
269
288
295
267
362
590
598
1216
758
1383
361
277
371
372
374
489
336
967
1204
197
331
664
197
206
401
338
413
514
556
742
632
827
664
849
536
1140
159
118
120
346
346
465
272
161
305
252
848
972
935
634
227
536
303
518
309
304
166
516
304
306
307
352
518
1098
226
203
171
172
122
591
638
295
295
390
587
637
594
316
645
1033
326
339
418
421
482
943
205
1203
293
483
504
250
127
819
211
218
1019
340
575
515
305
224
410
413
521
400
526
546
683
342
119
121
166
215
574
340
580
691
388
161
456
333
340
1282
376
226
380
515
289
856
2118
805
707
441
305
1018
175
176
230
418
536
590
282
448
592
751
595
224
459
79
49
50
56
58
61
63
64
65
79
85
91
101
128
165
175
184
192
257
266
540
419
524
726
278
205
210
211
213
345
360
746
848
316
424
316
434
711
263
315
185
263
357
222
230
329
240
595
350
493
204
352
598
161
165
600
927
396
262
264
266
836
356
406
599
231
541
467
358
360
467
588
825
1215
251
719
1631
1235
2041
353
285
286
4149
1748
948
486
488
1512
85
607
32
65
249
363
716
1012
537
956
353
357
471
642
418
594
702
411
414
41
31
46
52
79
145
347
313
319
419
358
484
586
589
603
480
334
625
334
166
181
256
276
295
380
387
437
443
523
440
533
599
666
1319
709
712
477
730
935
263
437
347
348
568
242
1158
408
484
353
383
384
390
392
393
506
646
270
271
274
894
541
819
1029
1451
217
644
161
585
239
323
824
463
447
571
569
583
355
416
245
258
261
262
273
286
356
385
487
522
532
557
610
611
719
747
751
851
867
67
1120
138
168
1045
418
259
188
248
638
474
173
188
224
163
483
185
211
590
354
482
713
270
196
345
430
1560
408
335
1889
819
643
352
376
242
352
748
706
583
380
817
502
315
500
247
334
415
68
43
976
1795
584
359
362
1130
587
602
713
483
381
602
505
380
360
472
474
476
252
413
246
1313
236
605
283
160
183
187
861
232
235
235
291
295
311
291
400
504
329
648
635
413
395
395
478
564
70
662
779
854
866
916
651
439
2409
1219
1256
1448
709
1080
2190
1501
2662
1649
2932
1727
1601
2777
1354
3532
728
729
1100
827
1154
637
647
651
652
656
2345
1800
977
1646
1886
1392
1221
1232
1234
1243
1269
2739
1312
1377
1382
2854
1307
335
337
339
346
349
1507
1540
404
417
424
1591
489
492
163
642
226
727
256
264
1326
350
418
436
498
502
1216
1259
954
573
575
1387
995
1042
781
1142
1954
1488
1099
3575
1371
3761
887
2767
2120
2437
1089
1094
924
1174
625
330
155
332
827
621
637
598
1452
611
1087
941
1271
1285
1303
2280
2052
12117
2226
2587
350
476
537
320
1405
407
505
43
211
414
550
221
992
1687
215
379
313
314
429
529
349
353
957
707
140
77
1052
514
805
1373
1526
2663
772
323
594
2451
1559
1184
3186
949
1717
1278
1041
1628
1650
1079
1986
1990
1635
1815
1817
1590
3398
3505
1511
2081
1115
1863
1690
1439
1444
1827
1837
1311
1756
4192
2121
2522
1521
787
773
774
2334
951
952
1727
2437
897
633
997
1321
651
652
662
672
916
1501
9642
1562
847
1580
849
874
1096
3133
885
891
1568
909
888
1411
1048
1072
1110
1123
1704
1244
1275
560
1233
2275
3298
2253
1630
1663
732
1784
1969
2051
2082
1275
573
1305
2325
819
3213
2553
2614
1812
2662
1200
2750
1214
1315
1053
310
238
415
238
414
239
240
347
147
150
196
643
201
254
342
351
715
311
326
1277
723
737
886
897
295
211
116
1104
1150
197
585
585
346
113
112
124
250
276
711
320
423
320
451
252
320
737
390
304
283
305
518
523
262
410
730
754
310
607
783
330
444
446
689
352
1401
2665
924
1174
387
2202
378
1574
479
215
694
273
574
346
346
456
460
464
340
78
268
24
150
426
117
123
151
542
242
254
600
1011
740
1091
1111
760
885
775
548
117
123
201
248
411
26
44
48
55
57
706
74
355
851
225
227
486
498
414
473
246
253
425
72
22
502
601
407
360
588
184
587
463
107
146
356
397
124
630
842
422
777
422
266
322
196
238
869
655
354
524
48
27
36
963
407
337
493
308
309
208
427
633
505
625
319
246
426
569
576
513
836
600
249
189
249
531
960
355
412
339
304
955
401
592
506
289
247
384
126
131
499
78
33
518
281
148
214
273
350
718
477
28
124
247
127
384
836
272
413
759
827
206
323
329
338
351
279
544
546
351
596
711
1014
903
1071
1458
556
533
490
391
1256
499
577
583
1106
391
242
244
257
326
329
500
595
317
274
573
214
652
661
450
515
1081
713
831
998
438
290
1169
315
570
356
415
359
375
824
606
732
736
532
322
358
762
276
164
303
1504
345
362
427
428
452
453
475
477
563
578
604
647
528
199
775
842
907
927
239
1213
506
657
1480
955
460
1734
185
665
345
359
381
433
601
639
653
165
519
516
716
338
638
318
757
1239
543
642
1282
820
943
574
127
218
573
377
184
191
192
194
222
252
260
303
334
348
329
360
393
429
433
485
526
243
613
768
534
264
361
542
731
768
777
491
239
316
341
251
461
582
317
513
343
203
312
314
316
316
466
644
358
732
253
341
943
1085
196
398
1115
2472
2507
788
420
2220
262
744
274
505
674
270
379
380
894
532
325
337
337
444
448
555
770
897
465
1197
347
945
162
118
119
316
317
320
542
543
761
1003
1086
2149
955
257
259
408
277
408
1323
310
1393
345
450
315
619
654
736
744
135
864
870
503
258
635
902
915
343
200
1092
1200
1202
295
328
329
344
346
431
460
566
657
675
355
784
248
144
175
198
204
220
253
293
350
396
1241
539
586
1422
1003
326
332
334
338
409
422
427
445
465
532
552
619
629
142
641
648
668
673
687
773
786
354
263
170
235
341
351
360
369
396
459
514
534
539
583
1036
706
732
746
788
847
875
320
1129
1175
1208
416
480
347
282
723
783
308
303
516
203
118
225
168
172
181
243
247
302
485
769
422
42
27
28
53
535
432
765
943
527
593
830
1077
380
887
897
482
209
344
428
583
882
328
34
27
29
35
42
67
463
356
825
603
706
715
848
708
827
1278
345
343
379
273
346
352
706
716
177
127
149
180
182
190
205
211
213
224
295
303
354
393
1209
459
497
226
59
32
47
53
523
410
306
341
376
341
143
142
819
265
264
899
1042
269
262
266
268
268
340
575
679
1013
1327
3649
38
62
1940
456
1163
587
467
462
469
817
584
711
719
1195
1231
347
948
160
118
355
360
470
473
947
274
947
489
761
315
317
417
525
744
308
124
301
664
245
331
331
553
505
315
507
600
428
538
335
304
309
310
314
414
68
37
38
94
102
146
187
213
549
630
860
328
769
990
358
237
1402
655
382
377
825
43
53
587
826
414
203
702
825
958
969
347
256
354
410
263
357
355
247
533
145
194
350
411
740
165
181
283
288
355
370
418
627
691
1010
361
647
687
176
208
242
45
43
61
65
87
93
121
156
177
180
417
231
243
397
618
130
131
685
1123
353
264
273
268
352
222
642
650
1299
285
202
204
205
277
219
219
288
214
393
409
308
516
638
380
386
388
505
511
646
651
657
1054
1321
336
782
248
191
506
383
514
644
896
142
191
197
625
624
210
214
422
345
300
243
449
155
197
202
260
353
903
510
513
248
380
420
509
518
913
1598
439
208
304
337
353
579
551
1048
276
264
171
200
565
165
1214
386
248
1468
538
426
166
409
187
204
205
207
221
224
228
267
309
335
388
365
776
892
929
1053
1164
1205
1271
1109
2071
2259
1137
265
987
816
448
201
262
346
208
273
503
1307
621
704
590
704
1051
1759
515
351
304
306
261
465
353
462
466
1186
2202
334
142
278
287
325
263
263
403
200
406
406
245
245
249
250
252
261
272
347
348
352
369
438
507
587
627
824
844
947
1192
1274
535
423
304
178
133
201
251
209
340
355
362
408
436
218
221
285
367
424
945
559
584
317
1298
351
355
358
365
472
486
581
602
610
626
270
955
467
1208
586
586
354
478
599
605
612
867
489
297
292
481
1519
810
514
310
325
539
562
1907
1322
285
293
377
393
1580
502
584
602
694
638
935
969
345
1265
459
448
577
670
689
251
252
340
125
432
434
177
696
358
451
383
287
262
473
682
440
375
640
523
815
316
258
262
439
480
532
715
286
817
382
23
54
215
125
259
504
268
502
541
725
267
353
537
223
166
171
637
504
215
222
223
519
561
518
430
250
255
265
286
345
349
436
448
178
180
182
183
486
306
637
383
422
482
499
641
656
332
279
285
289
190
596
377
469
474
480
548
421
1798
707
713
839
406
418
321
244
185
709
266
744
229
620
1150
1403
451
515
1108
336
361
202
203
205
206
474
411
503
167
229
63
54
585
522
484
315
322
325
337
428
442
721
447
120
839
23
24
27
565
652
707
201
210
217
247
740
928
325
354
369
372
416
449
466
601
698
758
765
964
982
996
1004
1096
126
304
287
471
196
482
532
330
428
487
436
533
656
761
585
166
512
182
167
462
584
1306
732
853
43
45
251
303
124
422
644
503
347
324
376
538
544
353
749
252
462
1252
393
287
263
266
453
714
841
536
433
266
431
289
316
322
324
362
380
422
426
447
451
1099
533
545
580
603
285
707
734
873
1013
315
316
320
328
1093
471
507
1168
624
1377
711
727
805
836
869
317
1017
1124
1181
377
733
736
848
536
423
536
742
652
642
327
333
335
1142
558
676
694
700
873
913
766
142
1398
170
437
338
257
331
255
277
409
130
179
303
318
603
946
750
835
1091
754
765
169
585
305
400
308
470
513
407
516
538
316
471
272
476
486
286
107
266
160
160
162
225
230
501
516
608
825
410
306
820
359
125
176
216
625
266
269
359
1443
351
466
467
261
25
32
33
36
38
61
635
66
79
123
183
341
207
414
639
377
635
350
415
215
387
462
463
594
471
316
354
124
322
323
311
407
512
517
317
407
426
430
450
457
715
571
579
667
691
764
476
1026
1092
1551
436
215
164
275
275
335
162
597
343
250
212
216
284
355
367
349
479
487
520
606
606
645
678
248
769
789
169
887
837
1028
1234
125
169
203
205
160
345
164
171
239
634
676
360
514
621
627
365
603
457
454
457
160
329
516
399
124
126
456
266
466
547
629
45
96
162
119
573
125
280
136
222
125
835
399
944
589
307
463
585
515
848
1183
352
841
259
304
685
123
46
492
123
129
166
182
312
466
487
36
64
88
155
161
26
55
42
32
43
58
81
134
136
23
48
260
212
124
105
226
114
130
128
152
153
353
332
332
362
388
252
385
166
720
226
447
309
382
191
247
318
597
331
169
440
1952
713
1545
1096
729
1607
827
830
833
937
1218
1219
1947
709
2851
2107
2728
750
1312
692
945
1901
595
609
832
657
659
1142
1183
1149
725
2227
1141
15067
2733
1444
1465
549
555
1018
951
1063
515
644
734
1833
1202
1579
860
2223
3797
1185
569
1257
1511
1002
1416
1268
2082
1022
1968
1044
3726
2558
1234
2071
3172
1791
753
614
2556
1929
926
2241
1563
688
914
938
843
1176
1179
754
1032
2742
2781
2206
2291
2467
1794
940
983
1267
1629
2041
1359
1369
1007
1753
2051
2068
2487
3010
2971
1459
4162
923
1451
2084
1394
844
1081
2097
1122
44946
2670
1397
686
1575
1584
143
210
292
1706
254
261
272
3334
634
376
203
119
128
162
170
256
189
603
358
117
221
317
1100
352
614
621
482
182
1086
112
114
115
122
123
124
136
176
213
232
250
258
285
271
162
226
288
347
182
387
1328
1548
221
166
216
406
199
424
351
351
264
431
161
786
223
283
288
293
216
169
215
223
1380
306
112
262
356
515
728
830
393
1177
469
172
266
241
300
482
642
645
353
596
472
171
178
224
289
321
326
406
447
472
501
184
106
265
440
484
1477
341
179
1151
1179
477
166
171
248
185
776
286
288
203
119
125
126
128
184
204
226
304
357
511
388
389
418
315
425
635
594
125
167
143
150
156
156
162
166
172
172
195
177
203
223
254
256
353
484
492
526
528
540
612
589
664
739
784
761
1029
525
1194
253
422
654
258
265
269
347
534
618
646
707
921
229
537
107
270
356
446
134
572
271
154
168
177
232
296
312
313
367
372
393
633
267
305
306
335
254
261
724
429
442
621
894
727
291
384
306
317
488
262
700
263
434
758
118
1200
958
183
356
178
226
716
922
262
658
910
259
109
115
162
183
190
492
131
384
475
487
224
422
441
351
631
447
548
839
1002
735
429
864
754
430
314
842
442
263
254
265
251
407
356
361
417
516
329
331
1785
710
450
451
560
568
893
261
263
820
466
1105
537
238
228
193
136
146
153
157
180
182
196
226
293
770
578
641
670
118
543
203
346
386
359
360
478
480
607
708
829
847
1037
1459
582
584
710
829
130
150
151
204
231
266
346
361
370
395
700
533
296
587
594
262
261
356
169
275
308
313
196
111
94
31
255
948
510
348
1013
445
125
128
304
286
889
286
583
557
892
407
305
412
54
115
635
646
316
219
182
184
219
319
345
880
413
307
426
144
144
199
360
130
338
135
408
278
434
124
196
117
346
159
778
198
263
118
123
124
204
440
242
196
200
671
411
468
636
523
63
23
24
27
59
71
260
129
166
213
811
344
135
322
403
772
166
166
211
257
328
30
34
56
67
106
150
160
185
682
225
825
177
806
337
261
340
348
422
433
263
268
447
60
122
136
342
369
606
1035
234
197
1560
247
614
572
646
456
592
594
814
1167
1498
1173
250
22
336
137
466
205
443
823
54
26
324
332
397
630
341
52
353
29
1328
225
222
413
352
430
215
217
217
233
280
284
309
372
384
424
440
446
458
504
514
710
768
67
42
489
538
286
319
34
25
51
681
28
743
226
279
902
45
72
1074
993
834
650
422
255
477
423
613
520
715
552
2122
734
843
512
250
517
430
433
187
88
787
352
377
205
362
278
126
196
1092
543
177
134
200
472
43
49
100
123
141
145
203
422
311
364
164
261
213
709
115
499
571
444
439
423
627
516
616
455
539
538
112
527
449
397
796
340
341
718
355
275
210
397
134
1143
660
353
749
508
429
641
387
359
360
442
483
619
1383
851
314
337
901
417
639
513
347
206
283
294
26
1062
24
260
455
256
574
834
589
526
225
485
1345
281
173
201
209
222
295
304
313
483
521
547
569
664
753
788
796
896
923
1065
290
286
689
431
124
202
204
852
343
475
596
601
456
839
850
929
340
1060
483
596
348
145
155
155
163
166
168
180
251
276
291
315
381
478
510
651
666
682
691
712
727
864
251
131
387
95
340
33
24
114
594
352
353
812
345
346
651
585
400
407
421
354
527
532
543
545
554
658
683
690
913
935
602
1503
1082
323
910
927
315
1662
197
226
49
98
99
61
62
73
87
102
180
618
386
612
361
273
235
344
539
464
134
163
349
369
370
362
491
592
736
832
864
601
1113
128
213
220
242
246
250
262
285
319
412
433
467
715
579
605
647
649
732
866
1979
500
501
504
1062
590
592
603
607
922
645
467
644
95
531
894
1176
287
125
131
135
169
217
406
333
503
379
511
796
894
904
1051
457
340
459
215
129
130
172
213
222
234
163
370
112
401
167
476
230
340
454
577
158
194
328
328
266
266
523
635
418
420
126
177
178
186
262
272
434
296
435
148
152
373
381
763
710
436
194
117
121
126
127
151
160
196
684
171
174
220
466
321
44
45
399
106
123
542
128
247
322
567
440
225
287
183
623
145
443
405
328
493
175
736
464
517
346
167
344
111
114
162
199
282
225
572
125
215
256
256
701
421
337
761
389
515
520
538
542
546
153
633
636
119
152
226
230
301
947
955
391
1187
325
288
1510
124
139
159
159
169
179
193
198
224
257
358
413
465
481
494
110
693
68
69
343
188
934
232
23
22
28
36
87
173
125
346
147
831
186
215
228
259
345
352
367
169
297
350
515
582
490
661
94
100
114
178
176
255
270
415
133
837
347
346
355
357
468
594
383
583
386
375
584
632
1512
2290
1637
155
23
187
330
6001
1364
2490
324
340
264
310
311
314
200
748
494
498
502
511
663
696
650
559
575
576
684
720
756
1200
889
471
1008
1183
223
221
1306
955
331
1602
338
407
873
310
168
166
960
585
32
23
287
585
686
506
355
185
198
200
484
487
388
408
1223
1242
1007
586
708
483
191
692
113
466
586
303
857
67
41
41
112
138
263
357
718
317
1100
522
253
167
597
167
687
387
819
347
416
413
123
181
214
395
93
488
341
251
288
335
694
412
837
124
132
221
355
887
583
356
463
467
591
712
727
834
106
107
110
508
387
388
1431
513
911
466
635
378
525
587
352
526
624
632
346
915
383
1038
1075
288
1022
482
486
908
382
777
382
384
523
531
548
646
663
673
945
1038
1186
386
791
1019
974
826
414
416
428
431
350
704
855
600
983
1174
1284
1081
318
319
533
559
204
275
276
337
337
471
834
146
144
825
423
359
372
376
433
595
624
631
606
868
605
1099
1207
1285
695
2372
466
345
353
457
595
1077
520
305
431
260
438
191
143
293
143
144
145
516
306
433
277
279
684
352
358
370
462
544
332
718
426
567
256
791
538
615
1345
544
942
400
512
835
1084
835
556
867
836
515
539
642
1093
1339
834
347
349
591
597
336
351
340
422
595
344
432
1317
646
327
535
316
251
334
322
549
757
1381
695
701
465
532
538
542
818
326
586
354
354
634
758
636
316
288
223
508
777
915
1029
184
304
286
173
293
458
98
425
281
482
203
647
514
415
514
645
424
317
646
755
517
622
206
273
316
555
754
553
695
341
474
585
841
941
596
305
307
574
550
168
100
101
113
200
705
708
718
850
1428
468
587
452
128
641
386
508
642
905
1033
668
474
646
318
319
322
444
661
759
780
483
351
1428
635
1207
531
266
106
111
112
226
345
743
970
867
551
346
407
412
346
347
473
1307
346
175
285
415
172
23
22
632
106
590
106
196
197
337
451
452
756
766
1230
230
115
118
1645
538
354
353
577
693
416
578
581
833
339
343
934
743
116
445
448
450
451
591
605
398
1664
682
329
557
688
941
1038
1524
261
441
715
357
975
714
413
469
167
287
636
380
648
651
665
763
906
1173
274
274
727
356
353
472
358
595
345
202
271
631
244
343
422
509
766
582
216
464
124
710
700
971
132
537
165
634
262
274
276
358
469
505
541
511
661
679
691
820
1287
259
127
257
475
411
170
98
103
184
293
1014
590
435
634
874
1000
591
599
604
755
1047
412
415
983
415
336
416
585
505
506
695
419
421
700
1575
761
695
1259
1153
676
671
893
559
352
1010
353
354
359
846
164
96
474
353
885
353
505
638
483
772
483
664
232
696
161
785
692
197
128
169
22
44
279
284
885
103
463
359
409
464
940
825
922
1308
755
902
823
646
772
352
787
1271
459
346
578
584
347
583
689
344
354
355
828
593
695
700
696
418
420
421
1220
498
997
292
296
383
386
1138
289
605
353
600
1175
37
22
695
347
463
834
689
127
94
341
702
987
413
471
476
633
766
506
1042
517
1309
525
533
517
534
617
537
680
677
56
32
191
194
98
95
407
309
418
532
473
641
825
293
400
224
89
107
110
1139
182
214
375
432
560
840
1131
1078
334
350
289
669
551
287
704
388
391
445
493
2953
2417
60
1962
351
3285
444
417
752
696
700
443
3971
450
603
612
757
905
863
1219
990
730
597
347
356
584
826
550
888
1112
632
244
246
840
1410
471
822
347
353
353
354
355
364
469
611
623
627
713
822
838
857
893
901
976
316
412
649
1192
1356
51
47
56
82
97
100
125
156
180
278
302
378
625
2047
472
319
596
751
243
247
249
144
464
352
354
360
372
375
439
476
490
597
589
717
736
329
498
1083
1096
1121
743
751
248
464
330
346
465
586
217
124
560
450
556
428
316
318
1033
1260
215
166
218
579
220
414
278
160
574
876
533
554
558
776
1194
162
94
263
125
169
316
346
316
559
206
668
694
349
354
463
828
1304
273
344
783
167
143
144
242
330
331
347
348
365
474
249
579
589
597
601
684
693
715
1175
1294
489
2016
368
597
106
108
488
285
385
572
341
346
1194
463
164
167
168
169
186
188
194
195
197
198
215
225
280
342
352
372
444
467
553
567
401
344
151
328
332
340
343
346
350
353
353
441
443
579
806
1020
113
496
119
204
285
206
279
161
578
385
574
576
485
579
306
124
126
966
106
106
116
147
262
271
1588
117
125
124
577
379
576
836
352
557
272
349
310
1415
320
1021
204
486
280
1061
575
457
463
474
165
597
121
125
132
138
144
178
237
251
280
334
445
788
1470
1476
1588
1696
187
125
392
120
159
284
298
492
200
568
356
281
716
353
355
360
480
486
124
107
124
262
191
228
588
730
775
443
294
1107
336
364
203
217
218
234
189
290
389
429
560
724
1801
345
343
361
199
206
775
772
142
393
572
438
338
592
159
356
1105
454
479
482
682
796
803
465
1053
700
1467
515
216
126
280
170
279
223
341
341
591
480
280
281
346
512
382
239
344
353
587
569
582
353
354
1206
598
574
585
353
349
461
461
591
958
1055
779
515
1482
781
1571
165
191
397
1240
1770
595
598
606
1146
895
1590
1158
867
870
883
884
888
1206
1225
1122
1134
1194
1047
1483
1496
1707
1804
2015
2059
1372
2235
3125
2041
991
951
841
950
1282
1255
1269
1315
817
836
841
1268
1131
1767
1187
1216
1465
1479
1492
1503
1566
1575
1932
1886
1903
1190
2325
2184
2392
1764
2820
1781
1835
1094
875
1008
1548
1560
1849
788
2410
1107
875
1736
1002
3854
2028
2198
1485
1500
1421
1004
1006
1344
1326
1147
1735
1743
1107
1108
2080
2088
845
1464
1468
1474
926
1844
1143
1148
1513
1211
1892
2086
4233
5718
1051
642
289
428
522
543
338
745
531
389
410
570
617
746
727
413
390
898
742
1513
348
1260
379
628
475
479
791
1137
1084
685
707
738
1388
619
621
1484
1043
873
664
666
667
670
677
914
1135
1147
945
2153
1298
1002
444
601
1476
565
737
738
757
582
778
1441
40755
1894
2273
2320
1059
185
188
478
400
98
211
282
158
346
1182
382
317
105
110
126
127
199
206
229
262
285
359
755
770
650
373
225
208
205
207
119
412
205
344
352
248
173
227
254
293
468
145
197
471
343
278
325
337
401
407
827
923
591
354
355
480
604
1684
