Waf: Entering directory `/nethome/gsrinagesh3/ns-allinone-3.24.1/ns-3.24.1/build'
Waf: Leaving directory `/nethome/gsrinagesh3/ns-allinone-3.24.1/ns-3.24.1/build'
Build commands will be stored in build/compile_commands.json
'build' finished successfully (5.449s)
Load generated: 776923 bps
Number of response times recorded: 16761
32
29
37
218
111
119
128
316
133
281
277
283
283
228
302
428
381
371
460
421
428
339
141
498
309
339
477
390
505
257
701
692
389
515
480
462
336
216
279
165
942
272
917
643
267
99
517
117
343
307
588
511
208
592
442
396
397
358
316
189
728
699
508
702
1363
81
440
408
857
291
220
718
205
614
187
342
336
244
264
268
282
1415
424
248
109
363
368
314
387
224
454
240
316
453
1591
62
1124
457
1370
1470
315
1497
402
1744
185
203
1951
696
402
1649
205
506
302
1908
2223
1958
2241
2282
424
480
2417
428
1648
759
2366
1295
552
2448
1637
491
497
501
1668
2410
490
528
516
375
657
272
2624
2319
1738
44
60
572
101
341
397
1641
1617
366
2528
2345
2369
1409
1508
434
657
1783
2290
1797
305
322
332
2352
3329
431
1597
2044
301
308
325
243
255
1605
1683
2419
1624
3217
1668
3333
1939
304
3488
3559
475
2298
3435
1146
236
2173
590
3528
2002
2003
3017
2367
3845
711
3374
3061
2227
1366
549
557
2722
3315
2316
3019
2496
2513
3476
4420
4406
3438
2375
205
357
2985
560
3537
1623
2476
360
517
2053
2079
2796
3553
3639
333
1347
163
3593
3372
1975
3099
238
121
3934
2344
1991
705
1686
3524
3540
39
3452
3461
303
494
3539
4711
3448
2539
5479
1593
3479
247
3487
3657
5212
3647
2366
3695
4157
3821
3684
3776
1599
3080
3248
2206
826
3549
3550
1911
2049
405
3201
3218
4041
1388
2463
2776
2285
5363
4500
4273
6414
4573
1863
1567
220
3257
3212
3925
3549
6412
4938
402
5229
182
2277
454
5340
4458
5072
4719
3470
3196
2211
522
3674
5237
5864
5423
1424
1574
1771
1734
700
5025
1588
3736
3237
2402
5521
493
5180
2387
7490
6287
3421
4424
5530
3660
1441
6684
208
5309
1526
3477
5449
5454
273
3240
5438
1551
5485
2213
409
2381
2438
439
5055
581
5761
5442
5261
2531
4134
490
3376
5390
6847
2389
5357
4757
4776
3484
1407
1862
5835
1374
5233
4628
2647
546
5350
1318
2264
5279
5273
6248
6561
2963
3059
4544
6530
2643
4575
1189
6712
7644
6484
6496
1502
519
4609
6684
6810
3264
5400
2780
4464
6838
1515
115
8513
1495
3143
5983
5928
3291
369
7532
225
2822
3782
7898
7279
6357
2497
5362
1620
7744
3396
6338
6666
5470
3678
6597
4534
4575
3293
4559
8776
9364
3581
2227
1510
5948
4324
4632
7662
7714
3409
6851
3515
8571
3133
6246
5210
2658
8974
1551
8493
3859
8182
7913
6041
9225
3351
2450
6412
2163
3212
1616
3233
8024
8043
3341
3530
384
689
4590
3544
2437
5234
3224
7362
3398
8270
2466
6516
4594
2161
8563
1521
3211
1666
3253
7932
6319
2394
3142
6436
1303
8192
4729
2444
2450
8741
2302
7994
2553
6758
3542
7440
4889
8857
4652
5477
5588
1272
5051
3181
6230
7468
2000
2248
2216
4711
3352
7969
8630
3423
5260
5177
521
9787
2146
5413
3518
484
8299
9576
5241
1317
8319
3185
9234
4612
6550
5766
7631
3809
6546
3301
7420
9128
9717
3500
9528
4076
3029
10599
159
3354
3386
3772
195
4671
7630
3541
6866
3138
4546
3660
7650
10040
6388
3567
9264
2559
6436
6300
3466
6259
11309
9400
3985
3281
5108
633
3170
2497
5230
9348
6378
2237
4697
9278
8725
3276
11085
2255
5465
2584
4942
4767
10675
12382
6713
9807
3579
2175
10655
2388
541
9327
10862
12557
6455
9330
3363
3351
6519
3481
12738
7060
9564
5814
3528
6414
4874
9697
3862
4596
10292
1890
6342
6733
5199
6538
2299
2397
11233
5445
5382
5273
8961
7247
3182
3533
3557
3567
3570
3530
3324
6667
10802
6880
9510
4501
5815
3775
7497
8063
8352
2553
7554
2139
9961
2222
11321
2267
5166
1738
9088
7229
11061
9296
7301
3332
9280
9183
12363
10822
2577
3834
5309
12660
2463
4647
9759
2548
11540
3236
11605
6987
2245
2250
9874
11081
5764
4276
4294
348
3037
6304
6262
6425
13507
8525
3279
5676
3122
12833
5337
12108
6854
6256
9539
5055
7487
3187
3409
6136
3413
6439
3445
10960
5712
13647
5690
9783
6562
12774
10530
5226
5485
12376
10499
12357
3531
5219
13660
12841
9482
12762
6608
9429
12532
5553
9130
9769
11184
6589
12329
2593
6522
6393
9526
14112
3328
10842
9241
2130
10117
6252
4616
6270
11146
6408
12967
14728
2440
14406
14062
9635
6230
7253
10885
5396
9176
10155
2422
2580
13967
5730
9404
7627
7276
1676
10346
6729
7440
15414
15131
8119
9527
14919
5110
5161
11417
9249
11467
2308
11899
10312
10920
10149
12387
6436
5419
9842
7611
8079
2989
2393
14146
10367
15589
12956
1524
16070
5586
2296
6055
7359
7893
1441
2385
13566
16606
7097
9400
4415
8566
8982
15561
5183
10897
13596
5258
7550
5190
11530
9085
15608
11354
8114
6351
3305
5032
15830
6374
14856
156
9220
532
15619
9376
15164
10850
4921
374
7592
5225
3525
7927
13674
9084
16004
9452
12459
6402
9115
10595
12059
10783
9200
15088
11993
8852
6433
202
16912
8451
17450
11469
15396
12917
11053
6506
13894
3326
10539
6452
5468
10076
10354
5385
12590
10413
8436
9368
17574
6496
5330
12589
9565
6319
6953
16686
15262
3612
9463
9747
16789
17692
16792
16646
15292
10583
14136
12627
8214
17401
15454
11048
4804
15696
13895
9918
12477
16127
8844
15179
12569
12264
10973
9245
10831
9951
10799
11920
2258
6320
393
16022
9101
6366
14343
5472
17407
15112
5444
9558
4506
16546
13486
13141
10383
11110
3335
9245
3746
9444
5187
13673
14062
13948
1258
9907
4918
9598
9618
7667
12756
15573
11548
5494
1471
15175
5109
3225
12027
12407
13287
12943
11646
16371
10874
6523
5372
19204
11044
12867
9318
15264
18404
12265
5277
5471
6623
1941
13616
17691
8321
18652
18939
12416
15270
15952
10489
10860
13024
9271
14490
9277
16766
9168
12376
3498
4539
1463
155
241
6204
11503
10501
20311
3163
15517
561
10659
8221
17055
2277
15639
19376
15394
5330
12516
8452
6371
14146
10924
9774
11588
11589
14392
7322
18249
13612
14315
16606
6170
13232
17026
15298
14418
3166
9400
8404
15288
11225
16969
5462
5393
1567
20005
12649
20087
1200
17399
10599
3412
285
3491
8247
13388
12265
14108
18718
2367
15528
3449
4911
15664
9486
17547
13947
4428
17676
1732
7375
15669
15207
2455
5492
8259
18179
18714
17900
5297
16650
20454
17233
18440
9751
21637
18684
15330
4671
1942
21257
15566
13980
12540
14811
9092
19639
13955
21941
17286
17529
20352
1661
3599
9151
6841
14313
21170
17563
3172
15419
12896
11256
6439
3275
21410
19001
16540
12036
8728
18447
16438
13787
14395
7320
16892
21298
18683
15677
6270
16899
9387
23326
6829
5313
6324
12615
18499
8830
2562
12453
13857
5372
359
22389
11272
22973
12763
15228
20468
5362
15039
9346
17710
9499
9506
17463
17625
13956
20434
11746
17316
12974
15979
9251
12565
17029
6209
19985
16542
16693
14865
23150
15416
18059
6639
14930
13354
20643
21401
3419
20810
6299
9400
18726
12099
10874
12121
15637
11579
10756
3271
18394
3489
3640
23377
15385
20397
2193
18902
7008
18703
15469
16119
7469
25034
16556
12655
24699
17543
3431
13978
18144
6668
3187
8815
10104
3395
23118
14877
18504
10123
16363
15538
18531
9407
12079
4547
21359
11951
248
14263
15747
20486
7406
24316
3973
24351
23884
6998
11387
11533
24597
2904
6277
1637
2226
18831
5507
14330
17611
25446
11742
3916
24059
9807
25181
10897
7786
3106
6090
3355
8463
26486
5229
21388
20444
23146
23101
7847
3760
6493
21036
17089
17074
21521
5503
3290
25143
17233
156
15158
163
6837
19086
5822
21257
19711
1793
18235
21982
24336
6907
22537
12503
21186
2233
14135
17216
23597
292
16986
20450
19315
5183
19801
16605
17358
22776
14360
18579
19010
9670
23334
14155
27116
4930
23329
23225
20170
19510
4034
16436
12780
18572
3434
19215
6655
13761
25410
18752
22527
18783
14252
16625
1218
20423
23069
1378
12855
15471
24051
7423
21356
18727
23908
6520
22906
13087
26745
15917
10201
12857
7362
17220
14134
5394
24461
21453
13820
12469
21678
29028
7543
19432
2370
26416
28004
21309
24352
21213
21460
10404
2309
15443
17803
16127
23187
23475
7047
2296
237
243
15317
11347
28528
11225
26319
18125
21319
6414
10650
11377
20881
21205
14838
6614
5294
21764
11568
15592
24280
11172
17727
21720
26384
15729
25731
14251
11745
2420
7778
18596
24105
3673
27795
3541
3436
9576
18627
13399
512
5190
5887
257
12234
5234
5307
24933
7909
26805
9494
23465
22910
24623
23590
20553
28807
11128
5348
16912
21869
10609
29063
2474
27358
6525
21484
23766
30585
11950
18041
3609
11999
9376
17725
24437
6507
12454
20929
15320
9755
19685
25165
16394
4299
14376
14048
28565
14714
6239
14470
17282
13285
29103
6302
4726
16778
28230
11413
14380
7422
13623
1696
13615
6683
4493
23686
16923
18963
17551
25772
11747
7506
22176
13420
22198
27347
6063
5304
2312
30305
24391
24070
27282
29606
21901
24589
9477
9171
7348
7355
11120
12918
22470
24773
23845
26329
22928
6000
29396
16168
23391
17518
12059
5411
18040
33160
24634
20844
15496
2402
8338
2418
18251
3536
26610
24024
18395
3527
6275
20486
14524
3382
23188
3419
6419
23496
26679
5096
6577
3415
10970
4825
25844
5488
5591
17379
6355
4325
25465
16803
11660
17690
3356
28196
11359
6793
9297
13766
18590
10235
3300
3304
3369
14565
13631
20027
23280
32832
11174
25431
26458
17513
18283
14044
7811
7564
9958
7229
22932
2794
26682
27521
25099
28847
5330
33858
6014
12882
32072
8535
22259
29200
23439
13544
34244
16681
4620
17533
5585
9423
13389
21578
17096
4757
12363
16547
24387
28794
32788
26853
8613
22139
8745
17165
25834
17448
2421
28843
27078
5661
14661
13614
24925
35765
27185
17337
21379
19313
17587
5332
2233
9227
5338
32217
6281
26298
21584
10979
14405
6391
6950
2492
27577
19967
28979
27392
3800
23431
29478
9168
23025
20030
18800
35056
25365
30687
27401
24842
7403
26814
8112
6395
9552
7207
30443
12842
32734
31568
33361
16003
7797
23362
5329
35797
36409
28738
3501
16432
7760
17249
4069
26444
29114
11474
7085
18341
35262
5245
4370
31854
3424
30803
23360
515
11893
27154
35622
4192
21413
3434
36380
13214
28581
29330
24646
13329
14323
35265
4773
21306
18634
644
35784
4661
244
35615
26735
27354
1419
23221
33684
27570
25190
22069
4785
29304
29309
32440
9353
34547
23672
21951
33790
5157
22825
28059
13141
16976
16675
6742
27515
21316
30152
5211
5541
34197
21101
10011
21151
34378
34370
18273
22004
874
32757
21496
21454
15602
36270
13170
1604
30392
36897
6282
30596
32089
4738
6811
6644
5064
13332
36322
11097
34842
18565
27865
13163
1319
5410
6452
31728
1550
4665
32740
3698
15112
10754
36652
16132
18744
12125
31569
30160
41159
33661
32771
3468
8733
14242
37187
10754
31413
27249
38353
21057
25011
33290
32041
29912
15097
15562
13995
26387
37745
17313
14534
30539
34172
35195
19968
27247
14389
17626
14960
11122
15040
34976
37449
11380
38248
28013
4352
19372
36476
8655
10656
6669
41291
19555
6044
40555
4619
41392
5327
1687
15771
16406
18362
21261
14229
2213
18372
37464
27394
13957
21010
27973
37012
7415
40639
15919
4542
36959
25120
10412
21744
5388
35559
40491
4306
21708
10272
4369
1231
36127
38505
18339
5426
9628
2415
36552
6781
5923
33251
16538
222
43660
5796
21277
16916
39384
22680
28981
38152
20392
16331
26650
32629
43150
9693
36059
25633
2127
3267
17244
5142
2261
37699
8064
21191
25321
26309
42993
38802
13964
35010
29382
35122
26347
331
446
6726
8571
14078
30503
5860
626
33579
21408
23587
33576
39004
6657
10746
3588
38211
4680
3889
31226
39001
35220
5779
22871
3203
14281
27555
7709
6495
27097
3562
17178
3484
5272
5246
16553
13522
15114
22540
3073
3108
7862
605
12105
32145
527
12268
3320
23670
4484
15365
34806
23189
12515
18542
22675
12296
26089
4232
5331
5336
5339
37036
5476
20380
35214
8207
12877
12646
20531
2451
8640
5267
1632
33768
44045
7978
23408
13223
41189
9745
16486
19228
36748
19941
32451
25087
3754
26930
3075
22357
11153
35928
7097
9814
10469
41115
17018
5539
1649
40635
47104
38859
2510
37660
2520
32308
9280
34092
42742
27477
12088
18557
6241
10798
9257
15229
18460
39556
5345
30384
41892
4789
17478
31500
5401
4149
45793
40698
40412
29391
3999
35906
47605
47265
3506
26354
5691
3439
5751
30479
40710
349
45734
46077
18693
27445
31581
3779
38977
23738
30262
23104
36264
32324
48803
7636
12019
1477
371
39306
15458
46847
25018
3635
32193
22582
5530
5632
4323
6527
24491
10736
43545
43425
41386
9252
4949
12640
403
10623
17307
3582
29469
42887
50129
43083
43750
2045
9377
26992
28391
12923
1491
41623
45398
3654
16773
35758
29195
13449
36426
46657
30783
33960
5579
5127
8811
5501
17309
6350
45170
2100
6442
33022
9177
17486
41862
48996
45035
1977
40530
41620
1811
43918
9593
2945
44616
22717
22999
2392
24990
2258
31899
43851
8911
3338
13953
48663
17801
24636
44902
27925
31143
12458
42722
4547
9361
46439
3499
49873
12498
50649
3560
3563
6267
45758
8833
51602
48484
15470
24789
1986
461
20281
41679
7450
32415
23320
28278
4220
11131
12485
1667
9503
8180
17885
4607
12215
12429
16155
5329
3866
6493
22861
19956
33437
10638
27167
11621
42247
10770
51997
38907
26339
44001
4033
6319
17793
3469
4074
43581
5565
37596
36145
46760
18822
1857
3146
25028
292
45207
14883
5572
32213
44398
3445
51658
358
11262
47356
27977
31574
3373
1761
5464
5072
6170
30264
4716
9821
6464
24755
48396
11412
17281
14304
45895
6780
33432
16363
4707
365
430
146
6047
6618
12619
3222
55908
9250
49403
43982
17778
27378
3444
25076
18965
14906
37524
1808
4442
3602
5619
10922
46182
25231
7557
23617
781
456
18223
567
3707
42898
41432
7907
3187
14068
37757
25836
11431
1545
3252
3534
13019
5273
5137
1667
35636
26173
8593
8342
20689
6395
17497
600
3459
4697
12762
56744
8548
48028
37254
15209
13773
47251
30503
37972
47183
12359
18435
11446
14915
17507
14785
46664
49801
8378
8398
40998
32854
14972
58053
9401
39530
29137
36793
6605
37723
226
274
528
45568
41355
10475
23523
43488
9944
9120
43878
9812
6076
4548
7422
3430
35485
12726
3356
3325
51843
18352
3616
3373
17383
2452
46935
54453
44558
53814
36482
10835
30568
29235
2463
518
2059
14481
15561
53574
9546
3544
13466
3325
2837
13637
50313
12212
11127
15496
51444
250
4984
15417
379
26592
30898
30700
434
5351
18509
17553
15905
54549
1555
642
20324
60577
8340
7814
6790
2496
20219
31888
3408
5155
37504
42493
15390
56208
6766
9643
7776
30445
11805
46536
8885
41510
7331
18409
6538
47766
36456
12079
55087
40764
54675
43678
31757
31283
9071
2316
37009
37362
52370
48803
1913
3109
16590
541
12541
17520
58133
8799
15958
21868
49089
54785
9566
20287
30374
9812
2415
44429
2448
18354
9269
17323
3817
8880
35208
59572
1980
58038
58007
54028
47212
17621
3594
3178
2316
54386
449
48667
5897
593
236
21386
18007
7557
51117
9275
8254
15652
15410
410
3554
23273
6619
3872
6555
9218
36539
26573
19734
12993
2018
16147
42597
3978
3659
59995
17819
38533
41956
46673
3447
50116
37337
2745
23285
3600
6154
6529
2370
3282
3340
26442
47231
50736
5282
57062
27413
43347
18269
15152
4630
2315
7696
51578
22722
64738
61648
4845
32302
147
5653
9377
62316
5029
2531
38475
8064
42991
15857
15665
11590
16753
2502
30518
13851
60159
24487
5397
5398
61551
40763
47169
3366
45315
59801
4978
42255
10125
21960
12525
38305
43000
25171
5990
3467
7849
7983
39468
3517
47415
63345
56416
63972
3621
6544
17733
46142
10578
51981
59478
6732
18196
6503
17351
37785
65069
12012
6632
61855
33245
4644
42104
1729
61424
4988
5443
28480
57364
9191
4383
2139
17507
11085
7488
3497
5280
36977
12074
55104
2338
49798
48384
15846
35280
7908
18472
42924
18903
66180
30819
8050
8072
3212
65086
2039
22343
2497
2513
22233
3365
2340
7585
36291
6599
467
55642
19858
3605
8458
61925
11468
57076
8510
8527
48996
2092
16406
15264
2531
5283
397
19314
19821
4771
17460
59760
60502
7877
6543
14932
9112
9352
3276
9425
60033
3289
11190
62455
5179
27435
60632
55008
9450
19517
24334
13687
61224
20103
28664
24377
23381
26081
1685
12955
54141
1552
12428
9854
13703
24753
14558
7702
18697
13175
34898
21427
22069
64952
67505
1670
49102
10606
4612
18411
5363
61634
36086
9307
5567
4875
6528
5349
20223
9613
64027
3297
8803
3773
31772
18876
71267
32171
3427
5724
2559
5337
29434
65638
65464
17079
3577
71722
6521
14512
5693
6364
15093
72
6062
55130
71957
3333
23418
3399
68019
8106
64764
9524
42763
60509
6684
5215
10750
9754
63426
66428
3703
44930
51178
23381
2849
63447
65343
70844
12676
66926
61372
31908
21419
12855
8010
10721
39444
28517
46626
8410
6321
53581
13141
36916
228
8712
49739
41678
6581
4783
349
8067
7813
7415
13526
71501
5411
52911
63557
13811
56399
65623
2597
10355
13802
11602
11488
25602
9492
14066
20819
3324
45121
67254
62246
71029
55103
30226
6440
13154
14460
45592
2305
70058
3033
6723
21303
55913
9931
3475
25347
3350
3417
7443
535
17892
25575
8106
25267
7661
33161
9827
3578
5548
73000
41666
9731
4374
33466
64006
9400
6939
11088
5159
34723
6409
9322
33717
3118
66605
21560
33278
9061
20246
17774
57268
572
16034
16164
58435
55311
3344
637
70531
73272
3447
5989
3477
8827
66924
3456
64951
5297
2530
43294
7869
63264
49641
71883
4442
518
31843
1960
435
40928
8963
2417
12657
4927
41115
60261
65473
12494
9476
26058
9187
9531
17524
74355
28139
17605
16709
9499
35416
2909
26207
34115
6461
4407
3447
9421
34249
18140
48405
12607
63485
11501
55399
63709
3615
16269
47962
2324
41035
7934
37665
73373
5451
5451
3474
30419
67225
4213
16980
56152
9187
72884
36738
7699
36870
17303
49434
53023
24572
22908
75310
30523
20741
18347
9442
21346
3644
68082
800
46921
19537
15255
14243
18885
71179
6015
6678
259
14770
23042
71808
79131
74765
14841
4683
4232
3623
43
47
65510
5793
9367
6452
92
107
6329
55897
53600
27501
13842
7819
9433
23060
9297
2299
39010
562
6188
358
359
12329
6961
767
5383
8939
160
161
28406
244
430
21429
35215
52409
15061
4537
79731
5506
3594
6780
4188
3770
3853
6584
27015
74371
831
5313
70917
1322
48426
61286
491
35317
68743
565
9362
72940
6818
80519
598
65470
14521
2215
55563
50645
17063
3377
375
30464
163
30286
41775
2261
11276
81785
7969
7611
62918
297
301
5162
74828
23680
8127
1353
24093
6018
23201
3280
3295
593
79065
2206
3196
11898
2452
23667
6282
17781
35933
17919
23477
9785
26436
58160
61571
10039
49382
10518
10786
47021
15298
3540
21653
69874
84719
84243
3336
4951
433
22560
1701
1703
11243
9783
10814
61072
3279
338
345
51104
79371
2338
10175
5009
19157
3288
9410
29716
80152
3205
8531
3319
53505
3324
4650
6432
5173
9814
5219
5221
11319
41167
5364
66235
22426
3394
5493
4387
4606
71232
3412
3470
3503
4729
18367
84028
52668
3966
26428
24094
332
3827
29542
3869
12223
10805
13605
26745
78538
12482
420
427
20752
13788
1406
11530
4508
79196
12878
13967
5475
22622
6504
4481
6869
6682
41993
11483
5611
27216
3366
5617
27281
14379
21372
21398
4841
4860
681
77939
6268
3288
5104
6680
86077
19606
12599
739
1616
13145
5401
5419
5422
3535
26700
63791
15597
76915
34261
79832
20135
9332
23215
20013
5967
77388
80865
36649
79846
4898
3478
22793
4747
6324
65634
6371
6373
8469
6453
68488
23507
6559
4650
21151
2110
6135
17353
79765
5943
55513
5369
713
31366
14689
31402
68175
5719
24218
51818
9292
14303
7680
573
23026
42271
67713
3597
30028
14157
3565
5388
69849
2481
6808
68680
3442
7515
78731
7541
3003
4903
7789
37582
5608
7663
3520
70366
30492
19029
49599
3708
3430
24539
3389
24561
32604
6819
6213
75482
39448
7379
73928
69659
71866
440
85335
10916
87863
374
14316
78697
22119
46757
10373
17186
31814
67663
43107
502
1729
1601
19865
10338
9283
675
9340
53265
9390
9359
9504
9509
14633
7778
4102
2352
32515
89194
12162
28192
92635
5140
81250
6269
78993
1936
3289
185
12237
11947
270
6598
27269
7404
11489
9306
69632
6739
70039
750
250
83551
6487
5056
5199
10621
3565
2370
12440
22016
10720
9125
3422
83772
4683
3434
3413
33500
10877
33601
3330
8127
33751
25572
37966
23971
1288
528
3577
11298
18192
7652
11395
93623
11418
65720
4656
11518
2600
12884
464
92470
609
6215
5596
7705
380
13696
19197
50118
67417
22041
771
2649
83537
68895
46459
1416
3688
92348
65307
22799
4489
12768
12788
3654
92036
33592
5381
2320
21479
88531
35830
75366
58330
3345
15120
722
2164
12817
13170
9682
12010
6393
6344
25651
4835
3273
6259
146
4321
7416
4418
6602
87982
15385
3544
4276
21603
63277
96716
5600
12076
17956
3750
14412
10713
3129
3144
175
5809
345
7440
6256
80808
7615
1612
676
4490
7118
4019
3577
4615
48965
16973
3755
90653
96551
21893
75457
38436
16919
37934
43536
25555
5254
3211
324
676
5477
10070
5572
2029
5564
70176
5230
2309
11835
2303
5248
3724
7947
5478
5785
9312
2765
2767
24171
8008
9369
3226
5634
6431
85987
3386
2315
7552
3244
9871
3310
63672
9354
34596
6718
3407
6891
235
3148
336
30398
6480
1960
17890
36257
68005
60288
94574
7350
5246
6741
7682
4308
448
26142
93520
45489
4561
3435
18537
9738
11020
3435
7632
43611
20785
4712
11357
22098
99734
7471
202
413
21164
417
338
9169
100904
8571
3472
19321
19974
10713
96346
13910
98897
6638
1603
94577
6659
14156
5571
3293
92428
3358
628
10192
9557
6256
7874
1968
42846
96896
60955
93779
29221
93341
38568
1599
10545
6454
1919
101417
515
20529
64814
12324
2021
22924
97671
227
9314
9807
99845
10914
10402
6886
9173
9741
270
85439
3350
10632
4532
7179
8715
11665
10578
9580
3456
8945
95213
4912
8946
93201
7799
93372
7820
5398
3226
31645
3392
368
369
370
3428
92110
3559
11165
512
6280
35381
18779
6581
11863
10428
11169
86509
5442
96803
94201
3485
10662
37182
11202
4451
9228
96672
11808
23354
463
9267
9415
19782
96229
12888
3481
418
24270
98429
3638
3383
24284
8817
96558
422
16654
20729
738
9681
9719
4667
21027
3633
7548
384
13703
24628
80677
28293
86230
8963
556
427
97540
417
5450
14297
21790
11723
88515
3501
64112
14670
39637
2276
12974
62332
48579
345
105899
75024
1290
5005
5910
103035
53559
17583
12370
107410
97353
7309
68352
12328
15906
15989
458
12612
3439
5182
15633
28976
3386
339
76930
17305
64149
1645
307
2567
14760
104688
2248
3895
5268
1868
9547
83768
107413
27984
98631
6990
5192
24400
30304
2105
1899
385
194
355
96359
17478
24504
96299
99973
5538
1783
3416
5284
395
1777
95319
26218
4319
1604
1295
29156
62451
223
103629
51974
356
102018
7042
473
18898
37022
9513
1454
3425
6501
15879
4289
507
523
5468
2259
5523
255
2619
364
106973
856
29673
8722
49742
69690
50147
352
357
1771
20846
4950
42312
30754
64888
373
341
437
1732
7348
3579
18264
3093
7501
596
536
92854
5807
7932
2457
48575
1419
1657
3839
112803
99045
6367
113468
5430
17421
32933
6362
17420
2010
110386
22010
20950
7736
2599
46388
1874
6867
6208
379
32613
26786
4485
33056
3575
6747
51221
574
3708
10116
2554
101818
9881
42660
437
1980
106222
11399
85628
4647
81132
19792
5470
275
27149
34119
47947
15381
12233
113786
6467
23683
97991
1780
9662
1920
3639
17263
57239
62970
306
35059
4764
9019
9464
48601
8090
7326
96692
5411
9266
264
5542
5587
41259
4766
5327
4605
8626
5248
3455
6386
3509
6598
103377
2852
9793
633
6492
15973
3620
41227
9093
12178
77853
1399
547
25729
4747
14620
105889
17116
15459
109352
3364
3858
415
10658
3441
117125
14380
3242
3262
15727
328
6731
10596
33356
8014
15663
6495
7197
25225
10189
6946
3374
19487
6792
82312
13657
20488
8146
13866
450
901
26019
6242
12417
1763
6570
6454
26212
22111
33719
89620
2707
4954
112111
3354
3374
14284
3672
1800
2321
5417
6224
92809
49365
8341
5281
10413
7698
68835
3446
14498
3509
12392
7516
11005
256
87899
6453
2903
15680
3701
4560
21150
9470
3300
3321
111716
310
9994
338
5439
10215
16436
61190
14323
3556
6045
13821
5485
344
7371
426
1690
9455
14012
116954
2358
435
97254
96495
122338
10835
78276
2155
89795
610
30354
25057
6345
3166
12027
41209
115052
115534
479
15660
8492
13794
6148
12599
90484
6368
568
1569
573
575
2402
610
618
630
16311
744
9932
11222
785
801
5092
117408
119725
123617
9263
117468
72918
1693
316
318
5441
367
4328
13807
438
45387
106857
285
9184
10941
1931
17736
5167
4502
6574
17390
220
2138
3306
10530
2166
50637
2585
2268
1866
2584
2365
462
2671
2599
1753
18211
20621
5659
4660
30025
9704
525
73518
49979
6161
2162
1725
10970
3583
116199
9574
1246
3338
34719
3197
1366
3316
8786
16643
3554
527
98262
7035
4538
6349
9177
15514
121507
3815
2488
112610
14854
45362
34549
228
4169
5087
106907
52888
3372
416
125747
713
4206
4211
47413
3470
16616
124646
1477
1607
3759
7199
2749
7838
3398
22595
64173
5005
5068
10378
235
80672
5219
5237
2403
2404
5249
74513
126025
3426
5584
5592
3427
5766
5885
2638
7919
21574
2350
4595
99983
91061
6108
2491
411
2660
129132
6275
569
6349
6216
6220
1515
3310
3315
357
3398
6402
2397
5063
18343
6632
11773
5292
8227
9391
18577
3718
6700
10596
12488
6936
126905
5604
3308
41631
5668
447
3527
50164
3499
15414
350
5974
3394
1088
13976
3626
78190
7358
2289
430
406
1744
16273
3503
4032
2259
16945
354
2033
69091
207
122955
5398
456
3283
3672
3565
7306
573
767
1693
35666
20933
9049
437
3534
124596
22389
128869
57294
3526
11255
119015
2854
24452
8938
490
2382
2389
19558
9159
18018
2628
9391
1765
10322
8240
9528
99738
132243
3455
124610
9696
3695
3546
5342
3117
9667
3904
263
3382
10002
6980
10054
30698
96411
8014
5229
10123
2420
3367
21979
126611
27982
10358
6746
24017
6675
51655
351
6699
7901
69612
4605
17624
15557
15284
251
13119
20262
100765
7711
112538
4720
10906
6246
9613
3286
9767
3408
5384
3468
4981
4309
13602
3828
10352
315
11573
4549
18682
11760
4307
8432
8957
120906
25520
135159
129868
12157
9277
8127
29383
12537
105747
1626
17352
6578
123320
11506
12737
62563
1706
5291
4978
3273
1611
131197
3361
17470
7721
11653
4903
4469
4764
13466
579
20790
3303
10310
363
18759
1671
3590
18839
6467
6044
9221
461
33560
6345
577
15099
14172
847
21312
13428
411
4185
11422
6794
9825
131269
25757
4644
131530
1868
132121
1649
7055
10262
12109
281
16871
11945
2868
22088
612
3584
1791
2599
32733
137195
3704
8004
56766
26869
30474
6346
8632
65379
412
49567
9631
579
360
495
6196
2290
16081
47510
383
1411
96242
3407
197
3388
256
3661
279
280
137953
85496
347
3381
392
28640
592
2280
3571
2383
2547
22430
139801
654
466
4437
17398
1601
3141
10127
2437
12471
132731
11868
3353
1724
4513
2186
4599
8160
7368
297
30909
5962
18551
5125
2406
123078
3365
3406
1259
9301
19021
5475
3773
12139
437
1473
4714
393
49885
9501
12055
2727
127097
3916
10002
9544
72211
133730
17421
230
24675
6321
6394
10522
2337
6404
438
23346
130657
24444
6992
1730
11100
10328
3463
7245
315
6533
1298
7545
6525
3562
21310
5394
4189
3951
3724
3762
51717
1763
5314
10143
8164
59121
143866
70265
26686
129593
63098
319
11676
17528
2657
32213
24488
9151
6811
594
6494
4811
692
724
14020
4563
793
3373
912
224
1018
7308
10281
7399
3398
81668
3742
102300
723
10514
3139
39913
1887
6629
481
743
14399
354
1294
2101
7296
2123
478
24361
1508
6397
3612
2025
2453
3744
2560
19169
327
1436
3769
576
194
266
273
7021
3572
32455
99512
25618
139518
3475
3479
15950
258
6682
707
5102
115894
13184
2639
96906
3912
10721
23089
3297
4139
6480
1516
4824
26664
498
4676
20145
3750
2116
9170
5677
3327
143139
833
7326
4910
26248
4977
18401
8050
375
337
4468
527
24332
3429
5361
3451
494
58826
367
2181
128569
480
12318
80517
424
1856
3590
7468
587
149487
47877
21400
2523
6860
6664
2441
27438
46144
1469
1472
1510
2341
6458
6536
1860
4567
9325
29028
2140
11134
3100
37759
17524
9475
5423
15567
34415
3486
7196
4344
3550
29444
3610
1944
3665
4776
16739
138488
2500
4123
7283
3437
152945
244
258
433
127287
11650
18884
614
2624
142072
6598
10614
8132
8150
1408
9059
3405
3929
1719
4867
291
5585
3740
5191
33805
3670
268
142470
3826
330
337
72224
3580
4117
3192
22659
8555
24612
113467
4382
3259
9409
12714
3400
5533
7359
9491
467
126086
68435
604
237
2015
2936
2113
759
420
2557
9930
63960
6406
406
5319
6499
10203
25561
6571
545
523
6031
6686
10598
8386
423
10707
3401
285
5057
15830
1965
2936
28453
26506
7524
7583
3043
367
3377
1836
48367
6296
4352
3065
44639
1338
141044
2394
6492
9678
3777
16323
65473
19197
3540
9812
15607
9181
2402
2395
14261
2555
4999
578
602
7059
6490
4854
7667
482
6707
4471
3393
7337
2011
1242
35897
21274
533
12927
374
7492
3354
390
394
4072
491
1403
528
11883
3883
13353
151561
45920
1607
372
3672
19697
3415
3784
31312
1707
13892
4029
21991
4361
4736
589
4453
340
6002
5736
7291
9430
1500
252
9462
277
9592
3514
34468
29948
5561
5579
482
33233
5704
604
5041
101767
21431
151999
39052
21895
17175
519
7216
78566
323
383
9338
632
640
9429
8121
6507
3866
7495
8967
14840
1867
5415
7699
626
1675
7688
12425
31164
519
10924
71877
157639
387
11287
347
424
9351
2587
528
12403
10616
562
2710
632
245
10462
10463
19718
25119
382
38903
6517
10746
382
6512
22274
5791
126452
97516
12791
7344
226
10012
39383
3521
2104
61255
1559
3198
9416
7780
265
3441
26357
7916
10301
8664
5015
9573
14515
3699
11851
1375
12801
25660
1905
1916
67547
3795
4784
9508
3087
20403
398
2381
2395
10550
17109
2515
6588
6596
5438
9868
4778
25557
22803
3319
428
3335
24985
379
384
343
3456
3459
3470
2259
12205
6380
3738
15872
8490
5750
4024
6061
390
3600
116210
507
3299
3693
3437
42407
5474
3025
1837
15488
532
3261
64596
30415
3346
2614
18149
3412
13815
4810
17554
8635
1331
1699
9340
7684
2319
10775
326
1661
44025
20123
820
160805
69186
10265
2265
17223
22103
19251
105302
13233
3443
3659
2438
3775
4944
1318
6369
3317
4345
176
4837
6240
294
62963
6134
8440
4656
362
25790
45498
6625
7405
3376
3757
402
7107
3691
3681
39139
329
497
6406
10539
102220
5278
133
134
6484
2221
10867
390
9291
18382
2586
16343
24655
10294
4866
524
1913
4973
21339
20416
2139
9310
5878
1311
12582
1338
12740
230
7012
7519
6473
9723
3208
3263
6796
604
717
3319
2378
7007
3469
4524
3870
12207
568
6867
8284
3839
10727
3113
6582
24358
6491
506
8283
1423
11055
3523
284
623
3636
48257
3700
8019
1980
90668
4388
2019
18432
49543
322
21437
4412
3514
6342
11786
2316
4543
380
584
2445
9488
48522
793
2355
651
11680
9268
599
3708
60749
16033
174204
3373
13455
23939
2242
118051
7501
6925
22319
1956
282
294
402
5866
5122
387
19409
401
2302
3603
2971
10770
14863
24458
1577
795
4812
228
228
14094
3469
176
268
571
168
686
259
359
288
2130
2447
23429
296
27350
10287
215
224
422
1926
369
104520
376
76655
1817
9184
437
453
3599
6358
38297
53205
2415
3422
3384
313
3392
7986
1300
9119
612
8120
6632
241
3917
4086
12938
1611
9186
1919
9494
30896
4547
778
2980
4716
2240
412
413
4880
10546
17416
3752
3570
3590
416
857
9691
531
365
61730
674
3876
858
3199
4403
17651
14841
151
403
408
23892
2311
558
1631
3713
86067
4460
124685
274
669
10793
345
358
14453
65883
18814
35192
689
56793
2559
1856
5652
399
30177
49564
4856
512
4982
33112
6232
495
2182
244
3559
1811
3584
50934
11795
3288
242
30525
1809
135997
6973
6743
4067
1985
19128
3836
7053
7086
121051
122664
78944
107298
47409
3559
1603
383
392
404
4562
28881
539
2180
2546
70693
41648
159
4834
73646
520
3316
281
303
8274
3416
21784
8315
1619
37111
14366
369
1488
2323
6425
6432
219
2231
5487
6597
260
1548
2612
1445
176573
1828
162310
10313
3188
9472
2347
2364
6387
4815
12285
125104
6520
2520
405
6620
3322
7088
3573
24489
1467
1646
5506
2274
7024
5139
3127
9394
3571
362
382
546
2378
2383
1545
725
445
3666
10970
5069
2639
5786
11346
1600
408
16642
1500
343
3966
456
571
5276
19114
5303
3295
11005
11165
6601
12160
1463
4915
2000
3056
9047
21928
2136
9658
9098
8643
366
5886
2367
171
2606
9061
223
9668
296
2385
2386
1669
3323
6661
3411
6973
3492
511
5978
4831
12476
317
365
9711
14847
3826
1292
3487
1476
8736
202
387
6743
7495
6808
2453
4663
166268
557
3979
7720
69984
6438
1815
3540
12364
188293
4954
5216
706
3245
5326
8940
7315
12071
6377
5570
1552
160128
1781
15483
64248
17218
2760
3482
183584
3233
40294
5356
1509
21205
1909
1476
10625
6708
2380
3553
40558
1712
542
3568
444
447
3338
5469
4945
52467
20109
7642
2201
6959
8257
8993
16042
12147
3328
5078
2518
26853
96147
7970
68787
8834
13419
6527
362
531
22998
8203
1749
4191
5011
1399
373
2334
319
328
196
8057
11006
236
444
132
304
31374
15329
273
277
183
704
419
432
10215
434
2421
1690
893
5137
5160
5740
616
9408
35025
8316
9740
6373
2443
3278
3326
1771
9701
2744
5811
3334
3516
3786
1805
94268
527
4990
641
6374
11957
1286
41529
3521
62524
6694
3644
188859
185455
976
144930
380
7000
28942
740
551
21279
7941
3821
8930
12590
3773
186852
322
1775
10703
270
182354
8196
3291
7930
11690
6416
12011
37481
1512
11088
254
2489
13984
193790
3722
10594
6506
132239
5385
5273
187683
1954
5685
8980
2071
290
188553
4923
452
373
19335
7299
3367
3436
612
2639
796
1785
426
442
6242
602
10853
13926
398
1618
405
4998
358
1775
801
341
11156
1308
24403
10678
430
140592
412
227
415
372
432
247
434
411
33445
10709
734
5845
1508
153
97392
8549
1977
8311
4174
395
118338
21700
12570
1576
2481
21014
3890
1507
55151
4754
781
7537
1595
1621
6947
2316
1873
19532
1901
1716
194822
14979
3461
2227
670
2179
2180
447
2385
3578
9263
1613
3307
390
2285
48521
1799
3990
3417
486
490
13845
533
6541
587
3725
684
594
3166
14184
3426
1516
717
3621
10707
7694
412
356
3183
22182
448
116
21369
8142
391
395
4573
3044
28288
401
5000
4828
12528
467
1854
277
628
8965
8845
19556
180710
361
9011
347
429
28948
3270
2334
3337
311
393
2367
690
4990
2131
20704
1830
460
3441
587
815
3484
3350
424
21345
612
2677
1402
1614
4922
144
185
41424
285
292
25584
1501
4628
546
1348
4460
468
40830
10444
3723
3387
3436
203
209
3447
8430
328
329
303
4789
397
4952
5033
1905
2818
5102
5004
1825
210
26698
356
156
8958
3143
215
269
3179
3247
179152
314
4822
27270
433
3779
481
487
94616
83999
7007
7365
426
3315
1416
1432
3439
1565
9863
10315
6104
2239
3124
413
118247
1381
3502
5435
3390
10315
513
2229
2246
4083
3650
404
3007
3634
2459
2815
4738
6008
11216
148
426
3201
3233
7786
168
1854
3259
3384
19900
188
668
261
3527
488
3629
287
12067
3016
4022
3980
6505
589
3248
49078
3284
5018
291
394
5066
6825
3257
553
1320
23014
569
5348
30768
1520
1629
3534
4677
3677
4614
7576
89249
3491
82694
5655
676
3372
4314
788
734
6961
4478
4701
2424
399
7028
15346
2223
2801
177059
647
12909
1655
12725
591
2270
3606
7904
5397
523
5590
15936
520
6662
1515
3775
365
368
371
382
4139
8839
513
3698
8965
431
3688
7498
8594
16562
283
792
3350
207898
359
7641
8152
70645
675
6861
8306
12361
28364
3441
3443
2634
1836
3051
3692
1299
1310
30583
2504
1824
3088
9802
10819
5124
6537
12699
1946
2610
22212
216
9388
219
141
3459
239
261
453
286
1829
3597
850
11237
13439
11315
6233
553
1454
89145
3430
209
3134
3548
5024
2564
1601
2734
13565
10760
14737
2869
4577
20325
26052
10258
410
12969
6298
2407
12850
18065
6934
3500
4750
3513
11966
5180
1786
643
18592
7609
573
1059
3325
2458
3379
2053
574
14669
4634
2562
16146
969
476
3863
610
1726
474
14263
1902
1736
2064
822
9182
4732
272
280
13153
226
3459
4562
6364
500
3506
32638
454
2637
298
1660
2758
1675
2813
466
6722
422
3035
270
316
2379
45218
6053
154
180
2928
3436
3451
336
15523
380
360
1711
38037
4752
6425
1674
1936
1602
17627
16485
3787
6587
548
1275
3183
259
3553
473
440
219858
3503
3427
471
2602
2955
3626
1904
765
351
2492
338
2217
3572
19852
505
507
196733
6538
14590
13661
2219
2097
3101
9043
3280
3332
21550
373
9322
9352
1272
496
130911
22918
224294
13195
4376
1819
3357
848
21466
943
3317
9450
3574
118
20621
6164
228563
5438
3279
325
4477
2502
7748
1775
2270
85489
35969
6953
4477
3896
138175
275
6283
9342
3318
3021
132
590
256
379
1378
177
3636
190
197
210
211
4425
3901
296
2898
320
6111
443
464
468
405
354
406
721
30664
153
3246
280
1340
393
3445
26081
704
6837
1553
1947
2217
4819
5545
623
579
586
2074
2119
709
772
2268
464
2391
792
823
29055
2509
924
2588
3382
2624
376
5006
5167
2560
2810
433
2624
666
7940
383
1758
12248
132
290
388
842
3184
3690
210
181
1676
255
344
3326
348
5303
391
191159
136206
7760
553
2628
2790
1904
30912
6850
4262
5057
42606
4511
2052
712
10928
1395
248
3342
1453
2361
476
344
623
3720
1729
3802
5866
5898
5956
4370
114399
2429
131
1856
254
1729
281
333
2928
613
2470
1610
4118
3178
5533
623
3430
384
3645
6115
312
235
1394
2712
4432
425
432
236107
1455
4754
176
4302
13964
372
5960
2430
3659
274
4743
3995
2454
457
565
543
9350
15760
170152
15913
299
179783
690
2495
497
10044
2417
3378
393
2640
12661
549
3611
5216
683
697
554
3052
172477
663
57908
3243
602
3300
3252
4462
643
7679
6295
4069
4836
4096
1939
581
4116
11911
615
3489
3456
3312
3366
3391
342
3592
37918
2809
4305
3669
1848
50304
5508
3112
5600
3488
25072
3269
8232
4303
3410
128
4689
2398
2265
136
7535
198
3601
155
440
441
3669
326
4247
546
2902
6575
1768
10763
16846
467
279
3351
5958
740
461
1440
910
6568
12848
634
11815
3864
1729
1196
375
3606
4142
486
18693
34132
9436
3203
413
3380
3384
731
11075
4193
378
3692
12129
2523
451
1950
7036
3246
3375
1938
2777
2218
629
1914
765
1658
5840
6833
5584
244106
27377
3482
392
4143
3319
199
213
3792
4514
840
4469
1887
4735
8440
1495
2746
2125
3655
9810
380
628
3812
5676
3848
2670
1845
1375
4730
1399
237354
1910
1688
1486
21334
3487
10810
8764
2903
608
5299
10502
1872
448
416
14343
658
140
2221
200983
2256
3476
1020
1155
459
2406
3775
560
3538
4580
3045
384
2973
472
1968
403
3503
3270
3365
10868
491
3774
3673
2297
2508
524
3278
520
134
140
178
362
583
283
317
330
385
353
3513
7611
7723
611
4167
1948
460
6931
176805
1056
5032
5494
3871
9152
877
5488
2913
658
5589
35827
7709
633
710
349
130
413
1188
6741
3185
145
3224
253
835
7752
392
410
503
515
10884
13288
517
520
2396
1802
737
2888
1201
6282
1568
185
3446
1076
8412
666
3082
9087
1795
505
2398
435
3342
6094
1041
172
3278
3412
277
7719
3629
3295
874
314
3511
543
3354
1682
484
4770
4175
3601
184
1436
1613
199
615
3267
197182
460
14326
508
502
505
597
1490
4051
38216
3456
308
220
9636
6579
18735
15827
314
938
4149
532
6485
744
1754
10323
9568
724
1820
594
210
591
445
453
473
588
3372
2486
2488
2488
460
845
459
483
17030
402
627
8326
605
575
398
399
701
759
824
899
396
404
414
977
1767
1140
3370
1599
294
3662
1227
1978
1232
4293
162
2010
51857
2735
478
8831
307
315
311
152
186
196
507
23619
457
412
3118
4786
8056
2165
787
464
3472
3489
337
1289
5322
3707
3713
594
3751
361
151
246
2404
277
4178
394
1944
3233
1090
3317
4488
1569
1604
1916
5440
4137
2927
2387
7735
6124
3517
383
13701
2912
170
3089
229
6739
391
1050
758
3520
229
320
5350
346
1434
436
420
470
533
690
17115
639
1099
580
853
2101
3115
1043
196
356
359
350
4876
493
495
503
626
678
862
1796
468
7041
1583
2214
1077
2082
586
3398
2492
860
2567
679
3273
61002
1840
906
9198
2069
9281
489
3146
4438
1030
2020
3512
541
272
3823
3714
9638
2505
378
664
373
14325
2708
4180
379
238
315
226
602
396
3887
4543
391
3283
3251
3397
601
148
4857
138
3445
2651
229
50656
6017
168
359
361
230
907
1494
25483
1408
644
561
1530
534
88
71479
4610
170
3692
711
220
611
285
14102
6609
2416
400
449
239
2525
394
1588
269975
6990
7145
197
1127
302
1897
435
1959
444
2388
3479
10333
1957
3662
11385
257
250
3193
4789
188
246
191
240
761
271911
757
1313
3590
359
5260
306
4304
599
4504
1550
573
697
557
10885
262
376
224
558
505
1071
672
679
1402
149911
8263
178
214
215
472
475
544
211
212
1162
223
434
312
282
2070
272968
535
282
286
190
314
220
199
384
146
148
154
177
1823
4882
14923
262
2218
305
7414
182857
614
1284
1520
1587
641
461
2697
3711
3235
390
2230
2372
487
3556
452
4747
3421
388
189
136
3208
228
243
3250
268
3483
220
230
430
2444
686
3359
597
777
3938
4878
5751
336
338
463
2961
607
2477
1312
712
1652
472
4706
372
1011
355
280
341
441
5220
339
340
578
3722
890
9585
1172
3316
645
4620
275392
101
102
154
288
11034
361
320
520
206890
3314
127
177
609
249
644
340
1346
386
4060
1514
563
378
802
1840
638
401
403
1031
875
2269
2073
5682
381
3692
404
461
996
512
2936
317
345
635
642
449
509
1015
335
681
1232
1545
505
1838
3144
381
559
742
1420
644
391
3374
1407
1674
242
1774
3661
329
331
433
2031
562
280
296
1115
691
549
947
11473
1769
378
408
478
168
627
191
385
209
489
497
514
674
186
940
149
808
793
146
927
148
974
352
260
1037
1764
1160
376
408
2364
748
4041
261
261
263
5281
2435
27111
1029
337
256650
139
1275
429
451
509
332
600
3857
417
743
186
810
292
1529
1513
851
2539
580
96
3559
1001
3387
436
664
449
1411
459
460
587
462
3226
546
574
608
3381
125
93
451
131
1776
910
196
1776
213
1139
4020
461
264
1101
5137
200268
1913
145
183
187
254
281
303
2942
366
231
394
258
3437
154
1779
3459
2672
691
1222
839
3838
130
91
597
3101
128
518
316
172
311
227
229
328
929
2316
538
761
916
3506
1641
1050
510
169
173
174
186
186
512
235
352
3306
377
464
4844
206
1779
5735
630
471
343
469
490
537
255
665
2205
999
642
410
824
920
1064
1610
583
1755
1340
3233
726
807
1738
5964
2452
3766
1261
3583
354
1226
144
188
196
252
175
638
9702
480
490
511
429
547
453
42495
800
835
453
3505
3598
228
2519
384
152
2734
5451
319
1236
45
1266
154
914
485
81
219
1329
292
1051
363
4254
450
451
452
1653
111
592
796
607
754
1982
2056
309
357
400
2195
400
5076
282
289
289
2086
718
722
1249
2568
732
504
534
815
712
3833
988
4688
396
5365
232
300
285
2231
840
177
3457
1830
326
431
3399
1779
530
1809
3666
1958
6757
8971
519
84
616
501
1063
376
449
451
445
4728
162
898
3657
3266
5402
1163
205
259
261
314
315
317
330
331
339
174
394
521
236
612
748
781
215
284
145
2182
3682
123
192
184
1395
1283
327
1507
387
1963
5330
1089
353
2329
474
1545
2448
1542
930
553
3004
2405
216053
419
209
448
482
507
508
595
200
648
251
676
678
495
742
749
169
367
887
963
572
227
1168
459
206
1344
471
1815
484
595
137
4723
374
1619
408
1757
328
344
366
1927
269
1934
1955
1591
2029
2044
446
2200
500
2499
583
818
2332
889
973
518
1481
56
417
302514
339
352
3370
363
9091
469
3377
1783
3582
3649
3235
4002
3255
402
669
3751
3475
3797
3389
433
3957
4156
501
427
428
4339
797
1032
4454
351
233
516
3093
320
328
154
357
135
607
273
285
282
446
453
3655
569
1874
1900
2633
834
233
9318
355
2367
372
6262
252
1561
4843
386
62
194
461
1619
131
1269
393
248
249
253
256
265
272
463
359
516
2188
924
954
1412
60
1525
92
11406
1672
271
268
1888
211
2334
303
2260
241
277
2510
2845
1477
2885
974
1389
675
405
411
429
433
435
517
397
505
3477
530
3496
3436
3475
426
665
325
844
795
972
982
96
263
271
496
519
100
191
1479
1092
460
6354
1718
1729
1804
427
325
1678
508
150
1503
1316
447
208
319
530
235167
1595
654
324
330
961
638
2002
481
1856
442
574
597
248963
900
483
739
2373
506
854
3070
624
627
316
1785
3362
1317
773
141806
3404
404
2391
500
1822
2472
2667
4016
3135
302
420
3909
3938
604
674
823
1276
4911
191
1435
1341
107
1163
255
895
594
1653
885
606
2121
359
629
693
514
188
2724
824
587
8908
9269
1151
741
376
377
846
1841
469
4739
314
424
604
1581
1883
3247
316098
495
698
698
2251
438
622
488
6394
640
2448
17735
523
3828
217
685
313
374
389
431
6692
207
460
3761
4469
1922
1661
68
490
121
162
587
267
211
1649
837
917
236
179
373
376
379
569
481
4183
357
701
706
362
729
5062
1987
405
3521
653
3330
671
5571
6166
732
469
825
6184
211
2026
141
353
982
212
495
195
369
307
1245
1196
617
406
271
922
318
349
2637
261
391
483
435
439
548
565
1553
804
603
6761
3676
10137
2466
1294
151
1276
235
381
304
325
2587
418
1712
656
650
703
1848
742
1926
1050
1730
202
232
235
3210
2160
215
238
256
2594
2509
307
347
3461
530
374
290
408
412
509
4247
1915
4060
852
233
380
2036
817
875
91
1194
190
199
4446
1395
276
297
300
316
3465
426
447
1743
571
587
564
707
601
217
707
787
888
1332
175
412
310
940
233
181
319
769
1849
418
499
510
543
224
332
338
343
345
368
964
477
513
5728
578
352
5846
536
621
316
2687
900
274
195
1846
1077
702
685
343
492
3064
7393
450
74
383
173
179
1314
302
359
379
380
6376
740
14452
3283
3396
2550
3610
928
3600
253507
2330
17083
780
3637
384
385
386
387
6627
407
414
4338
255
448
769
659
153
155
233
862
420
682
907
954
1568
2311
1617
1918
1514
411
706
5289
1953
808
3166
887
1024
371
192
198
3575
831
341
627
666
2128
520
209
559
513
2876
3962
183
796
647
343
509
1810
273
2138
499
583
912
6444
5075
512
1087
2715
959
387
212
2825
336
126
168
258
543
1428
1932
2228
222
173
365
366
3612
228
333
4244
1609
709
360
475
408
164
421
313
442
1752
1676
3804
7674
265
1526
878
4125
571
480
898
241
437
1696
477
4637
1681
295
2273
219
350
356
2376
1119
152
306
156
111
630
396
98
424
3163
549
660
665
3438
917
7257
206
208
7533
385
1572
253
756
391
397
186
192
201
207
233
359
694
372
358
3654
807
811
238
3365
402
684
536
792
618
705
789
799
807
268
366
235
636
652
312
669
3367
396
405
769
784
787
1001
326
341
1668
405
508
376
540
1875
1977
802
647
1484
834
916
1497
372
375
177
178
339
308
315
666
772
11489
2360
306
2417
209
865
590
279
316
839
290
342
164
379
3362
3164
678
1742
212
825
2278
156
158
4464
98
314
180
430
137351
1904
169
228
199
260
250
868
369
458
789
1111
475
535
28919
241
323
876
202
460
185
863
1267
402
717
282
392
382
461
424
1129
650
909
220
558
577
325
740
382
772
342
885
196
401
253
353
543
30077
148
152
152
410
435
2440
275
3352
321
434
253
254
1575
40
32
680
1240
664
645
4545
4047
147
653
1207
363
195
1137
773
332
310
2981
533
864
5359
302
368
477
288
279
366
374
579
458
469
770
792
497
432
134
633
877
438
442
566
595
370
606
487
584
618
3108
721
738
886
603
782
975
756
1107
2193
204
1568
290
195
195
212
213
290
323
1834
713
517
529
593
611
639
536
682
812
2989
1376
1547
3743
322
565
3452
233
202
205
2834
834
623
395
451
138
360
592
109
492
383
642
597
630
497
515
398
399
400
721
527
760
1031
1243
1182
436
765
145
228
245
1395
347
133
179
180
467
2099
178
179
180
217
168
3410
3406
233
385
261
262
265
464
786
202
687
1025
354
314
1052
269
219
221
650
286
345
710
326
540
256
542
164
223
228
354
429
1700
381
205
138
143
144
300
297
302
783
211
1111
845
388
1134
341
266
487
789
290
661
1019
197
217
261
269
296
334
393
491
653
896
703
404
465
927
217
1370
488
1485
351
353
362
504
647
197
109
945
177
139
201
326
1642
401
222
288
229
589
621
216
496
2077
412
412
530
535
665
735
682
875
1007
527
300
1022
1095
403
405
1110
487
491
798
141
776
577
253
260
262
183
236
184
371
706
181
478
670
271
376
485
475
2636
520
588
592
728
732
1681
853
1362
486
1065
795
342
351
473
523
526
535
399
408
630
638
638
719
962
524
1520
539
553
775
1663
743
756
913
1913
1933
2214
470
657
373
3208
3455
505
634
3807
1743
385
405
1132
467
671
1202
1425
872
2062
240
209
354
356
1341
384
385
320
726
366
621
160
244
247
23625
48
730
239
3759
315
345
374
549
560
12101
408
653
358
678
332
272
736
315
609
541
1228
292
180
233
300
224
821
303
304
372
424
1213
675
512
363
483
148
225
226
233
234
235
238
254
256
258
269
274
276
280
293
294
304
304
305
363
365
391
270
723
271
2391
1273
1316
1333
2487
478
1528
1555
1590
1673
1681
1974
1704
1715
1765
1805
162
1896
2018
3233
275
2264
387
452
2944
128
2640
639
65
2699
304
1582
2978
3081
3134
3172
3190
3201
3226
3249
3269
3290
3339
3344
3389
498
3465
525
3496
3505
3698
3802
880
1986
401
1045
4057
4082
1166
519
1292
173
389
390
392
401
273
175
175
179
4468
372
244
4522
1350
336
441
4645
454
139
161
280
200
205
213
215
216
220
227
890
268
241
957
2033
690
435
200
1183
369
144
857
208
4417
1541
365
366
370
373
389
393
394
395
412
547
356
715
803
280
302
1306
886
376
570
1017
484
323
284
206
488
489
1541
1558
2289
1891
1236
2823
1073
1897
486
5268
862
1690
2423
468
1505
1507
3058
636
272
359
444
446
623
1828
397
885
391
854
384
518
841
702
708
1187
643
1221
504
509
192
179
260
266
503
513
1095
1349
162
162
167
186
199
202
203
291
319
325
352
354
367
376
381
383
605
411
521
566
587
608
614
557
662
736
1992
236
1014
171
2272
457
424
1449
1462
1582
271
1550
1662
1267
1707
1759
1772
1745
601
1927
311
448
1965
376
22048
2314
394
691
364
279
310
960
644
738
513
917
3395
615
364
407
3774
1859
466
298
1378
256
215
313
2076
777
654
1749
5217
619
9841
238
379
5605
150
152
214
219
224
373
507
547
631
6141
513
1578
374
406
256
257
260
208
765
3228
2705
342
295
193
218
366
496
772
881
1447
315
369
1369
263
375
312
912
549
25989
574
257
474
181
405
7610
401
512
26595
376
137
181
485
279
473
509
549
444
2828
389
1014
1302
384
389
349
355
359
206
906
121
122
304
1094
251
765
348
724
639
653
295
320
251
201
326
399
2411
507
835
17100
370
361
993
3552
290
903
346
615
632
5215
384
386
388
426
392
520
657
1218
831
473
660
508
330
10476
503
172
453
455
346
702
454
471
862
490
510
357
239
751
293
181
361
308
628
704
356
364
378998
343
170
872
346
399
553
1594
832
820
538
1015
1028
768
262
172
1247
1209
424
188
317
302
422
769
1817
23
23
170
132
184
200
348
375
716
168
196
200
219
226
733
242
245
246
249
261
262
264
264
275
374
404
428
437
455
467
474
509
510
527
551
589
607
643
867
870
875
665
1114
1155
264
1208
123
198
197
110
106
107
108
334
395
273
900
600
583
557
244
247
699
357
343
340
464
457
572
576
793
1080
1080
464
1573
223
303
576
614
259
262
274
343
357
362
445
360
130
133
1665
176
540
214
756
197
584
198
112
308
764
547
379
1808
379
508
886
631
425
251
434
440
516
472
225
356
676
218
223
317
754
592
227
1089
446
447
455
456
458
463
479
472
628
634
833
661
843
1073
1092
1131
291
438
151
221
279
230
121
247
161
308
946
396
258
259
264
266
507
339
407
422
438
441
463
1795
499
525
837
816
335
997
581
245
236
284
245
255
524
351
427
263
310
594
202
636
349
276
919
448
450
219
428
722
248
276
303
327
1112
166
769
923
1047
358
488
491
496
607
256
716
561
1008
533
1225
459
748
325
328
332
333
440
45
23
26
641
444
772
798
882
891
346
455
797
601
346
753
759
1230
1044
179
227
307
196
211
295
299
334
235
448
564
479
412
138
448
2356
123
132
134
183
251
257
261
708
385
370
255
357
449
628
309
129
186
446
1494
1505
202
204
251
512
594
54
22
187
191
251
2226
98
99
357
147
238
248
496
209
215
726
251
358
960
431
496
345
595
713
415
310
505
376
378
267
530
902
442
214
647
610
352
1173
620
1503
1477
347
359
360
363
379
382
387
388
471
491
497
603
609
625
713
737
847
866
582
1028
1245
358
384
504
513
595
604
620
715
727
739
856
876
1015
523
457
347
1405
1433
265
468
146
286
172
702
445
319
789
447
323
325
332
649
259
217
952
347
311
213
128
132
180
220
258
174
621
280
342
582
423
250
259
344
519
532
612
1130
1062
129
317
939
335
1440
661
283
265
294
108
109
111
174
149
465
200
352
791
1373
967
168
285
733
131
138
185
197
181
220
232
265
297
393
417
497
521
668
329
772
256
167
124
262
463
331
538
201
212
172
335
351
182
223
229
237
137
257
214
354
584
613
710
835
354
418
202
202
842
330
377
838
460
1073
271
715
377
809
211
350
376
472
313
1071
1086
194
357
482
458
600
464
733
265
445
106
46
49
50
63
79
92
96
100
101
118
184
250
307
352
304
823
841
235
310
292
137
202
176
235
406
784
939
411
360
750
419
482
296
133
134
179
219
243
310
327
214
670
124
128
133
139
144
172
175
183
415
353
837
448
1134
253
187
188
333
349
351
339
316
442
617
1013
456
805
298
141
151
164
166
167
169
182
306
268
300
340
351
360
407
428
453
531
565
578
594
360
373
379
447
546
554
170
406
586
1609
1174
85
449
60
416
561
312
328
248
525
697
216
42
75
77
80
107
122
126
132
137
147
148
153
154
168
181
192
208
400
214
236
243
253
308
331
452
389
408
443
458
622
668
1583
472
1340
1421
1426
1447
1460
1473
257
1852
197
344
348
152
124
632
2084
124
130
172
356
378
387
356
503
506
648
284
285
579
616
960
180
568
132
176
479
562
577
589
2245
2248
4362
711
741
879
4613
990
2761
1166
523
316
727
417
421
2153
305
317
328
334
338
418
441
459
553
331
635
741
792
872
907
3236
3494
1168
3551
1221
758
237
240
3412
375
403
406
3555
247
523
274
650
188
262
321
327
563
333
576
245
156
167
379
229
512
157
294
428
525
367
610
200
183
396
137
531
436
87
256
47
48
58
59
68
266
162
215
244
323
343
690
402
743
655
485
514
835
413
1037
821
1323
1385
44
1574
23
2699
1324
195
115
126
164
166
244
273
226
552
53
287
41
58
306
232
344
176
695
1067
668
390
728
2251
386
361
785
867
704
616
420
425
432
1299
582
1398
690
921
1097
389
334
438
520
233
146
372
655
1182
282
418
169
358
216
3165
216
109
393
75
126
603
214
132
135
137
141
143
183
238
274
533
841
475
480
1121
151
381
198
357
119
121
298
345
320
166
119
133
152
212
218
271
282
754
890
1050
1127
403
1105
357
561
840
733
515
631
287
309
154
79
112
53
384
121
520
340
662
634
674
422
192
889
978
652
325
334
338
348
350
354
361
467
494
470
626
639
762
975
412
1327
556
1915
1766
1311
723
3609
2332
632
387
265
359
455
2806
320
902
31
23
2662
276
151
3346
3298
177
178
178
224
286
355
22
448
129
1395
179
595
593
635
753
310
383
277
414
151
293
765
771
474
330
370
377
453
849
1208
322
336
520
555
158
667
348
151
773
975
205
280
366
393
495
1374
1730
706
115
635
1248
256
1876
252
253
1799
1696
412
413
417
539
470
201
544
555
700
351
870
875
927
571
1524
3141
311
320
322
323
338
344
1366
433
453
1063
553
558
586
656
687
355
784
736
490
881
1230
877
380
1284
1353
217
218
219
458
288
426
3055
278
199
3687
344
862
37
32
64
287
353
514
531
725
250
359
176
557
276
281
200
549
540
308
721
802
808
320
1069
331
772
275
919
406
297
830
629
870
401
460
1697
234
235
236
250
2431
341
422
436
344
2007
2015
487
612
633
276
447
454
388
417
618
540
595
745
749
777
721
2706
74
558
61
774
34
53
1224
359
363
1474
523
280
154
177
219
261
385
672
504
170
342
345
167
466
293
185
3784
463
555
312
412
478
131
274
336
362
479
486
411
446
310
312
355
1019
667
464
465
577
586
609
734
493
948
391
1099
288
367
508
247
248
260
515
723
358
234
400
512
492
341
287
225
303
309
427
577
772
650
366
753
694
618
1089
218
212
242
764
469
192
1132
184
450
479
923
665
254
257
721
829
840
862
871
882
1449
442
865
1832
270
531
445
465
264
701
436
467
347
347
355
357
363
373
379
382
382
384
527
563
593
760
764
837
344
345
347
356
951
1000
465
545
644
1227
388
212
355
1499
288
2426
332
34
797
30
583
84
93
707
1736
642
304
308
319
428
513
1838
52
997
1532
754
500
411
1671
1035
402
281
289
387
505
800
838
365
374
378
378
380
381
259
398
399
410
427
429
504
341
539
541
548
552
560
567
582
659
699
720
725
267
271
274
359
393
443
504
512
630
542
1106
1608
603
1653
196
1716
1718
1744
714
111
113
115
116
150
1344
2014
489
1662
1940
2496
2505
2185
2180
2298
751
3194
277
547
381
1313
5548
297
217
586
883
305
807
349
246
129
110
126
127
129
133
198
2113
336
398
546
503
243
354
453
250
1171
1177
1299
431
587
102
110
327
532
222
267
230
385
909
944
493
3100
469
1821
452
415
277
1154
364
319
217
607
221
781
384
729
153
305
790
848
1368
1261
209
127
315
95
129
561
418
261
630
112
730
1706
198
203
216
235
237
269
399
420
431
440
444
560
585
622
634
451
135
452
329
340
1556
1182
1001
322
422
1440
329
501
503
527
444
355
691
1060
718
906
1172
351
1021
2681
315
350
358
356
466
742
368
843
284
287
306
400
666
587
582
400
1469
406
953
1366
561
1320
782
1415
843
478
495
516
278
788
477
268
492
380
467
790
606
293
1018
426
208
469
496
646
656
821
871
897
752
1207
1152
765
1110
386
363
1656
652
1848
940
951
1304
103782
1281
1303
380
362
386
392
405
520
594
758
892
646
1012
983
1118
1465
746
2444
308
284
201
221
234
292
313
437
2581
696
955
967
1020
608
919
1077
536
1235
1445
304
309
310
483
507
515
5072
1984
892
2631
746
443
279
362
378
382
3152
465
486
499
569
674
898
970
972
1083
1080
375
706
528
307
444
22
82
580
447
448
467
296
149
397
522
1837
706
257
453
644
628
415
62
35
49
69
117
127
134
610
498
216
218
219
226
380
229
310
301
361
346
359
272
435
528
561
542
547
576
653
657
346
701
725
957
824
859
877
908
922
956
979
294
379
385
1249
1275
361
681
884
775
599
1961
745
500
380
1253
380
2645
379
387
2762
99
929
951
84
618
619
629
650
674
445
768
1050
903
911
241
825
489
940
223
140
241
320
346
370
260
483
177
253
360
143
156
177
201
213
227
262
274
393
412
380
878
413
273
215
758
211
993
467
382
413
315
541
626
159
165
415
839
485
322
127
377
270
130
269
416
429
815
580
598
704
392
853
868
1061
1160
502
2486
364
305
144
157
191
200
210
240
290
293
295
442
1125
998
559
1458
866
455
131
358
177
446
217
639
31
26
29
601
363
108
722
353
453
362
371
600
274
279
625
650
743
596
773
776
904
856
464
643
1260
1609
546
105
106
115
151
265
334
390
198
38
28
142
453
826
270
270
306
356
368
394
477
492
503
509
511
377
381
386
401
510
512
700
532
548
616
636
664
756
892
1165
1761
2012
940
404
304
205
205
444
1334
261
426
428
29
215
673
1130
615
1066
298
294
515
345
315
313
353
357
358
135
151
293
272
818
357
532
824
427
432
266
476
686
790
715
1379
61
35
255
2229
224
239
296
408
477
304
145
145
150
1061
268
214
992
1440
324
203
668
117
310
129
349
322
359
204
212
283
356
590
656
237
123
378
1536
734
1292
511
102172
836
579
351
343
350
707
576
458
707
819
822
262
264
375
475
352
596
261
126
129
158
457
270
267
467
376
276
307
468
284
289
544
551
305
383
389
653
746
682
888
849
1056
352
360
362
364
476
493
502
733
841
1014
95
154
162
368
1557
458
340
922
1192
152
155
194
634
471
571
375
168
129
166
459
216
895
411
346
564
201
34
31
32
352
81
137
143
234
239
260
230
302
341
471
716
356
357
345
595
129
278
199
357
635
354
595
599
501
550
347
411
278
283
291
955
334
455
511
527
270
597
642
456
831
295
262
267
579
271
148
386
139
576
194
219
407
477
796
850
1127
210
1179
495
981
2162
197
614
263
730
194
352
313
404
285
296
840
357
938
3470
313
270
591
455
456
458
596
611
750
48
1505
22
601
1914
372
444
536
359
124
170
455
128
129
130
176
223
236
239
275
354
542
471
475
86
24
818
710
55
93
655
239
493
319
243
319
703
347
354
356
854
1174
1532
198
112
116
235
536
352
356
273
415
410
409
828
196
751
217
1095
282
239
445
573
523
741
346
750
411
485
361
364
365
369
376
463
481
502
722
615
616
840
849
1175
351
287
562
401
160
163
1132
651
389
625
629
636
645
654
914
520
676
1650
1828
824
3598
1027
2558
930
1182
4574
131
176
183
187
217
270
725
3860
1353
440
443
4376
265
4404
285
684
590
794
3417
1156
1639
471
468
815
267
271
441
461
301
308
308
322
402
391
501
510
524
526
233
502
863
283
287
928
378
501
510
585
567
1454
869
3406
943
272
273
276
277
305
306
308
370
391
585
597
634
661
667
872
501
1085
337
477
4375
1042
1093
202
1187
1338
107
35
45
47
115
154
4584
844
124
58
175
354
467
819
264
800
423
576
370
499
340
650
531
624
708
731
297
379
460
52
51
392
409
188
715
748
340
361
1739
711
335
269
1165
333
203
335
1221
1359
383
554
379
18635
902
346
1455
324
925
184
249
557
466
348
349
1106
480
587
591
840
850
252
23
36
185
432
337
555
385
303
262
229
636
191
723
810
308
390
314
315
317
331
332
437
520
449
529
819
525
547
656
621
774
787
353
581
247
589
1288
247
422
259
347
325
192
377
203
278
602
709
840
313
176
260
223
357
367
423
427
231
258
957
133
270
407
537
307
322
719
433
263
131
134
174
626
420
212
125
131
227
230
361
469
606
371
623
466
423
347
348
352
355
359
174
475
648
591
597
555
552
218
25
972
1070
441
1148
414
347
845
464
470
955
347
203
206
207
212
353
367
427
217
191
941
1070
676
308
390
402
402
419
501
506
512
588
469
248
122
169
124
332
124
583
348
270
468
622
450
634
23
28
39
455
413
211
495
501
576
812
32
115
716
414
347
287
588
589
409
521
288
406
628
388
489
408
287
286
244
386
170
336
347
349
349
414
422
217
608
823
1919
219
512
641
825
535
879
465
167
125
272
346
533
354
362
456
175
809
755
223
687
471
222
308
311
307
412
1796
3420
2540
820
281
124
170
475
583
951
343
354
347
262
353
357
671
329
273
1204
286
519
613
661
448
1399
734
481
415
351
729
825
318
1218
964
451
560
713
262
351
193
999
454
535
262
897
354
206
534
535
409
311
304
305
218
475
285
517
1208
717
175
916
169
1126
203
561
1682
860
907
474
1249
472
528
262
823
267
1188
513
533
412
264
617
353
539
547
423
322
346
337
408
411
508
578
482
1184
174
212
277
216
411
492
502
462
552
477
284
287
383
591
1278
344
205
207
488
796
134
130
213
333
432
425
514
478
631
707
623
310
358
364
580
474
609
587
598
604
607
877
555
955
311
592
829
124
594
226
267
357
372
244
545
295
670
648
98
113
131
132
691
134
340
194
225
245
267
279
283
289
336
367
387
459
559
315
456
1193
178
262
170
334
438
455
341
1101
281
266
217
174
354
637
224
878
364
584
346
723
130
271
407
481
409
583
213
125
347
476
280
180
311
191
271
278
284
352
317
446
285
1334
312
330
346
441
451
559
596
185
2059
143
151
841
906
1014
1055
1119
1233
2646
804
335
957
197
1909
413
482
129
527
246
145
321
323
317
343
347
473
460
861
875
928
1294
950
794
1595
407
745
442
1075
1120
1364
718
844
463
547
1145
416
469
264
343
251
362
449
131
942
456
130
131
217
304
420
348
527
464
595
703
345
309
124
408
415
418
525
739
746
1107
1177
348
422
543
623
630
653
834
56
80
368
838
215
2872
130
452
143
144
145
146
148
197
199
251
689
577
823
900
172
129
879
593
731
306
304
829
424
514
522
1186
129
169
289
209
724
606
548
746
856
170
353
355
360
362
168
603
1718
2233
1046
308
3455
464
501
384
466
207
236
245
291
315
593
363
603
436
541
566
567
595
655
739
813
736
284
344
540
390
193
264
265
270
274
695
434
444
289
806
291
1157
478
266
274
275
284
285
392
459
502
504
513
517
658
699
709
723
856
199
268
352
505
320
636
310
470
186
531
423
668
288
494
699
344
769
457
910
753
276
360
324
328
509
237
180
243
131
195
375
374
342
595
533
985
446
365
318
251
372
439
580
593
1010
240
144
214
609
217
217
716
742
683
408
1052
309
207
198
599
650
396
438
679
331
441
573
450
874
161
454
380
1579
261
463
423
316
426
550
270
733
652
305
1040
308
439
393
293
296
309
757
411
415
488
526
1064
1138
291
499
709
63
113
214
162
417
245
245
306
406
251
421
631
293
157
166
167
186
329
352
398
421
575
185
601
89
268
200
202
206
268
357
367
440
140
491
134
360
209
271
277
168
453
85
230
68
200
383
138
734
290
394
435
134
659
129
270
559
497
598
299
863
186
991
164
84
383
800
1682
1617
501
382
447
677
921
934
387
445
481
220
294
298
329
423
1292
1581
1810
714
593
601
497
361
361
269
278
500
366
464
543
746
937
69
83
146
159
193
262
469
585
292
235
153
159
707
265
597
273
280
270
445
460
723
730
963
1227
386
306
444
474
508
574
811
1387
515
358
475
429
431
562
718
694
723
734
735
1638
497
694
361
336
1448
449
799
758
813
676
703
776
505
606
485
291
375
376
396
524
1094
600
860
450
123
1294
179
1475
366
1766
341
342
343
348
323
983
205
605
316
244
2230
243
794
3130
348
353
272
590
390
568
435
356
318
531
394
801
562
314
576
971
354
355
549
597
607
993
1144
901
466
152
171
219
297
630
396
481
70025
354
362
473
481
454
403
1053
690
240
323
2986
346
197
199
1256
295
296
752
355
474
714
478
1237
18215
328
361
304
554
732
782
309
313
413
445
783
463
827
526
2449
752
408
353
346
587
273
277
283
352
370
380
466
125
656
563
172
864
251
259
1074
542
744
814
1361
275
125
271
263
360
449
629
898
291
296
3845
394
396
403
493
383
703
363
1083
170
123
124
126
135
136
137
139
142
182
203
228
244
279
360
443
611
707
346
785
562
125
170
386
397
286
287
280
280
516
306
457
316
324
330
336
351
457
541
665
762
902
991
1122
303
586
358
370
462
468
469
477
501
515
636
642
885
1169
1129
1229
1248
586
187
126
415
342
691
555
1120
1134
1573
467
346
124
125
137
728
230
353
364
430
514
208
346
351
482
167
622
308
573
706
283
475
1195
522
422
512
310
312
253
255
255
258
750
829
246
248
537
476
146
834
321
208
277
337
477
191
465
172
111
149
698
448
550
322
330
331
342
342
736
346
469
871
536
545
546
570
578
662
618
627
786
1210
145
156
159
160
169
219
227
231
234
243
327
336
673
559
1189
499
248
615
1868
381
2165
270
2330
2073
504
542
583
315
543
415
2418
977
110
26
58
327
111
433
534
682
837
329
330
337
340
346
356
988
1036
491
541
1186
663
679
690
705
711
787
795
1357
818
927
1442
903
1040
560
603
405
407
1816
378
542
552
1633
1691
363
684
301
317
860
350
359
370
1069
406
480
1206
1210
1574
243
195
1621
202
2410
361
571
368
373
476
484
545
602
643
676
679
679
730
795
805
879
887
911
387
434
205
361
450
695
373
476
507
573
454
608
611
452
163
209
795
347
271
496
389
381
522
998
276
308
312
388
448
567
650
716
741
317
855
162
245
642
755
492
930
161
167
181
228
228
241
706
329
383
356
437
2058
478
579
805
468
471
479
1386
352
150
594
627
745
182
1223
928
1685
1276
705
1481
1767
381
217
448
494
3105
83
120
214
172
359
158
185
244
277
318
323
375
416
387
659
785
1117
640
174
217
523
552
351
561
336
851
304
569
1039
799
211
833
295
366
399
380
853
852
456
240
405
628
416
672
929
370
562
337
461
699
256
193
198
214
214
217
218
230
241
289
292
313
325
329
333
353
405
556
679
1380
1417
1498
1569
1593
1704
1762
1780
1805
1893
1912
164
2158
357
2209
2345
2576
753
3047
3174
3480
211
1720
347
416
428
405
156
162
164
165
214
569
579
5051
1266
1058
1636
719
410
3156
743
331
3475
478
358
361
367
370
584
601
729
883
1235
584
514
302
174
175
246
346
355
1639
178
387
306
318
419
426
315
187
45865
127
709
347
258
167
708
815
32
45
135
47
26
47
464
702
828
364
171
485
220
360
314
661
359
477
461
465
955
308
586
353
354
467
227
166
413
407
572
576
264
114
1052
365
563
904
357
362
368
498
603
621
734
777
554
607
357
353
1239
344
176
360
676
619
142
145
395
124
169
214
237
285
311
314
562
832
718
352
199
203
223
165
134
332
194
143
151
158
192
194
265
304
412
484
832
1156
468
142
955
353
359
365
482
588
591
864
308
988
315
1212
1238
936
347
512
347
634
389
515
532
557
1107
784
795
991
1173
1275
727
1462
1627
1853
1398
232
223
139
142
144
202
226
249
285
545
865
374
505
596
603
604
624
1100
1112
1290
442
438
96
95
771
244
519
565
424
902
470
196
264
196
664
485
73
54
694
144
509
673
707
515
44
345
45
587
514
196
115
131
133
182
194
287
1126
457
1033
638
946
2089
147
146
163
206
221
235
52
398
73
415
108
160
584
1355
516
520
417
175
3832
544
324
520
305
410
841
211
100
108
111
267
281
444
492
634
585
346
341
380
582
1399
839
843
555
718
1007
740
422
199
306
52
521
67
740
312
66
82
331
332
332
336
546
747
351
292
327
459
1008
552
601
430
75
65
141
157
205
279
335
364
836
1051
278
218
466
373
376
459
468
484
581
590
637
400
401
827
878
1109
1250
208
216
281
358
490
600
561
342
440
451
383
683
1045
1058
623
931
448
1062
1722
717
345
346
712
450
461
494
517
637
317
255
258
258
336
1142
776
274
867
314
315
316
322
404
338
758
543
1957
1313
863
305
886
571
736
708
222
231
233
811
400
417
435
649
583
638
646
1105
1041
595
333
558
566
423
317
318
322
329
61
436
441
45
48
538
544
784
4115
920
228
701
297
308
381
606
701
369
801
872
601
954
276
278
279
340
331
418
428
203
1091
585
206
209
424
633
62
343
35
39
42
234
336
327
417
1025
948
750
782
561
444
414
347
389
480
435
479
516
187
796
1095
174
392
366
2109
1080
145
213
218
347
356
164
367
219
287
333
149
1505
498
3111
3142
305
282
410
211
212
214
300
438
604
2824
316
312
625
3415
192
205
640
426
308
150
216
543
293
342
359
377
406
460
540
395
809
369
668
202
202
622
202
313
583
349
398
537
836
877
521
547
509
211
212
214
298
275
277
310
292
1841
1850
1958
525
2043
678
784
575
257
211
439
376
733
3203
365
590
267
239
668
366
634
203
224
230
236
388
653
385
424
425
717
728
1189
926
828
757
948
348
909
918
198
201
342
65390
455
410
340
936
817
461
748
321
416
546
644
532
759
859
947
575
1635
342
724
446
406
411
620
342
202
509
565
202
210
352
556
428
482
755
353
469
474
819
1047
272
251
275
285
255
260
346
432
507
593
793
515
1166
481
569
202
556
382
405
195
281
391
396
401
402
406
412
214
477
478
531
668
1223
168
1610
181
1798
454
204
227
240
244
249
250
265
267
283
286
316
316
341
350
762
365
374
375
386
412
437
492
307
321
423
524
530
532
536
944
775
1168
410
310
411
724
196
265
520
515
1199
250
202
647
201
274
275
935
557
410
618
203
354
624
521
303
306
322
326
418
434
441
459
460
515
523
529
556
672
681
748
772
859
888
1392
577
1132
342
206
276
697
557
206
512
729
411
246
265
271
330
336
366
427
459
528
626
681
867
341
573
580
668
348
350
445
486
584
804
806
818
932
1060
986
1205
1422
473
475
487
490
604
863
1158
460
376
389
393
399
143
207
514
526
321
639
669
505
1171
1231
1445
593
352
366
487
490
598
727
743
840
992
326
249
974
353
725
1113
584
191
329
195
946
254
268
478
1026
1230
442
551
303
241
150
256
441
463
547
647
857
663
605
346
350
465
328
353
363
876
334
960
997
1094
691
314
320
322
328
529
539
336
337
842
863
676
412
421
562
563
273
839
211
213
220
229
232
235
243
359
371
390
404
444
445
464
1154
483
557
572
749
596
594
170
128
394
203
203
278
198
313
124
125
408
553
271
202
1041
204
781
635
962
330
538
316
924
259
124
130
176
180
123
132
137
148
149
186
227
229
235
245
287
392
524
338
200
205
575
271
277
291
515
354
630
663
782
28
39
52
75
126
208
798
782
442
983
352
976
355
357
838
650
513
629
304
267
209
213
216
234
236
248
248
258
259
262
265
269
277
322
328
358
382
400
447
462
469
615
622
665
709
729
745
966
1042
1160
1260
1272
1750
2060
2070
441
332
408
324
332
340
343
349
350
377
412
466
944
554
571
575
594
614
632
639
668
674
678
682
696
745
754
788
804
867
917
1012
506
1043
1060
1133
1184
1209
572
214
260
618
304
955
928
462
574
476
403
128
309
129
213
225
263
948
103
30
724
409
1734
534
644
308
407
636
775
1278
266
199
200
408
340
125
196
303
204
124
198
200
456
577
513
310
415
618
734
404
337
377
381
382
385
388
645
442
511
446
556
938
349
775
827
464
646
410
517
123
128
132
225
225
681
780
382
350
205
313
217
243
303
553
384
644
556
794
604
761
556
1075
288
903
91
58
485
357
532
603
276
425
210
260
271
260
135
10842
392
129
906
170
387
291
293
383
389
399
491
509
523
376
699
347
821
209
210
701
283
379
475
412
586
350
701
517
522
315
658
144
421
203
450
1175
206
272
350
492
836
713
622
306
834
329
138
1435
377
311
412
332
289
418
288
292
329
956
639
695
304
308
321
420
425
433
263
518
627
752
756
766
357
631
1435
267
484
273
467
698
940
515
293
2781
550
125
167
384
290
422
689
252
254
300
123
218
407
308
309
321
336
437
544
545
597
570
659
734
756
1011
1059
1179
817
844
202
267
344
730
532
303
311
446
619
627
734
788
853
885
970
457
579
586
700
168
585
589
124
131
720
552
1076
346
215
216
276
279
413
427
624
1152
420
129
206
172
201
208
346
419
352
355
181
192
272
146
106
248
414
785
439
169
201
124
129
175
312
39
37
73
614
186
220
512
448
307
310
416
514
263
271
203
351
627
604
426
415
784
205
408
277
206
482
263
350
445
546
646
723
513
338
464
1175
1323
571
340
264
201
605
503
638
266
546
263
264
268
269
635
841
503
376
417
246
256
422
434
498
604
606
305
146
37
43
83
145
165
2202
106
107
114
190
29
30
31
36
2274
263
447
351
354
356
360
206
202
448
270
455
444
460
463
465
210
211
653
276
277
724
452
562
659
922
76
56
583
888
681
390
392
398
518
529
663
677
677
678
795
933
943
1042
1156
1224
1273
1476
1511
67
31
126
474
622
200
207
273
402
274
548
450
460
658
824
285
226
704
346
348
367
382
389
399
413
466
478
480
539
570
581
594
611
612
646
651
679
693
695
719
726
753
821
881
890
906
965
1047
1084
1137
1250
1334
1403
625
533
311
722
850
725
262
714
462
347
823
536
292
301
305
466
1228
493
514
526
534
572
641
341
1009
680
1216
816
447
627
438
341
565
575
779
816
939
945
1017
266
197
679
446
265
447
539
282
166
168
171
166
317
715
453
276
627
660
730
948
68
45
84
405
335
328
336
765
566
568
922
901
1361
713
274
364
373
558
723
728
1175
623
630
262
271
357
555
636
668
943
991
401
1038
376
407
1185
212
240
296
300
312
342
360
375
385
392
431
516
592
607
695
593
554
911
939
1128
1387
510
378
379
563
1007
292
295
665
494
584
607
419
908
915
226
292
367
383
96
40
49
64
655
689
449
262
169
129
197
263
199
334
268
351
356
470
321
186
555
328
189
441
1529
514
337
327
336
340
443
696
353
788
360
1091
953
412
168
987
125
126
138
140
142
143
150
153
173
239
241
260
288
315
385
451
333
28
319
68
334
320
327
537
781
792
796
755
763
41
92
101
111
118
127
134
147
154
212
234
271
336
337
346
367
380
385
403
506
656
763
249
247
1288
1412
706
1433
1454
1503
1514
1612
1711
1734
1737
1761
349
358
1779
365
366
486
1954
598
609
2118
824
842
459
3074
3124
457
460
355
265
223
169
240
905
698
476
575
1560
512
474
340
347
196
473
345
202
204
209
213
213
703
342
475
488
630
650
247
188
320
583
827
548
51
29
32
650
1143
807
342
345
365
462
584
593
298
1006
1074
1089
1127
147
230
464
196
214
274
287
336
344
423
477
28
37
91
115
141
577
696
227
457
459
974
675
809
413
1011
328
561
667
795
274
276
343
578
697
555
274
341
203
415
723
272
198
154
163
517
168
170
173
173
182
191
202
218
238
304
330
332
340
411
608
763
827
916
445
335
278
560
488
553
196
200
265
343
168
174
223
229
290
342
181
292
296
346
1044
125
167
444
404
169
288
193
113
402
295
614
926
649
911
354
206
530
466
428
623
651
647
172
130
1427
501
264
445
496
612
628
1341
466
1001
2433
286
166
533
264
834
1239
227
113
116
28
33
79
435
115
243
164
242
176
177
327
537
262
264
674
247
250
186
338
341
341
346
354
437
946
950
1075
1153
703
605
318
315
2664
59
184
184
265
271
314
448
595
687
462
353
356
582
713
1548
167
309
186
574
535
168
263
268
464
259
542
720
940
346
350
468
552
456
349
566
584
584
822
926
282
291
411
248
199
853
580
785
421
502
112
136
140
155
161
162
164
180
205
217
298
340
383
553
567
723
793
183
185
187
252
339
542
202
639
311
709
144
226
352
294
421
305
603
271
275
359
444
263
537
363
458
533
553
912
118
119
439
554
249
188
213
258
40
31
57
441
125
337
554
680
694
795
1026
155
374
111
275
328
328
556
249
125
124
185
666
1026
200
777
198
330
636
669
582
349
248
194
255
264
314
386
528
1058
332
799
889
782
328
562
382
207
257
263
265
277
336
340
345
393
441
426
526
332
250
333
426
791
820
365
472
482
847
883
211
1006
1066
1124
402
1578
215
151
182
204
215
222
226
255
287
350
385
1028
583
346
588
293
501
512
423
698
306
131
134
139
139
182
183
214
308
365
312
184
124
124
249
239
336
681
286
295
297
300
302
303
304
394
568
489
301
1163
677
427
212
538
226
336
767
256
257
772
320
217
186
1178
500
578
347
844
475
487
286
388
334
196
199
202
283
284
347
347
408
376
191
252
256
378
606
582
440
357
360
365
366
463
471
480
590
504
171
127
132
135
136
174
828
561
260
324
425
503
335
250
514
906
644
651
124
127
170
173
183
365
642
267
776
285
173
189
190
190
194
199
251
301
327
633
353
357
395
479
557
575
596
143
358
220
457
480
348
344
343
344
426
544
195
153
585
441
292
389
332
363
570
683
712
1430
1066
635
416
425
910
213
342
172
348
415
3038
114
112
123
127
162
165
196
249
168
125
126
131
259
858
253
2447
348
538
125
214
335
352
174
444
793
602
224
344
833
149
29
326
142
146
152
155
170
173
194
254
260
283
289
308
355
325
360
402
406
134
611
152
195
196
39
70
81
118
121
130
211
202
205
278
283
340
346
539
56
127
4314
471
839
541
467
245
51
28
41
71
79
602
460
38
54
339
756
342
463
460
1056
582
124
128
130
170
828
273
205
493
124
129
170
438
265
196
201
469
54
28
270
207
213
222
227
281
303
424
538
594
650
667
571
211
426
557
304
304
310
337
344
432
934
680
581
346
941
347
350
828
589
444
513
252
253
352
425
28
160
55
35
57
78
94
129
137
151
453
302
178
625
625
573
711
87
427
332
196
273
340
342
593
626
798
3412
97
42
45
49
56
183
229
372
410
446
500
346
889
1123
704
359
530
1069
857
1081
172
391
396
131
141
142
143
147
221
232
234
257
289
294
343
354
370
586
575
1239
69
2696
2582
1009
516
704
256
3219
517
3245
261
289
3690
434
245
631
139
1907
229
185
220
441
177
403
824
587
267
469
453
2145
345
1061
1345
296
351
473
1050
443
446
446
243
128
124
353
311
524
628
202
267
717
243
296
584
475
823
1068
331
415
202
204
314
635
593
448
595
743
526
475
311
199
203
204
205
208
208
279
291
332
594
345
488
391
851
562
1080
709
799
810
831
929
1069
1828
1043
444
593
526
737
342
207
276
569
744
307
447
450
128
135
154
154
156
204
239
253
328
330
774
356
375
381
461
794
1287
343
352
415
426
526
634
573
341
345
462
467
809
426
321
543
900
1128
1323
64
200
200
200
895
443
523
311
218
125
258
203
407
206
459
835
260
648
190
632
1065
777
1092
1223
535
415
204
273
87
417
44
309
340
265
51
52
57
62
69
71
72
73
78
91
115
135
582
237
276
296
311
678
443
496
649
492
555
415
349
365
482
599
554
709
31
221
44
51
58
72
860
271
416
1214
676
954
354
354
360
467
600
700
713
338
740
310
313
347
477
204
213
217
218
272
277
279
290
510
649
143
150
244
246
83
30
266
129
130
132
533
296
554
563
346
1081
309
223
1796
271
1860
348
218
172
4538
272
350
584
602
641
316
319
329
213
435
439
213
647
521
311
312
322
331
337
420
426
429
448
636
664
867
870
312
635
202
276
489
411
331
643
459
660
805
984
885
1014
1425
2136
2572
313
390
394
579
506
512
655
499
62
188
146
716
293
439
878
81
39
44
565
673
1027
674
59
50
51
61
75
79
83
86
94
101
102
584
117
181
204
220
493
245
285
330
354
396
293
426
398
319
557
650
337
341
344
351
352
453
461
553
590
671
677
694
819
918
1473
1668
39
38
39
40
95
539
218
557
443
324
271
204
991
997
339
560
557
423
332
431
449
532
663
679
614
759
337
1147
479
28
34
133
39
46
319
487
364
367
472
479
554
200
604
625
218
230
238
254
258
259
259
268
270
280
317
320
324
348
353
354
861
887
452
582
549
609
524
773
366
403
1281
627
831
124
166
222
261
269
425
676
697
334
777
780
371
1118
1169
1406
406
340
263
128
629
269
309
381
804
1241
787
416
1054
346
347
468
333
708
127
831
440
565
421
646
311
517
149
195
204
219
253
314
367
443
499
553
1004
3482
316
418
427
539
635
241
143
273
316
343
488
324
80
43
43
404
470
593
186
193
198
271
406
464
505
534
551
1181
272
587
202
206
273
535
557
443
538
640
188
422
542
546
549
318
272
201
209
209
211
240
275
281
325
363
374
386
428
461
465
525
574
666
1296
427
472
267
497
427
569
918
555
576
28
28
703
818
269
268
197
342
406
333
403
356
1445
427
152
2713
151
238
328
1461
3379
3512
510
3627
317
201
340
574
790
1392
2051
1695
1888
3311
2024
3238
280
280
1449
335
207
219
220
286
290
357
492
581
759
262
269
338
980
412
413
540
263
272
343
541
196
209
210
270
270
275
919
374
198
22732
273
1592
525
2163
140
270
305
329
337
399
405
412
412
403
142
348
266
196
269
492
550
810
347
204
205
216
218
221
227
292
355
413
427
435
443
489
214
167
217
352
265
283
285
357
368
380
394
443
467
552
566
576
823
856
464
348
714
473
589
353
357
476
317
188
195
196
255
350
638
751
713
441
328
315
189
388
367
130
170
177
453
843
835
439
593
682
694
789
793
1033
597
474
595
431
903
498
502
509
516
520
529
131
184
611
233
654
722
727
764
848
1051
1099
1187
1310
485
3505
774
3299
4032
205
123
163
463
641
649
858
417
701
702
485
1563
425
817
1752
2114
4109
94
165
1062
822
777
316
519
525
194
251
657
394
906
1216
1443
367
352
197
405
318
444
96
99
103
173
720
329
731
1978
170
257
247
188
263
556
1475
637
352
378
386
637
648
653
901
595
167
473
174
162
101
102
103
105
137
179
185
196
199
201
207
339
397
717
463
467
517
509
546
570
140
1012
178
186
1173
539
351
719
336
404
402
199
311
332
315
431
443
893
951
995
1002
417
311
311
310
313
319
322
418
530
991
1004
352
512
391
649
656
526
407
523
527
533
196
776
335
266
446
452
1067
1162
1251
442
328
441
643
339
336
183
615
924
228
1215
329
557
334
199
200
206
345
415
912
643
326
134
228
185
116
118
149
288
306
314
313
777
1043
353
376
355
378
378
507
842
663
812
909
338
439
564
1010
319
512
133
148
151
202
255
269
346
398
535
536
385
111
118
121
152
164
272
547
1841
297
420
706
346
514
594
387
405
409
414
539
545
947
676
442
781
789
944
323
1064
1093
1626
969
346
360
347
849
857
872
584
824
1612
1740
310
312
326
330
359
360
361
363
381
384
437
449
496
498
503
507
557
564
603
628
664
692
696
701
737
762
830
983
1017
1092
1226
1255
1447
464
464
438
298
439
141
153
463
480
967
310
201
333
340
353
843
439
444
213
511
565
570
367
350
389
411
718
437
445
785
989
789
817
407
915
474
748
819
713
714
665
500
710
1560
2030
2171
1951
2274
1944
327
2461
143
191
558
3619
331
557
512
537
413
362
365
367
376
468
486
494
497
576
612
849
714
982
1295
201
1349
207
215
3651
3552
3108
789
442
778
444
763
353
536
635
982
763
265
346
591
595
1172
361
689
144
876
953
354
355
364
364
722
834
868
1358
12576
346
345
716
702
690
938
818
365
383
544
547
555
1743
892
1061
1141
533
345
1581
217
283
566
602
542
540
784
912
2692
1003
199
479
1149
650
763
773
783
917
404
264
270
