Waf: Entering directory `/nethome/gsrinagesh3/ns-allinone-3.24.1/ns-3.24.1/build'
Waf: Leaving directory `/nethome/gsrinagesh3/ns-allinone-3.24.1/ns-3.24.1/build'
Build commands will be stored in build/compile_commands.json
'build' finished successfully (3.608s)
Load generated: 722455 bps
Number of response times recorded: 18010
32
29
37
218
111
119
128
316
133
281
277
283
283
230
304
431
384
373
463
424
383
433
345
246
174
532
519
297
334
355
271
484
253
396
295
497
348
423
429
365
443
453
389
557
754
746
565
483
555
351
481
544
583
421
469
491
385
322
549
642
532
1159
1166
543
550
737
966
651
542
841
793
652
773
782
786
540
796
1076
1321
725
680
659
686
886
802
734
766
773
809
1102
721
874
1205
970
1009
1578
907
1009
1012
1354
957
1157
1435
1056
1655
866
1407
1316
1063
1052
1015
996
1034
822
1808
1217
949
1274
1745
1790
1480
1839
1115
1153
1583
2001
1201
954
1691
1018
1410
1650
1605
1352
853
1453
817
817
1414
1190
1436
2542
1140
1417
1084
1519
2770
964
1331
1776
2855
2639
814
915
1683
2417
1063
954
955
957
973
977
989
1664
3395
2597
1389
755
931
1180
2859
1156
2835
2888
1143
2261
1318
2412
1355
2541
1384
1403
1404
2960
2763
3093
3111
1899
3055
3131
3090
1486
1409
1075
3206
1452
2964
2839
2974
2999
2525
2761
925
782
784
3070
1759
2946
3628
3077
2866
3716
2919
1711
1140
2764
1104
1416
1250
2767
899
2214
1426
845
3490
2863
1075
995
4038
826
1100
989
831
3415
1453
1051
2848
3200
1019
1024
3087
3890
983
989
1509
1792
1438
938
3129
3522
813
1100
1408
2264
4518
4647
1358
1016
3693
2898
2910
3804
4077
2849
1425
4741
3067
1431
3028
1691
3583
2784
4303
4872
2326
884
3997
3456
2948
3286
1102
4351
4698
966
4080
975
3970
3471
3171
3273
3354
1110
4798
4535
3201
1392
1248
4925
3306
976
2956
4311
2836
1064
3425
3427
2522
1183
2957
2510
1097
753
2893
3925
4587
5553
4347
2811
2597
5114
4549
1999
4237
4195
4181
2665
974
1520
4322
4146
2541
2965
4419
4655
2636
2419
2980
1056
3198
3199
4489
4873
4495
2462
3239
4522
3255
3101
5778
3022
2266
2272
3060
4942
4076
1327
1503
3561
4074
4715
1119
4899
3402
5266
917
4681
5507
5442
2224
3679
1494
6321
874
2855
3245
6300
1227
3977
3110
4412
4025
3029
4287
1475
5375
4174
3177
5557
4682
5762
2347
4855
6560
4582
6083
4072
3002
6041
4815
3306
4123
4533
4319
5783
5100
4203
6636
3973
5341
5227
1400
4389
1222
6992
4309
3246
3251
2872
6167
4540
4941
7612
3632
6333
3131
3055
3060
1523
6429
6430
2953
2955
6869
6204
2553
4261
3969
5479
5978
2397
2926
877
6026
2673
8423
789
6541
2918
5129
1203
8111
6300
6199
7002
5512
5432
2926
2935
2400
5462
1123
3137
3083
7808
1152
4646
3512
1555
5955
6375
7558
5383
4406
1443
6439
2733
3005
4514
3288
7426
4253
4101
3728
2993
6174
6020
6943
6249
2660
3572
3165
5503
7219
4292
6274
5149
3131
6560
7834
4668
1542
4550
4449
4587
2558
6729
3062
2171
2173
2506
5291
3323
6846
4176
1285
4079
9093
4318
6914
1221
8256
7102
5549
8381
1158
6033
9639
2651
7072
5077
8477
3861
7552
6305
7768
4139
8544
1195
1130
6107
926
4890
2966
2281
3026
4322
5821
6629
5380
1578
3556
8081
3142
3147
2845
2635
3696
4149
5326
3233
8299
7777
3108
6107
6918
5457
4579
6184
4991
2398
7514
5533
8843
10186
3528
8264
8068
6584
11208
1597
9331
3070
7721
5975
6068
8535
2787
7490
9822
6180
6690
9184
5800
2914
8426
7165
6874
1220
8978
7997
10252
10118
5979
4548
7295
5912
2999
8493
2669
1470
4535
3997
8819
8746
8615
10156
4110
1732
6152
1133
10941
6258
10267
9990
4808
9570
4555
4566
3084
9549
1275
4477
7317
4461
7248
8577
10487
8436
8205
8307
7667
6012
5614
7321
6410
9856
10867
10570
2510
6198
3324
6118
10652
6980
4696
9993
9637
11114
10283
5748
9563
11443
7422
6027
5733
8555
5939
6191
6675
4736
9631
7666
8599
10182
6132
9141
6052
3196
3197
7361
1213
4548
10079
10050
8374
9244
5128
6266
5771
7955
11150
6084
8338
4340
7360
6275
5274
7036
11367
6017
3221
3224
11755
7377
6292
10422
4760
5976
9357
1391
3450
6278
4538
6417
6679
10725
6191
9856
4847
6059
6683
6039
8500
12505
8302
7730
5811
5925
6795
6782
6041
10629
7327
6660
7788
3948
13853
9567
11226
6946
6208
9936
5069
7268
14232
11147
11416
6651
9079
12723
4673
4620
9252
7936
11452
7164
11480
5398
11359
7007
11553
12945
7881
4530
4532
10194
8403
5588
6076
12803
6048
3484
5729
9455
10238
9394
9443
8702
9467
11767
7044
6038
7119
7238
8277
7129
5021
10522
6226
7769
1989
5061
8366
6080
4377
11639
10165
3294
3424
7170
13537
1403
7185
14015
6271
9218
4186
14723
3099
7421
16029
10378
7605
3159
10100
9935
1265
7194
3303
6139
6965
10105
12784
5838
10364
5874
9618
8897
12339
5743
6899
14218
7879
13622
11620
10317
10322
11624
10691
7107
6219
13221
7835
6079
15517
8319
15422
8680
10194
15143
9585
13396
10259
4818
10897
7317
2638
6773
13071
10404
7066
5183
1573
10849
6449
6549
15812
11599
11348
6317
6532
7769
5913
11049
10049
8507
12224
6679
8641
7948
8152
10120
10830
4985
6790
7819
14451
7310
7550
8617
9129
4865
12017
5716
6938
6967
13162
12631
4636
13907
10381
1317
15494
12241
14201
8990
10847
11777
10047
3504
6555
7317
7230
14140
9514
8186
3250
11048
7327
11489
11883
12047
7495
7189
6906
16075
7633
9224
13197
6963
4636
7415
15069
8183
6075
12351
10936
7092
13070
6932
15163
10683
10757
15508
11689
14184
14851
11869
13911
3473
12291
13156
13084
13387
8033
1495
13274
12884
5370
6485
14424
17586
11922
16645
9995
12961
9393
9507
7080
12302
10425
12278
15243
6384
13658
7761
7215
3427
13624
10614
10251
18878
15614
13093
10599
10735
16907
12286
12890
9149
13355
14200
11044
1421
12005
17452
13252
12452
17196
12044
8042
6826
13958
15630
9310
11896
13351
10146
3172
13035
6394
12394
16253
1865
4830
8469
5789
12866
12284
11726
17655
17273
7266
7343
12279
13702
9233
9717
12320
7466
11045
13457
1337
13761
11644
8832
10668
7207
1089
1441
13207
10798
9505
9583
14149
4361
13230
15853
14249
8359
6690
9699
19230
16514
9731
3048
7852
12477
12432
15264
5399
10177
9886
13698
11871
7962
13779
15159
11714
10654
1662
9140
7664
17265
11225
8313
16164
18474
5497
17717
10162
12346
15460
13900
11964
14517
17413
15278
1387
13697
4623
17498
10250
11562
17885
4473
8319
6591
5593
4128
8519
18873
1948
4153
8275
17481
2962
15712
14647
10815
19471
8759
14184
6436
11984
15034
6470
12102
1438
15235
20154
15143
12136
16916
12141
15412
10330
17431
10355
15870
12717
20148
12182
6665
17249
10034
4751
13969
13388
1450
1256
10983
10695
11330
9576
19810
2729
8620
14105
12354
14526
10855
12368
11474
19950
12532
17263
9773
12985
18465
6994
5798
16316
18427
21230
3118
3247
8745
4747
6468
6251
7472
7950
11773
3855
11193
7467
8904
16327
18097
18825
20277
18236
14943
13821
18957
13612
14943
4896
12126
3611
21628
15103
12161
13724
4384
4387
10431
12358
9256
2922
5288
12559
15273
12452
12576
4518
22327
10332
17242
18584
4463
4882
21161
19378
10861
7842
15720
17920
16339
3573
14418
15230
20223
5314
11335
7266
21931
6776
20192
4858
17287
20815
4779
5991
16252
5163
14570
8788
3107
3530
7606
15501
5831
21843
22253
16074
12203
13501
16247
19674
12256
11088
21221
19177
10608
6470
19236
5827
12110
3619
15322
12371
14821
5431
6032
10093
18361
9288
16713
3319
15256
15008
15317
20282
21179
16491
18308
10825
22155
18528
14213
22549
18572
11665
10266
5349
7085
22776
16282
14395
12053
15877
8634
16621
6716
9249
18476
9399
18868
6525
1479
20521
16125
6978
12651
6214
9934
4757
11078
21473
8414
20238
1428
21994
14107
17092
13456
13006
7528
7574
23118
1966
3025
6438
21958
17708
23003
16070
16780
20772
22789
23301
4943
15221
1974
1356
7221
23676
17096
11553
14482
7371
7481
15339
7386
21087
12702
17008
20121
22472
15569
18624
7579
19926
19816
7370
21308
20989
21423
7589
3091
15864
7875
20540
21185
24166
7746
5048
9389
7754
4115
6534
19004
7552
8156
17597
16226
20550
21165
7925
10880
17873
5381
25674
8378
15032
6314
26776
8134
6363
6365
19579
10373
17798
10536
18352
21044
16003
20996
21745
18653
16306
3606
19563
15393
11437
21206
16897
21077
7372
13014
23065
24945
7207
22669
6269
8847
24222
6680
7503
20178
3571
14540
21341
14123
9415
7379
8986
7242
25194
20309
8466
1434
6695
16834
26030
25465
22676
4532
4922
20550
3508
21929
13253
4562
4990
17769
7854
16511
20228
12366
24797
23785
18230
20079
7930
10309
20452
25673
9574
8954
12973
19270
22631
3563
25385
25630
21369
5146
5064
3538
10190
8970
18357
25587
25926
26815
21294
27195
22980
7694
27416
24791
20754
20301
21499
18902
28114
18883
10067
6912
19757
6180
13535
19517
10012
19009
15325
24617
5819
3611
4491
14194
8245
5552
7149
6617
21844
7430
9530
26994
20875
3145
15617
22640
17098
14921
22748
17237
1884
5533
10081
27587
28088
28583
10709
4182
9402
9898
21400
25360
9559
14082
15515
4417
12055
14155
11284
9643
25625
18520
22817
22150
10403
11389
17585
2323
10072
4609
26654
21675
24231
21407
23849
21515
4485
26048
26007
26145
18301
10916
17677
28812
22734
24833
17459
26431
18430
7621
13654
22086
20549
27636
23136
16636
10405
25731
9834
5164
12196
27889
15014
21579
23627
26384
14756
14699
30044
12456
6576
21898
12599
24992
13360
12553
20534
5936
27435
8676
3861
24900
17077
12402
23858
17746
16408
13467
26463
10566
27460
20210
22436
27617
13078
4248
7398
5853
16633
13216
13002
4418
1417
6499
28899
9889
21827
1612
4576
11673
25327
30329
6147
20004
18803
23412
14042
19661
21286
28272
24423
15356
24248
8872
30623
15457
15429
16517
26446
27438
16412
26244
9670
25395
8312
29418
13972
15175
12846
17444
1495
4864
28090
12425
2117
22627
15400
20691
28497
30063
25970
5173
26226
1615
1619
15278
1663
31861
15033
3850
12125
24506
32829
23840
33714
3630
9434
24417
26989
9569
30525
15780
33285
25021
6454
1607
2283
8940
24675
6611
15867
30616
3858
18342
16082
25563
23897
26578
26812
26884
26859
31215
32383
20516
3634
11086
12093
31189
16057
8069
28653
26722
15262
18546
18443
16629
6665
20674
16140
7747
18145
6441
16869
27986
6920
27327
3225
15053
24647
27749
21372
4502
26321
7141
4472
21053
1988
15964
16471
22174
29346
24047
18306
29681
28782
33412
19782
12006
3630
16451
26611
33932
14246
33683
5262
27447
14976
28098
7662
4448
15485
1579
25437
4505
1455
4164
29755
4205
3146
5670
13504
5429
12056
15440
19536
27011
6155
1571
13030
28075
4906
33013
10516
36360
24392
32989
4671
6759
28046
7338
28426
9817
30979
1987
30615
33410
1338
16796
36122
29712
1377
30837
13538
10982
8637
7897
15540
16990
24225
5190
31364
24624
34559
5217
29592
5280
22728
23788
22649
6487
16018
13523
29137
6576
26824
36589
29166
5560
7540
35201
5612
32840
31901
26169
34776
6663
20428
11373
3927
21903
4984
34741
18405
26032
11683
7010
25779
7186
29119
25543
16503
7175
30410
9899
7119
32960
33824
24193
17396
25147
19571
6151
10508
30329
19196
30541
6387
19765
37468
10361
2190
28906
17693
37111
31121
7683
19270
22235
5946
34325
25691
19999
6635
6649
1441
6666
2980
6673
29499
7893
15515
4052
24790
16199
6095
3219
17431
8300
33768
18299
12206
28311
36769
24338
4570
18424
36129
19940
29844
5883
7541
9308
1568
7983
32487
31934
35036
24268
31319
29768
38835
37898
8333
3546
33016
25525
30245
7718
1951
7738
38464
25448
13501
31363
21019
3040
27946
13094
14646
31799
7371
20580
6361
8104
32843
9631
5623
16600
22427
23481
25682
1620
36594
25954
14063
5927
9492
14332
27916
33416
33244
36978
34889
19860
10455
2972
8788
34928
6341
22276
29085
37844
4220
35398
20431
34526
21600
17372
21905
7417
6738
11024
31435
6516
33525
6676
12505
18506
32351
12521
37592
31669
3489
38271
9297
18071
5673
35915
10523
24377
13063
3430
10704
10582
34400
3625
37855
5896
32592
15582
9701
3627
10937
6280
23004
3519
32717
33125
1530
21559
16028
23160
7580
25662
41578
34171
27008
10240
23068
29780
3637
27769
31656
36207
22532
27133
3537
3038
31235
29128
7468
4375
29623
18255
41209
10988
32024
3970
10664
17875
32457
31507
36568
3514
24388
34947
22740
36560
3594
19145
9538
30800
24588
35651
38199
24867
9450
6547
5111
4050
3048
2749
23683
28192
20825
41164
7442
17593
32981
28052
31073
34275
35636
37196
27518
40071
33256
35200
24444
12699
9618
26229
25551
2237
8468
37040
20873
5618
15488
4417
33853
29946
1430
1432
33698
31051
26060
25924
25446
21229
15768
3877
24135
5424
7440
1416
4425
12628
8174
12652
33586
12808
4860
13269
7263
34182
40661
3087
38842
16413
35547
4552
8330
19193
26749
16611
26810
14361
19382
7106
44525
34823
6780
6146
39337
11152
14555
4144
39103
43084
26213
29352
37599
10398
26784
26959
14887
24994
41845
17542
31152
4716
5442
36195
6166
40299
1938
15455
4708
41997
1472
16856
2857
31048
25460
2371
15187
15648
5118
2188
2197
29136
38876
7847
15307
22415
19472
4073
10028
14817
7489
34845
19009
9244
38400
29465
4300
7519
42406
37529
4623
34586
13471
15048
43662
40972
11859
9630
45130
3192
16516
26580
10353
3653
12387
18042
32617
38341
3888
27335
4452
31105
44701
38361
2146
6672
3176
31431
42469
4208
45838
14166
7427
41123
7170
41979
15684
20281
37620
21903
7673
5366
36392
38910
10201
25985
12365
10459
6539
8025
24185
1417
34374
5091
40424
10732
9397
27245
45728
46451
12686
45253
34365
37733
6567
3420
41538
43403
4517
10995
13097
46158
3377
48743
24960
22773
47650
10133
48277
44952
29081
1372
3531
17827
4180
2944
6308
6717
8129
7683
26108
10989
39477
17998
28362
43307
12397
1673
21546
1941
7356
6144
7397
39887
7568
7640
7473
19653
18686
5043
32190
5171
7553
31698
15168
3572
29702
30053
34623
39095
43889
4453
9840
1597
1599
24771
48570
17802
20104
4195
22520
6550
13688
45748
31977
9123
6805
2116
5236
40929
36711
19768
3458
46199
49470
6825
11251
50092
9334
3575
5074
3276
3668
35530
23692
7509
6475
47172
15993
6311
3907
32049
44666
14728
5061
18144
30764
7657
7665
12203
8637
34423
7693
51377
6471
11343
6882
6899
7520
33625
40366
32144
32931
5894
4508
21870
31244
7088
39573
7003
12852
32775
2062
6315
3532
3538
3553
3554
4385
29271
14016
7487
36171
10241
48256
5735
51064
51265
3848
19107
4964
41508
52266
8687
2109
1393
34103
31808
6641
46142
22771
36340
11350
14606
6467
35827
21741
6494
6542
25333
9639
6514
8157
15558
34304
14601
27543
46217
5598
5059
15852
50512
4570
8364
35384
8742
14124
9760
20934
11157
19492
37805
31629
8699
46878
7122
10540
10287
50349
5106
35015
8929
36618
4253
8653
4737
14679
5920
27116
15516
12930
7526
3446
6516
46983
47351
1500
6580
6604
41227
15613
39279
6339
6188
7426
35549
52787
37240
2933
34319
27353
36791
15771
3313
17085
47589
52685
26486
22758
7091
31654
10913
14897
10467
10420
37308
45452
7442
38373
7464
14405
47671
11125
46737
11191
6500
18821
26066
23965
10123
11300
4007
46597
49788
2116
47009
50092
8687
2060
7878
18442
16758
17739
18508
28067
7999
8006
46179
9080
8051
15223
4382
8100
12325
7066
10873
4696
7130
8248
10659
24008
7458
10671
1870
13530
50836
1683
24872
8709
33699
27943
46618
6647
25070
7633
8775
6675
16370
18419
48247
4611
3064
19343
55121
7649
3147
49765
18639
9042
13239
19411
5413
10984
5670
31322
8197
30566
12028
13581
7894
12750
12201
3354
6452
9600
25914
25137
48713
7915
19035
4635
52000
8819
26315
1445
11069
4724
7050
27511
6372
2245
9086
1770
27707
38416
51744
37076
13086
52360
52687
6514
10555
10586
53271
46227
51350
15289
54917
17730
3889
40578
11848
56279
15908
4514
2038
28420
41005
27374
6558
4943
30503
3460
14801
12619
12288
27625
19033
58102
14270
28079
4532
12488
11447
7422
28990
32085
6719
5925
11609
15319
4804
41476
10641
14465
19736
59037
6666
18436
51892
3208
32100
12281
5069
11906
12128
2174
5384
5394
26845
6627
41081
11206
1602
28711
37180
7854
8500
32905
1723
16338
48663
3870
28616
42770
13173
50505
13708
41687
6847
8132
7413
4194
9510
15787
5354
15448
46382
50053
13200
2626
55773
13304
6932
26178
53845
16122
4581
44764
6806
6540
8939
14411
7424
42069
13768
17965
43037
12737
1354
34438
10784
55380
30345
9020
53346
20151
51439
16985
3616
53484
9573
8058
10402
7700
47574
9535
57730
59502
21758
55371
3786
6082
53840
9175
52862
17369
15101
1681
8184
11198
7538
44826
61819
9559
17901
14115
4591
11691
62650
18967
28715
35267
8424
11251
1462
9551
31728
51374
31763
24417
31796
60560
15535
16637
18324
60465
16508
2516
53345
15696
55866
18388
41420
49295
24697
37916
5154
47243
16828
14685
43747
10720
33110
31118
16075
12444
61521
10575
9231
55398
10129
32675
9436
7500
17469
15739
54195
1599
20789
4735
51223
10428
6036
2036
2039
1715
16769
54502
1615
60831
9031
17389
33346
12975
6621
6601
14825
17078
11442
11478
6534
2287
41743
33778
7668
31739
31439
16401
58128
6853
18611
10771
30912
7415
10810
14379
16651
39777
15045
54694
50549
24714
3981
53806
6180
61995
4504
21014
4742
53091
10049
7678
29466
7716
25627
18156
10702
3709
9280
12581
4375
12234
12523
20052
42926
27247
31562
59736
10847
7433
9796
12899
61541
39755
5289
6782
53283
6788
11080
19939
29896
3363
26264
56833
1478
10111
4030
48729
14458
20255
1745
1863
56986
1519
5195
15377
20400
13793
64340
17499
6537
7747
41618
36589
7634
15504
2069
24528
2078
61938
11999
3678
35132
1884
18003
12512
4518
12723
61596
16432
21818
22962
4609
9841
30859
34384
15637
4813
13735
2807
13830
1976
38209
3798
10151
57080
11937
22531
20851
7249
41430
37599
29891
15753
17885
22091
14198
10739
14373
64135
20135
58923
4418
41836
12527
66317
66322
37751
8637
6552
17881
6802
5211
5967
4701
59288
21743
25529
49910
46836
18117
4409
9244
2128
23316
38277
23028
24275
20706
7087
33526
33430
7151
38911
61339
8138
53369
25044
36138
14809
13581
7703
10841
25456
35784
63346
11018
64224
5004
65915
63124
58538
5387
6771
5143
6831
60995
8979
36040
6266
10690
53162
23630
1801
23624
11583
11868
3787
1691
1677
7076
8665
70495
12609
33370
13529
70683
21819
18606
7437
14350
4343
65007
6438
44563
2246
2264
25676
62323
15829
69867
8316
6536
51574
4694
4816
58938
4768
4765
69885
34079
8253
25268
34128
27965
55019
3284
42837
47637
6710
45085
8799
69635
26661
16813
20341
7905
31867
56945
28323
11492
25182
9608
20373
13927
5688
6469
18245
9571
2279
8081
27517
10766
2839
64315
27771
25638
6702
31171
67281
3535
68240
64997
31143
21151
70071
9569
46662
69094
5959
20581
69229
37181
1719
14154
69026
38883
31472
45331
7016
2587
22314
1802
8673
38102
5210
59900
5333
2382
11244
4717
15005
2233
5428
9242
69361
73474
31891
24146
4597
70827
5768
2401
27991
5772
31648
16189
46182
2273
4831
33304
6013
8198
16393
34193
14517
6748
4665
31188
7234
9046
32209
70066
68340
13416
2996
21838
51124
28783
20019
66778
9714
21108
53330
71103
22240
18524
22343
39066
33465
72088
7950
21442
10163
10759
9537
11783
77347
10700
55536
29419
68892
28128
2025
30472
3136
7509
13194
11875
33507
26586
17860
4185
44759
76235
26355
29896
59226
21628
19202
10577
28413
65066
34040
8371
5074
72370
3426
29162
13032
23678
4438
5120
53537
51602
27002
7424
3449
75653
22127
3617
1588
36000
76147
68923
30169
69623
68047
6612
55542
1620
68665
23461
67701
19471
11756
74892
1833
44849
16584
1379
20864
18321
64468
15735
31382
7667
1430
66630
39182
2144
31665
10057
44031
21140
4489
24342
25789
5090
7987
33099
13537
5632
48440
77734
34818
2768
26972
30183
43251
23151
26083
32302
36684
57911
32395
9440
40366
4937
4180
35585
6987
6999
74746
73748
75810
1940
41475
5818
34209
25799
35854
75373
23230
4723
17137
36020
9736
5478
3698
78875
26600
52540
32384
5823
27008
13534
64159
11939
7268
33748
12150
50153
34885
8983
38529
77893
46534
51372
27027
12239
76169
4500
15762
29404
22631
29490
25098
12896
50475
6407
53254
27340
13992
7971
8970
31413
15938
59036
11274
39750
1558
54982
70481
77522
60560
10180
7065
2069
33666
15937
3727
72235
19814
13016
35292
6729
3093
3984
13474
8108
1461
1465
15000
6711
10002
10101
36170
8501
5184
1541
3682
11353
14988
55788
6333
8618
30536
82358
45095
3661
72985
52308
53817
3800
38516
5361
72686
61842
10768
24491
34352
25705
16204
11220
8843
75337
32584
7556
10917
4666
5160
7509
12972
21941
7572
40563
42986
6696
77104
9224
7692
12243
30252
45108
3448
30637
37212
1742
1750
1755
3599
3431
9730
37108
3561
26791
11872
37500
2356
83120
5284
8983
10931
4614
38743
19456
73590
6458
33294
70836
65720
4233
59655
6612
78943
1569
75873
5260
49453
10211
35014
6666
13397
84269
81238
8949
3001
5193
31913
20995
16262
1999
31653
77614
1561
4922
12187
7571
54351
4990
79939
14350
5416
55413
6462
7997
38909
27057
5749
5059
21569
40118
4593
12740
9720
29790
20226
20322
81531
12993
16206
8187
4890
12190
14673
27524
5498
9073
6528
56052
19393
11731
23340
1606
10720
7892
10334
36967
1529
6512
10692
86097
10674
57645
1558
10239
42585
33525
46648
11398
5150
8707
11525
27209
1448
10073
5273
6911
1375
67573
57176
32328
54979
7886
1562
15076
11765
3595
39211
13289
15482
3611
58172
11929
7383
8193
4645
1603
3992
73229
6656
45451
2194
80786
19775
34073
3052
7899
4364
41937
6316
65008
6571
6490
55418
33293
5200
71170
4623
11553
79318
14555
4269
14225
37320
1341
1343
16695
2082
2085
14203
13124
20564
9370
72031
26451
2362
75817
8946
3498
70689
43348
9671
9669
1803
1812
5504
80962
22992
78290
7863
14091
32151
2290
68090
90133
11914
11644
7284
4618
37627
25155
3254
76194
3738
4736
61699
57421
1411
45094
4645
4654
45170
7093
7623
89053
38923
10397
48732
47500
6635
6352
7672
17428
7492
4833
7643
15525
3475
3033
7770
4726
15666
6698
32318
7877
18520
49187
89433
14118
6422
5336
25127
80915
4658
7207
86889
2857
39796
8131
16830
6693
6221
38697
22277
21555
83391
9567
27938
1319
77771
14284
5198
22946
28412
1677
13685
60762
91888
75601
36592
37691
4197
12087
8463
85437
4319
12904
45129
1434
16401
17372
8700
10243
10257
32140
5509
19736
13522
1518
10435
4394
40406
4177
24947
14737
15715
11579
8682
11674
88503
6384
1620
19491
4469
24185
1787
77957
86799
8051
17315
13834
89677
94352
8146
19170
25755
32730
2504
34334
6475
40972
12892
1669
9647
11115
17640
1567
9982
48093
84208
2140
16740
1665
89736
94500
3901
12852
4652
53255
36648
22952
12038
93326
49681
12863
1596
2826
23267
7461
69358
95966
30739
14486
26714
82579
7283
4386
7813
93881
78930
17879
48067
2617
2198
61922
4841
10726
10109
3698
55754
1418
17761
71822
65900
44747
2742
8843
4910
7979
32053
16725
13019
1507
10771
10493
5472
40857
4699
13195
44471
90567
4635
4188
4188
2706
14947
6205
6741
12977
5224
9461
4580
4638
70015
6481
6524
11116
7142
30159
94370
2083
4923
11727
5711
12250
36560
51520
9693
12412
25679
30020
24947
68082
64131
10955
91593
64037
22851
80757
79702
11533
3284
25606
16766
10389
13971
8617
6567
10509
7875
4618
10900
16882
25401
9872
1399
6601
4874
94664
6912
6961
45766
23528
20407
3555
23528
32773
16928
7240
66928
69327
47579
4567
46549
50336
98440
91843
16348
6625
1498
12218
1529
99878
17987
6871
16119
5849
22608
25902
17448
1466
4594
21042
94492
10580
3460
48642
99403
7230
4457
32731
1613
94387
13208
58542
3614
10721
17530
15130
14052
15397
1302
5571
30552
14502
10371
64296
14222
93795
94539
5276
101880
15312
4368
97409
8133
43386
1875
1809
97870
5423
91730
28208
22382
49976
7657
8566
95570
2314
14482
3677
5971
1802
1483
8279
1418
25947
6176
94827
27059
14920
3521
1712
6369
98911
18588
1405
100127
1417
1424
1441
7476
1494
14182
16159
8107
4596
14261
14687
6536
1941
3394
4961
94620
104925
5898
1961
1987
80624
7212
4773
100983
43745
3599
86400
58417
2902
4876
8612
2705
10160
18503
13329
5073
1573
8654
6622
25602
35774
18772
13164
27727
11103
23705
4335
1557
10690
21379
4391
4104
20275
5133
3545
3546
3549
3550
3551
3554
62645
103529
8205
15813
11083
46838
3889
70022
12824
5619
36816
9870
97146
94380
4892
5074
4298
8946
15078
4978
5172
4539
6548
4659
4700
2136
66229
5869
67038
30560
5608
13040
5651
1567
5042
3440
18302
15085
5175
2672
3461
89748
5966
1275
41033
5536
27578
5663
7300
5690
5728
11757
101154
26677
62044
107088
3777
9498
6655
65796
16698
14928
99696
6194
13529
71598
6939
46411
3511
24900
4600
82621
29438
36335
10458
32153
9267
6549
71229
30896
1528
17209
108604
8685
8087
108250
78434
4835
67692
3044
15246
14888
17554
84789
7514
7529
7547
3837
4596
10546
9220
7586
3706
7709
101504
15712
63965
15299
7973
7976
8883
8167
1462
18927
6534
99163
7485
18546
19352
9161
2019
26901
32182
24015
8623
4971
97295
4546
24114
1404
10673
76266
66857
10405
30433
7455
1578
5888
4009
16981
11511
106011
4057
33386
94416
8640
31522
33746
3844
4466
44623
4467
25347
2189
9877
2103
6180
74109
7652
104483
69322
13391
4482
19670
24810
4980
2847
4047
7890
64432
14910
10558
6845
1371
13632
11091
10703
94566
43890
45758
3553
1458
75698
3610
93897
45283
3406
22457
76109
95954
70743
11211
11218
2393
69211
4475
9576
10499
12969
11551
11648
70385
22383
4376
22406
18868
5158
19477
1986
7393
4494
12176
6784
11541
22421
2047
8757
3809
1419
6477
12494
7584
11867
12597
12651
13436
108288
3535
10705
4573
2536
1636
11844
105929
1545
5614
106038
2167
1998
41919
57972
62113
6385
14174
3518
55787
4489
66689
8019
13708
11215
4539
80545
1605
5251
8006
14645
1514
14088
85669
24453
2180
4892
5269
4441
12586
63840
4429
1350
1353
4994
66162
15157
10115
74896
1225
9394
14928
9164
111570
16006
4075
3253
10784
105966
73082
32815
25032
62828
7099
6438
15791
20936
1483
1490
1500
2239
4617
6922
12382
39223
13722
4516
4518
6677
1960
7536
9185
110647
2695
10619
2724
17336
3392
119550
65577
8298
2634
101669
11162
20107
9408
4491
30469
1462
11274
7297
73402
11784
19703
3079
8130
7501
36950
4329
1638
1655
17866
3320
2229
3837
3425
3372
29971
4455
14091
15663
6265
119005
14314
18112
66429
10675
9869
120530
2574
6001
112162
20790
14142
17267
24009
2719
50454
19209
14184
1556
4456
103413
4629
40887
5545
9614
103856
3737
2122
63663
1581
1551
2116
110936
6275
40787
58288
5651
27783
1358
44020
27686
6918
9791
10850
5509
79239
22391
4502
6159
20088
10871
87914
3501
111207
9221
5383
2240
1361
6386
8219
15920
11994
16390
28257
72078
4265
4270
2965
101987
6908
117817
66606
21002
64205
7850
4257
13591
6814
1354
96690
36012
34830
1933
5123
27652
4788
4072
3463
4259
5060
4310
7511
12957
6730
11331
98226
5543
4662
4241
4178
4660
13416
116004
4982
15786
4617
6370
61370
5113
5131
1992
1995
2236
3377
46978
7570
124292
13764
33687
32011
23108
9850
1242
5073
126197
6785
12015
80887
9040
1387
6198
4846
4900
6261
117536
77691
126764
9928
13722
8397
5620
3426
10679
13380
8932
15623
65098
1742
7898
24304
37922
1534
1549
3862
14822
3876
121632
1537
26892
66838
1577
6782
1692
1696
4443
22080
115718
1568
4695
7869
24942
25651
1388
7172
117964
5431
5127
4379
3175
25455
7601
2455
25556
3382
1619
4990
2071
2466
3698
83516
63388
26163
7454
4944
4222
5897
2509
7815
8198
48293
3788
111227
13710
7929
1766
123454
5613
24979
12445
4031
6186
4732
1914
1938
1396
3769
6965
4170
6952
3842
7506
7370
4920
2111
4667
10748
25014
16577
2174
7086
4897
4798
124591
38401
56887
7317
45258
10680
5111
9102
11080
9504
120823
28583
1387
102612
82112
2794
4533
6647
4568
10828
127855
7563
47051
4489
5090
117840
11003
1310
77178
2061
7080
2541
8498
5325
1840
20589
1511
24270
129856
4050
28087
1567
3540
6135
113417
1538
21217
2336
1357
107111
6136
10965
6208
4830
5237
10977
123961
8070
74691
4532
27118
22690
12662
12521
24944
6752
4238
8935
4883
5115
8173
45087
1630
8108
39622
17674
10319
30878
13071
2463
2287
115579
8350
21374
3491
3492
7525
31513
124383
11048
10561
8186
34320
20667
4525
85052
11581
38511
8209
8789
133500
41115
9511
4335
1750
19091
3018
4504
12289
4508
1408
87582
5343
10579
3585
9578
9091
3658
9825
5694
13987
12490
8739
133798
8245
25688
130889
129549
3572
15110
23678
13447
9363
95107
6733
3605
3182
9497
1606
13493
4862
9712
47763
12772
124260
13000
13355
6150
1669
15787
1561
126550
131085
49780
126714
16092
10320
63600
5194
51710
4146
101339
17259
4042
3740
4318
7662
3911
11696
4507
82778
18192
4509
1883
6763
4473
1987
4281
1921
4327
4409
15159
2001
1938
1926
5095
3009
3464
17420
68100
74262
26085
2748
10380
7627
8225
49345
15433
4254
19844
3169
7767
135669
2523
18212
5883
12868
79214
8334
112436
9751
2756
92535
7147
9973
8692
3652
8923
2729
2507
21493
13699
11356
13377
4188
134292
5544
3337
1526
37896
4588
4598
15296
4795
3530
1603
2818
71320
139156
2188
97740
7563
6866
1786
5087
24590
7552
128314
14824
70521
20468
9381
10632
139460
6084
126605
8882
3180
139338
1418
4836
140374
4180
5021
5038
3561
132116
5249
1313
6344
139593
10687
39660
5429
6680
3303
22508
1541
9357
141417
1506
19984
5622
47715
13269
6925
111909
6794
1578
106557
6486
11092
1434
26255
1344
1163
8665
8144
1636
14718
15985
25160
137366
1284
1751
1308
71608
84559
2808
27576
1581
1230
1852
90970
83547
2309
7451
12788
2205
18886
20628
8494
7540
136654
11298
1346
1348
11876
26851
6225
5444
24811
4953
5029
9202
14214
1611
133867
1387
6156
27975
90726
25769
1838
7411
10546
6649
1888
2548
9727
7147
8747
1992
8829
126814
1911
8021
8985
20821
91588
8637
43978
27784
5097
3259
7337
10473
7920
1651
1654
10590
92257
26685
9083
3363
2185
23922
9159
81554
12555
138995
32081
41518
16868
4950
45126
23727
1318
7360
1573
117087
4282
80334
6065
5956
3911
16699
4924
4813
126596
5282
4220
44857
126091
55545
4212
22004
3705
14591
11007
63264
6478
21614
2487
5858
20244
16130
7870
1479
3972
6406
13565
1183
4881
7073
3959
36229
40501
1707
6651
6700
4437
13235
6602
25382
88355
25640
4244
1523
1402
1237
3254
8243
23608
4624
23502
6188
2269
1456
11025
77836
5895
73408
1178
7396
6518
5928
16292
4949
28788
2633
1544
1554
15951
2480
2064
23501
1209
3222
47555
2017
29593
27426
96229
36499
6975
42809
8424
18958
1381
5825
24247
10362
1408
1425
1428
12952
17496
140877
1817
1876
1957
1357
1185
19556
4061
74308
21181
141156
54332
51673
4567
48780
13208
4709
4848
8309
104158
4601
6651
5020
2831
1457
3961
1548
10682
12358
1850
2998
30038
5374
9012
4214
15659
10454
1848
35513
1452
8746
5204
4496
11340
1597
3323
1911
22446
3827
10980
12297
1925
13505
1181
10236
16156
5299
3143
4943
7665
4364
4402
149346
21850
15395
32954
24579
4653
7041
5043
1992
23437
19731
5449
11566
69672
7082
17959
10218
19014
3745
10918
28995
7560
6332
4357
3976
4288
135299
3580
5678
1428
1668
45651
1576
34692
1936
1411
5354
2092
7395
29270
6424
3833
11962
1631
19652
10736
1281
3898
4426
8833
2327
1650
4881
70537
1298
1401
1404
7162
3988
1232
1186
2464
1898
4362
6955
4996
8766
1721
4054
129555
148750
24575
4840
5755
4540
9275
3585
8331
3446
2355
147841
7324
2363
8589
14015
28059
3705
1318
19181
1790
4001
1809
1343
3360
3496
11912
11006
4372
5493
1978
3753
55867
5645
157099
1765
62966
18838
6427
148783
10035
2017
1299
4275
23430
103625
1470
1437
1513
1525
12108
23428
1351
106954
8322
4689
4337
2740
1547
1116
3276
10500
15450
7756
1909
36475
1289
139887
9766
3776
18831
2425
8304
4463
4420
6225
3600
5463
9057
40813
3753
12979
1430
5704
13446
6569
2956
6639
1923
24618
5276
4484
6802
4034
29463
6553
104439
1777
1341
3025
1940
26101
1341
1342
8794
10550
7216
3631
24484
1420
4678
3715
4696
1286
1395
3355
6404
1534
1535
6545
2439
7037
3074
44945
3901
13395
4439
1358
1374
160727
10406
1230
2268
20723
1486
4280
4776
1443
1561
4210
4655
115035
7870
3751
9218
6268
45858
4104
2254
5653
2432
2499
27950
62708
5793
150247
1812
4010
3581
4934
4813
7831
8842
1385
1475
1279
9577
6186
7199
6595
1405
4873
1410
1415
9185
3543
3191
6917
14959
1945
7502
20835
22079
5701
1860
4371
1841
2232
1422
5259
4687
7728
17278
1232
3774
1274
1283
2246
12098
1353
8055
68712
158472
1578
1590
14991
1629
979
9980
1691
11647
68241
2795
7017
5235
7781
5313
7515
147169
126719
8655
26698
114259
2171
1654
1665
92759
1674
25942
3244
5701
8161
12795
1634
7668
1252
3803
7070
2713
163188
3647
5469
7659
4094
1457
2776
4189
1790
8455
4511
2769
4278
3071
7200
5703
3393
4485
4488
1378
1966
14969
4024
1939
12612
28541
4862
7343
5124
7721
1545
4487
129031
4431
150091
4280
1376
43246
5633
3424
46027
4295
1565
2011
76028
4674
3333
2538
4224
7574
7789
1267
24778
5097
24664
27627
13836
12729
43006
5374
8206
129024
3046
10754
5791
1431
1446
3841
9222
4717
2253
1493
52646
115265
4336
5855
6358
4924
53535
5321
34189
2027
2681
15751
1649
9392
170174
1558
4479
6731
8101
2563
8083
3479
13774
7434
5172
1988
2154
4710
5890
6332
170108
13839
64816
2505
10761
3641
4286
24691
1762
93955
1768
10922
17838
16458
7145
3535
18060
2299
1201
7160
13109
9643
3666
1672
5128
12736
15696
163920
7168
1806
2293
5291
1339
1345
1346
2839
15775
50340
8439
4471
29307
1235
1249
9165
1338
13775
1823
11505
19177
9896
3651
13202
1190
2451
3496
4208
6472
1471
8268
17776
3307
1593
6491
11045
4063
4572
2162
43879
8488
6751
2278
2205
6394
6716
4020
6377
6351
3481
4143
4144
7557
66851
56326
26732
10549
3702
7102
4336
9096
1153
1160
1184
2231
4688
7535
7430
1235
3525
3542
1596
1635
1642
1237
1241
4812
1282
1429
1456
1465
15213
7620
3773
13399
88804
1834
8589
6458
3219
7249
4936
2025
6244
27678
6109
2288
4573
4154
3137
11563
3216
2695
16568
9532
11288
4814
2916
2414
2373
7627
53744
19006
3601
3605
3622
3314
23242
1612
7182
2824
42207
6324
5654
5669
3540
6519
1848
44165
4091
1925
6440
1345
13065
1919
1932
1207
1223
69985
1734
176529
2067
4673
1522
1738
1550
25448
4356
4374
4940
1230
6582
36931
4538
4565
1409
2732
1716
1718
1195
1530
18477
1208
910
1143
38780
5022
5580
17334
7231
19608
159948
1546
7430
5512
91346
4825
948
1527
3476
2153
5666
71379
171250
3526
2816
2868
3038
7511
4412
1165
14042
4939
3613
8049
1177
3222
3935
136126
8925
6399
124071
35033
1526
5292
4724
3572
30347
4688
3186
25944
8997
45317
3832
6495
175098
8843
3504
3974
1790
2150
4936
151440
63081
1398
1435
4429
7375
10536
5750
4769
4362
1446
4480
5115
4537
2189
4354
1889
1942
4512
2387
5040
1515
8329
1698
3773
1465
12565
1830
1423
1389
6719
3797
10894
2891
1356
1361
10999
1268
6173
6952
2070
7563
1710
1788
15303
11158
9828
890
4869
1978
2979
1125
21136
1146
1248
11314
2695
1678
2746
6820
2769
5016
10148
182577
6532
6396
1125
1131
1133
1135
4045
1061
3056
4262
1228
13967
1246
2588
1414
8568
2961
1591
13201
1510
3432
1525
4013
3467
2637
1714
13904
6248
13660
8486
3967
3976
73074
2221
1284
11346
4674
2265
2255
134946
8400
8517
4767
3167
4330
1872
3287
1593
1719
3464
1014
22181
2963
2021
11290
15307
5189
36448
14824
1085
3970
12504
4312
2847
1805
3455
4074
1271
1273
2644
1508
1737
1743
3781
16004
104404
8880
12865
1240
2138
9409
1996
14736
5877
3937
9821
9295
1373
1285
4190
1693
2161
2172
4234
3561
7084
1830
5174
3271
1703
6222
6670
1434
10924
1908
1622
1829
3243
1832
1859
3055
1391
7270
100255
1519
6978
4773
6256
1734
4901
15379
1855
1285
61190
2246
3669
2021
2338
2580
54002
107442
2833
34467
41089
11588
2216
5154
8851
4260
1618
5063
8175
8036
9951
4480
3772
22749
3931
8520
2246
4721
8321
1709
7322
7354
16843
1327
3474
23534
4771
1567
38511
18606
6279
1496
1501
1435
1436
6066
39472
3940
3379
25170
1875
1414
4246
3442
3365
1071
2476
1100
1153
126468
4623
1373
1527
1786
1470
1025
2208
2158
116955
2148
7976
183649
9810
4208
1214
5423
8716
2218
2592
5377
3394
5774
1675
1056
5002
1353
3367
3702
1655
185247
2015
2504
4881
2032
3346
27571
1055
1057
16571
1437
1626
63943
8301
2755
3963
11105
3888
2318
2534
7415
22818
3033
2950
1836
4458
16539
2562
3921
4421
1301
1351
1357
1365
1367
1140
6974
4753
3686
1208
36626
4169
10623
3758
4236
5289
12303
4039
1344
4772
3424
5132
7685
2187
44533
1679
141875
4025
10061
6170
1848
1593
2062
2753
2151
2159
4766
23016
4282
6295
5558
1866
1060
1055
13750
3031
4741
3448
1442
10335
3811
1253
1264
5765
3350
1342
1343
2823
5799
1379
4210
166146
1819
13830
15891
20684
8521
6799
2209
6118
4489
7121
2324
9638
14172
4008
5334
2331
1442
7715
5442
5481
81079
10562
1198
3215
5674
3248
5320
16704
1403
1386
1386
1391
3099
2672
4418
5818
2346
136889
6482
1149
1151
1152
4020
1169
1826
4427
1820
3505
1478
1057
4253
2103
14834
1580
5153
2993
56902
4867
6674
4703
192231
3528
2252
1318
2829
11545
1230
1368
4105
4654
5173
1735
14024
1805
5559
1349
2455
3656
2526
29373
2850
1868
3266
8927
8408
5064
4919
4110
2299
3647
4883
4824
2258
932
14115
3064
1689
3785
7695
38899
3415
3346
37466
7156
1178
24334
1222
5311
3533
7491
30380
2582
6881
3447
4118
5822
5232
4283
1579
7429
43125
5085
4881
3297
6071
3409
2089
5254
1534
2412
1427
1430
1436
10052
4679
3944
1402
2438
5669
13304
4102
7003
5309
11663
2294
4813
4297
33588
969
4151
1145
6480
9266
5701
1615
967
4663
1858
3125
66414
1694
1600
10207
6266
5229
1241
3954
46843
7218
1389
7072
4081
4089
1336
14641
9723
4199
3533
14299
2569
7409
6514
6480
1244
5899
7222
7278
16012
1741
4809
1618
1657
1150
106125
1826
17048
1194
1187
1193
3156
2675
2002
2003
7265
2497
43572
1283
1837
5227
14061
15610
2252
11573
2199
2626
4019
6175
1134
3246
21808
8708
15106
1721
45515
1586
3222
9970
3272
25519
13001
1533
2671
2887
6957
1378
2970
1386
8243
3407
3346
3898
1446
3974
2722
2202
4114
4115
6812
2543
12227
1588
4302
3708
1288
15304
120990
3851
27481
1629
1248
4135
2188
1159
4317
4477
7318
4986
7464
4773
2389
4448
1230
12694
6127
1110
4788
5382
2751
1731
1069
4238
3966
2027
5169
3316
1178
3576
5793
3561
2416
6483
8407
5436
7191
6034
1288
1289
3388
4565
1729
67906
1207
1412
4319
4517
6825
1506
1508
4154
4220
7117
13194
1864
1660
4932
4317
1452
6598
20290
6999
1432
4254
3563
4768
5363
3894
2837
2146
4178
1776
2881
4280
17421
5354
7974
1991
2182
1241
6733
18012
158189
3245
2235
5572
4741
13558
14131
4666
11758
1351
6832
4118
4959
3644
6978
4428
5396
5375
3418
1339
1833
4035
3633
4669
3432
6456
3389
6924
19617
1470
4506
1264
17032
16841
16198
1799
2220
18487
1255
6463
1246
1249
1891
25314
2268
7249
1576
1335
1204
1216
1336
2158
1733
1742
7330
6352
956
3031
38585
5185
11259
1170
11256
2179
2012
2232
9295
6979
12874
11873
9506
17418
2464
3028
5489
3602
1377
1311
9334
4254
3620
6439
1354
1422
10439
7906
1257
3171
8534
1528
210973
4139
2410
5473
1845
1852
9592
1720
7251
8168
10705
1478
5791
1911
1920
1917
4394
4371
2258
4903
2357
1750
4874
10682
2525
1809
1358
5162
2605
2491
1873
23128
12113
7096
1466
3434
2944
12508
3359
8904
3387
32107
4149
5703
1744
4222
5606
24437
2336
3457
3421
1917
5029
3617
219286
11919
1467
1348
3490
1250
4580
1445
5534
7355
1716
6115
5979
2373
12097
3635
2024
1326
2353
7131
4374
9820
1792
4699
4158
2582
2879
5410
8082
74367
5465
2173
22668
2067
6042
5872
8840
4803
2832
3230
2772
1090
1097
3514
1567
3331
5316
2678
3543
3284
2693
2286
6641
6496
12318
13536
4136
15357
23193
1157
1158
7085
4266
64723
963
219574
5211
3658
8849
4059
1632
57266
3185
1600
3478
6656
3295
1998
1097
4566
3414
3478
11008
10806
847
4787
6136
1100
1106
1109
1113
1120
1144
1163
1164
1171
1174
1195
1208
12166
10646
1120
1478
1490
1506
1506
1537
1563
1929
1582
1587
1612
1190
1194
1213
1546
4359
1947
1246
5027
1571
1580
85460
12558
2222
2247
2313
198365
4551
1909
2490
2528
2602
3971
1168
1100
2403
2343
1177
1181
2960
2968
12125
1218
2025
3132
3200
3213
5585
3243
3247
4610
3262
23714
9389
4196
31307
1310
9916
6472
6261
3413
1833
3778
6703
3834
1870
2692
6673
1896
14693
4318
4320
8510
219092
4418
1534
3201
1781
7402
4367
4649
1548
2019
1540
3942
1502
4300
1952
8146
1961
4975
4650
3146
4417
1332
7977
5123
4348
5348
4009
5430
4139
5573
1083
5602
2238
46892
5722
3915
5973
7584
3089
3106
6141
5867
4197
4246
6525
6310
1269
6612
5865
3485
31342
6481
3544
2179
1217
3597
4113
4657
8226
1581
2030
2040
11224
6864
1174
2664
6701
6712
7229
4119
4404
5394
6884
4118
4524
6856
1373
1859
2500
58434
7732
5053
10562
8854
163255
1637
5012
7459
1249
1255
1451
1454
1544
4952
6591
1437
2053
3656
27129
3894
1960
1966
1978
5486
7468
1262
1467
1299
1304
8871
3525
2235
2239
1275
3389
1901
1116
4481
3906
19185
1150
1496
6022
2158
4658
16164
5726
15894
16443
3388
15245
2429
6095
10406
3214
6699
3352
1570
3897
8237
9792
4469
4648
13667
130304
4198
4086
1344
8303
2203
4588
3107
3447
3582
3801
203917
3211
33573
1485
3830
5035
8169
1352
5189
1190
17780
1324
1325
11868
2144
5578
1817
7075
1729
2995
5857
12539
12398
12438
12445
236136
4311
1749
1299
228777
1376
4637
12443
4682
4245
1454
28011
5093
12331
1315
1320
3842
4144
3508
101276
7910
1318
4220
4520
3439
8408
4692
15330
10761
1199
14059
2224
6217
7056
1339
2930
2344
3030
5030
1662
1147
5415
21462
3171
1529
10690
1500
2188
2799
2325
15377
5841
1910
1926
1928
1935
1150
1462
1479
15802
2279
1496
1803
1405
9680
33955
2512
5289
9781
3131
1758
15891
1044
4613
24150
4181
2999
3781
35432
8805
1178
3412
3453
1669
1930
41478
2994
1269
1029
1036
1333
3099
2087
2310
1557
1346
1389
4037
7623
1013
2840
1718
1134
1947
1956
1925
1545
30282
4739
2047
1360
1212
10579
18406
2076
1908
1242
6910
1244
1249
1251
1263
1265
8872
2073
49163
1604
241241
12597
1640
18989
15718
2722
20463
1196
1204
2877
2068
2072
1635
1580
1585
63472
2451
9301
2208
119175
20795
2633
1548
25158
12550
21421
3554
72666
50556
1580
47671
4182
1820
4050
2223
2279
3269
1344
8430
4097
1377
1909
1193
1197
2577
3863
21251
1586
2073
1601
981
984
15292
3623
10403
1659
4652
1317
1069
8398
30186
28341
2628
2400
1634
26288
11154
5457
9131
1850
6479
1271
9328
2525
2394
7020
1285
18153
1628
7396
5806
4743
6799
22654
3057
56623
986
3195
13577
1581
1131
2050
8783
6148
4855
3080
1034
4737
7180
5181
872
1216
14463
24439
11383
7458
872
1067
7014
1172
1115
5169
1791
61411
2976
828
1597
31572
1076
4534
1089
1779
1784
1791
1105
1107
1113
4149
1089
1072
7118
2572
4305
1514
1538
1015
11864
3421
1683
3085
2544
8556
3621
1057
1072
2023
3611
1128
1832
54465
1702
1415
1466
1510
4969
1648
11751
5522
3157
2141
3452
3141
2392
2499
6546
1635
2202
1309
1314
2764
25259
3822
968
2541
10185
2613
49503
1243
4796
1772
2818
2902
2970
1065
1066
2146
3169
7303
964
1203
2096
3953
2004
1283
4196
1286
4442
1849
4195
1859
5171
3226
1080
1609
1629
10131
4502
4178
2003
2204
4773
1489
3325
2919
12716
2384
2886
3237
5332
2994
2697
145195
3828
2434
3864
1871
1504
1945
3705
1982
1787
7381
7683
1314
16488
1599
1110
3504
3717
1378
3618
4212
1318
4301
2552
1318
252423
55329
1342
1788
8158
36206
3042
9008
877
1771
1175
4451
6394
1823
1179
1171
1058
1064
3590
9386
907
15979
1376
2731
2382
1067
1574
1237
3224
4059
4794
920
1800
4134
1028
4185
1053
1054
2761
1242
8233
1445
4866
4028
1713
4752
1790
4043
928
18418
868
870
765
9402
1848
7583
1622
1152
7487
2102
2332
2113
2125
1533
3033
149676
947
957
1166
1075
1164
251191
1652
2673
2201
889
1601
1612
1623
990
1018
1022
9977
1750
2259
1099
906
914
190050
1338
1016
1427
2564
4158
1151
1736
97204
1780
2947
1486
63244
1094
1579
6950
1135
1406
2436
3403
2093
2110
1381
6858
4206
2325
1734
2562
1652
1674
1521
3862
3070
848
1035
3311
1040
4854
4338
2007
2946
2955
3717
3047
1269
2853
3871
2405
3292
1486
13633
950
955
956
44973
909
2172
1271
2334
820
2874
3693
3734
3626
10571
3547
1442
9627
3060
5073
4003
1369
726
4326
8825
2447
841
841
1973
2004
728
3420
1157
1539
673
4003
5283
4038
3400
4564
621
2664
895
1286
6416
1464
1214
6010
3364
1043
861
862
863
864
889
890
899
10267
11019
1104
1126
1529
2006
3308
1304
1260
1001
4690
1353
1250
731
1441
803
814
816
1321
1326
1327
850
997
1720
1321
22909
2385
4598
1261
2104
2129
3428
1023
2029
5740
921
768
1786
2267
5083
2227
2565
3153
1797
1750
1640
1651
3209
2042
4769
774
2608
1226
3367
2974
5943
1499
9067
1526
3550
3873
2235
1083
4905
1428
4339
1039
1205
938
1212
1182
740
937
757
1694
6792
1465
1152
1057
1217
1535
4504
1375
3002
2920
1374
1386
1157
1365
1088
987
1587
1063
1070
1071
1444
6265
2934
1043
4754
1497
1510
2203
2042
1855
1861
5582
2973
249597
1239
3570
2181
1839
1846
2678
14555
3356
18878
3884
7310
2284
64900
7418
1446
2187
4209
3305
750
4966
2945
561
3163
3403
875
3403
732
551
3236
3674
1053
1018
3893
689
1028
1173
1343
1388
3892
2701
4268
1578
954
265889
2975
1633
1637
1647
1448
1273
693
695
3791
2359
113384
4942
2312
821
1306
777
829
842
1066
642
1548
5577
1768
844
4474
1545
7609
691
820
854
855
12197
1342
664
2373
930
5405
92062
1146
1397
761
2150
1436
1418
912
759
770
1056
1785
1265
1268
1822
1682
1261
1071
1997
898
2827
1986
1009
2038
1121
925
1175
1429
1466
1223
1269
1278
1297
2521
1521
2811
1569
1696
1715
2982
1710
1303
1303
1069
1073
2324
3987
4029
2361
1020
1025
2074
971
980
13084
2448
2189
2563
2208
1286
1638
1287
2459
1605
3697
1534
4740
4717
1500
1541
2813
2120
2922
1369
1505
3159
1729
1386
3248
3788
1644
2908
4031
794
6080
962
967
3255
2994
2565
3013
1258
1293
1673
4560
3062
3243
821
870
881
890
892
893
894
903
912
917
918
934
939
941
3522
2065
2616
1259
1270
3191
1329
1342
1353
2283
4438
4326
1724
4604
1273
1745
3943
1765
1104
5133
5889
1098
1101
2178
1448
3081
2281
4693
5029
3529
2933
3572
1104
1107
6733
6191
4647
2548
4962
3392
798
902
906
908
933
4625
1087
7145
1640
1176
3068
7015
765
5426
4104
1435
3348
651
4646
3510
3511
4423
3548
7699
2429
5726
741
3866
2546
3480
1355
910
918
4098
932
935
1227
2236
2541
1257
3140
3627
5402
8878
5601
1001
1643
1654
831
3107
2593
964
3268
1397
1091
2204
3610
8323
1348
1282
793
815
1071
11860
1080
4645
1100
2946
2399
1376
3071
3119
820
1639
958
3495
1066
7583
1895
1405
1698
4350
1573
2320
759
1598
986
1269
985
1022
3078
4798
1313
1355
8139
1228
1868
1115
4571
4097
2121
2123
1487
861
13601
2584
7166
3052
2694
2734
1420
2199
7100
266198
1762
1635
1641
715
3894
3169
1062
3315
3377
3469
835
2535
586
4912
2140
2560
934
957
1718
4616
1140
3043
15039
1168
4366
940
6232
25546
9652
1133
6750
657
1322
834
687
8742
974
17543
11352
1169
28395
3406
7591
6423
862
1422
782
1058
4286
1124
1093
1120
1130
893
896
1245
967
969
970
921
809
1481
1513
1872
1657
1163
3162
1459
1090
1018
1066
1588
5170
1804
760
2121
1199
1136
1408
1283
1154
1156
720
4726
5775
7636
2945
3482
973
849
993
975
1517
1611
922
894
1244
1280
1287
1941
4167
4553
1576
817
1069
1396
962
1111
5000
2124
1886
1358
1863
2693
2696
1290
1299
5191
820
5036
18487
1553
2290
5717
4527
4729
3229
935
1799
888
2231
5805
3589
924
1526
696
697
1669
882
6443
2611
2475
1105
1391
1521
2205
1210
1253
1721
1182
1465
3285
1012
19410
1621
5121
718
744
824
1910
1238
1011
1025
1025
1253
1818
5161
1234
2486
1693
2066
1097
1584
725
730
1117
1139
1141
2988
999
1029
1513
1843
2362
1926
2818
1306
1516
2613
1346
1367
938
939
1596
1934
1960
1250
1382
1281
1826
2882
862
1554
5193
3155
1382
2422
2737
2647
3588
1540
2315
904
3503
3691
3650
1028
694
1346
1353
1103
4237
2930
5332
2160
3519
3045
885
575
692
663
5216
3574
1192
1211
4247
1911
1220
1480
719
1491
755
757
780
1679
2111
1552
1103
2895
1778
1030
1031
1033
1844
9800
996
2090
2431
2432
816
799
1072
728
1104
7081
5862
299140
656
1597
838
844
1343
896
1546
3015
1649
1629
5219
1139
1047
832
4379
29196
2096
1070
930
1888
973
1290
1288
983
842
846
1439
2676
858
1126
1154
1220
1661
862
864
2377
1526
1537
1562
1605
1803
2383
1858
1153
1158
889
1436
2125
1918
2048
2591
2123
1488
1500
1501
923
4731
1437
2391
959
961
975
2463
1379
1798
2578
3226
718
1252
1026
994
2098
2833
858
860
681
686
1499
1503
1986
11253
2317
886
878
880
899
2554
651
1743
3233
1063
2705
1164
2293
824
1490
642
643
662
662
1191
1038
1049
1433
1435
1337
851
835
847
873
4428
3417
3754
58916
1041
803
1717
1082
3866
2326
1242
2638
1245
744
5748
2758
1475
763
767
769
3788
1808
981
988
306041
1324
2474
1453
1468
1754
2736
12646
1498
3008
2801
1832
3034
1861
3052
1963
3778
2414
2372
6351
4061
2470
2483
1012
5762
1811
2898
1327
1336
4471
710
711
1928
3109
965
7449
720
4799
4956
1363
1876
1884
3380
1300
883
959
3511
3861
4289
3682
1727
1028
2934
877
921
5421
1375
1187
4454
1212
5677
1068
1489
1490
2137
1045
15410
4842
5975
988
1535
6162
2272
1757
6249
1703
1351
10939
722
1981
846
4107
693
2464
1692
621
628
632
633
6409
1567
885
2822
36477
3410
951
705
1315
1674
1486
785
894
842
620
991
3402
1770
1226
3600
1874
1163
2139
538
1669
971
2159
3933
1703
1133
927
518
111193
727
334
2622
1218
527
416
558
342
631
4047
1435
719
886
8169
3427
1111
206556
803
826
1577
5451
995
239471
591
639
791
1158
1013
752
1109
755
758
762
556
647
650
724
647
689
696
800
951
962
1008
3947
1719
1819
1293
1334
1343
1351
1430
1010
868
1023
1779
1742
1905
2432
1289
2629
2986
2095
1716
2236
2201
1183
2391
1857
2660
649
2540
601
2158
789
792
892
947
3267
493
991
1000
12253
1346
637
1077
747
2333
717
723
727
731
1325
526
1370
414
1782
951
3572
1139
1252
1395
922
1283
821
4257
1159
879
906
915
1735
3366
1790
1008
1366
1189
1191
957
753
1222
2560
761
2703
814
982
998
1554
1521
1591
1228
2472
1237
1983
1263
1562
1807
1811
1830
2589
1728
3853
2675
2711
1963
1865
464
268
2088
331
261
837
1072
545
2096
2000
502
505
507
508
526
346
3911
714
722
2857
983
3041
664
1198
829
573
1143
1437
1346
1172
2643
816
921
245032
1116
973
977
981
984
986
1009
2510
4069
1345
1375
888
1392
3931
2502
1830
2598
1728
1681
3060
1685
948
1324
1051
5135
1904
609
2095
786
3494
556
2091
2224
675
676
677
1348
615
2467
1902
760
875
1082
1095
972
1152
1488
1219
1240
784
900
1516
1154
1800
1456
2148
551
1180
2382
820
1567
1173
1632
1196
4038
2307
954
1150
1478
4749
3023
4871
752
990
3821
851
2218
1522
1695
1363
5139
1411
3107
1003
2574
2978
939
671
674
681
682
871
756
554
565
696
966
596
1042
1043
1054
1003
1011
1265
1035
1255
1380
1292
693
715
731
1116
1544
1191
1767
1220
753
2229
2230
2478
1443
1473
4044
964
1642
4195
730
1477
522
523
530
904
769
4421
997
1148
1227
1249
742
749
3938
609
8708
1016
1020
814
4049
1152
1652
988
1265
1445
441
1175
1424
601
602
716
1495
951
550
1021
1241
1785
1530
1921
842
1639
763
768
769
1061
688
1294
4679
807
1569
641
643
644
647
667
2065
612
831
1097
1152
1409
8704
801
6044
1516
1580
847
867
1922
536
966
2182
684
1134
1104
624
708
3845
777
1918
786
791
919
806
736
1248
1414
690
699
129465
1536
1248
843
478
480
491
496
693
663
4660
881
994
1087
1116
1887
1003
1156
790
1772
1183
20613
894
929
2761
2058
1239
952
1047
1043
1299
831
1193
1113
1346
5186
829
1096
14443
1107
1119
1125
714
1371
1677
1715
1688
2185
906
919
776
1046
895
1786
1202
1221
989
1537
1227
1438
2454
907
1618
729
2012
3980
1245
603
386
703
3505
2453
1011
1068
2540
2962
1209
1235
2571
3957
4935
617
593
44060
1480
1933
551
1022
1038
2251
7875
2625
832
2564
26130
4549
922
3431
2505
1586
1893
1768
298958
1045
2392
1933
1721
985
748
757
789
796
1065
782
1253
1298
1078
2384
1538
1314
1713
1474
898
2684
2248
215536
3982
2095
1092
4184
2696
305
561
464
453
2905
1022
479
864
1198
70875
310
410
300
724
322
530
536
651
664
821
1637
719
2490
735
1588
1116
938
452
2818
1232
1775
639
645
647
707
850
1076
1779
1079
1093
1896
981
984
602
1066
658
662
1114
863
1002
419
1097
591
1222
662
1933
641
657
1012
928
1896
1996
1167
1825
1254
1270
1271
1232
1247
1438
1529
2758
1773
3082
816
825
1985
1534
691
695
1027
1134
856
1184
1185
1189
1195
1198
824
509
1138
1044
992
553
554
447
453
1955
364
1730
586
552
870
4084
348
358
516
517
616
659
634
711
732
1010
660
793
968
708
947
1096
1765
1541
1169
1108
1584
629
631
633
643
645
728
735
1237
693
856
864
874
875
646
1133
1220
2116
808
809
881
817
821
834
848
1284
1135
1083
1104
1131
1666
1562
942
1839
1331
1380
1391
1395
1954
940
1645
875
756
769
1954
638
1828
2860
1024
1027
2572
5096
1583
1207
1374
2904
393
2922
399
2532
2546
745
469
2987
2613
1794
663
2907
1088
149
1168
101
880
661
39
152
250
3907
2498
139
572
144
191
169414
410
385
958
484
3985
327
328
500
436
232
536
310
416
424
2706
529
552
557
586
455
846
644
695
518
3916
525
67473
830
307
912
544
332
348
354
3317
928
443
448
467
330
333
334
337
572
568
441
802
286
666
652
787
873
939
443
663
1043
396
542
174
299
217
125
259
213
244
513
149
151
470
316
139
1097
129
169
224
285
411
531
495
266
626
213
217
222
223
232
299
286
317
287
408
518
473
410
788
1107
1274
1128
1134
1542
1749
2326
1267
789
2799
1016
1656
723
1104
466
2181
1917
285
371
1063
528
229
230
2438
272
296
892
474
534
617
624
415
799
630
743
663
753
828
840
497
804
387
239
353
410
112
643
217
284
661
1014
523
793
310
1175
597
168
349
352
354
214
1104
705
487
185
290
298
724
752
248
355
435
262
177
311
375
457
170
171
172
563
458
166
249
286
290
295
297
315
625
342
343
369
651
438
546
458
624
656
560
1447
726
772
825
845
848
499
502
506
507
625
603
334
1132
849
448
1008
1039
1114
1144
525
216
236
155
481
866
216
1736
848
471
431
343
300
172
217
245
249
208
254
395
285
331
358
368
435
358
383
548
573
338
755
299
452
600
659
741
1238
2444
1086
2293
1333
814
625
1607
167
194
671
205
222
285
982
347
359
376
1859
402
341
531
569
381
460
359
365
397
755
506
291
631
362
675
973
854
858
863
989
661
813
1102
849
1199
1208
1257
493
1300
445
1456
561
1466
930
918
318
328
333
337
352
355
360
361
456
493
504
635
642
670
975
809
771
853
1024
1053
1822
911
1165
1350
1718
1544
1070
616
140
1569
640
114
123
169
180
480
810
1154
305
136
999
536
602
368
315
319
332
498
423
447
781
290
598
186
175
893
581
1044
155
179
268
401
384
459
503
737
692
903
1368
271
535
667
585
198
254
402
352
847
577
360
222
232
417
203
312
313
320
458
2182
1397
1496
1196
1022
2335
1935
3340
632
633
2699
1575
3139
268
737
447
396
1443
1194
1706
2001
756
251
1907
529
530
1013
1065
675
2578
689
627
515
564
621
793
798
318
745
387
362
202
264
266
266
429
453
638
644
989
504
718
298
434
486
622
939
3947
1274
1881
1949
1681
1820
1837
1842
2548
2513
639
1139
934
2963
710
3200
740
549
551
563
564
567
568
1054
1804
3042
706
730
753
1090
1092
1106
883
905
930
900
314
1031
1021
1037
503
1229
1437
1367
443
444
458
462
470
967
512
556
558
559
634
635
638
496
5145
675
696
1165
746
833
839
3041
870
871
952
972
979
989
1000
566
570
576
491
495
498
499
504
981
2186
1279
752
827
836
853
865
677
693
948
1131
1121
950
986
988
999
1790
1618
1182
1076
1240
1245
1248
1253
2057
1394
816
1712
1437
1198
1982
2328
1813
4469
878
879
638
2107
845
859
6822
2968
1179
2377
2538
1009
2309
1015
862
3144
733
1403
943
243
1097
253
183
174
380
1149
528
625
3039
506
3342
3085
278
7697
156
671
1138
361
161
162
1122
417
198
120
121
512
203
289
355
294
648
120
160
357
344
316
435
452
306
544
1367
415
630
679
200
713
611
455
391
800
233
362
377
546
287
119
353
389
597
340
735
275
294
469
372
374
374
378
898
687
498
427
553
909
359
327
482
1376
494
519
527
532
429
469
622
665
775
185
804
848
972
226
473
1038
338
346
358
364
367
1101
460
488
264
267
268
511
274
279
282
385
639
701
535
843
963
765
1046
1263
1114
436
1030
1502
1566
421
1558
886
184
330
340
341
348
421
154
168
545
567
577
584
615
307
356
381
416
639
719
824
1264
954
1306
418
536
656
549
1083
670
780
800
805
318
320
905
921
1080
702
662
880
411
520
733
1500
921
1047
866
1773
1688
1182
1183
2286
2310
992
974
656
1261
1972
3890
288
1651
295
300
305
308
323
865
346
520
505
889
565
579
623
632
872
660
1335
749
845
755
767
784
3220
918
472
692
706
3209
2778
1364
787
2793
795
1058
914
1706
1324
1842
1842
1868
4368
404
738
406
2098
826
828
575
958
842
825
837
1683
2443
1140
402
189
246
1942
320
923
515
164
168
169
172
1180
1968
1364
234
240
245
570
322
346
348
361
371
375
377
388
391
553
391
2579
588
3237
649
651
1827
815
835
1104
1008
1058
953
971
2063
987
3637
1040
1549
702
464
1575
1611
1433
1146
141
227
228
288
81
337
360
357
382
384
330
524
216
445
467
486
507
459
522
530
587
603
651
459
654
506
935
953
821
572
1390
1376
1420
1557
1327
1766
602
1912
1941
803
857
2313
583
1324
713
1651
810
2058
1689
1716
919
190
276
289
1883
1640
427
377
428
346
536
553
261
960
609
674
423
2097
705
790
1260
871
130
1101
390
386
161
537
1233
1457
311
833
646
648
275
374
775
1912
757
1839
772
139
1888
729
1821
214
955
952
379
380
355
494
1036
256
668
545
673
624
673
597
266
1238
525
1295
776
717
1705
267
456
483
148
204
334
360
133
165
219
436
1009
143
1319
126
255
168
124
168
380
389
514
179
329
326
1323
824
1031
1191
479
381
211
517
501
748
686
880
471
762
700
283
704
849
326
327
328
1051
338
504
496
418
543
545
681
408
388
396
1084
481
580
1135
1838
1153
1225
1681
1415
587
1147
1456
1811
2398
1136
760
1266
1240
588
370
373
846
398
1665
975
1595
776
2158
854
2528
1484
857
3169
1322
1341
1196
1084
1529
1902
1266
1275
963
1314
2023
937
1044
1274
1899
351
1845
581
874
497
2153
1163
964
261
1074
661
2739
602
176
349
321
147
237
307
400
450
160
153
196
3546
222
664
434
442
456
518
470
489
318
358
844
257
409458
172
202
351
648
525
531
192
109
65
687
211
510
356
576
342
576
1233
503
378
125
635
130
134
135
135
141
184
186
187
256
379
330
400
1169
488
577
521
524
594
349
197
198
345
355
359
362
762
239
598
719
113
696
717
712
969
1065
356
595
168
599
260
313
599
1407
1235
191
269
271
280
306
326
557
391
973
199
336
381
384
388
391
512
231
595
153
850
228
292
1180
436
353
360
356
468
855
152
352
836
1083
277
278
280
289
266
205
378
367
188
728
473
480
384
574
537
285
191
414
328
223
678
761
680
594
865
344
359
387
395
448
471
297
564
1293
387
698
397
792
1237
321
216
222
480
428
1008
266
650
672
763
898
360
262
732
752
1081
440
407
359
571
496
243
398
964
591
445
651
1150
2107
504
507
507
508
732
732
569
570
1637
589
518
716
737
318
546
667
805
419
1295
1253
882
681
673
873
304
353
354
896
831
448
379
766
519
1433
802
1508
404
864
256
410
416
1747
550
772
373
375
421
687
339
1441
625
640
260
347
198
119
122
160
323
876
281
292
294
380
427
849
1206
808
668
830
1379
634
385
896
1985
203
49
930
1032
334
393
642
502
135
764
266
623
866
726
453
379
428
492
719
328
328
861
29
90
358
208
123
125
128
206
717
387
305
51
31
40
305
303
350
839
518
525
445
467
639
644
827
412
266
268
416
315
826
816
280
411
320
263
310
199
342
465
642
727
628
746
972
1010
353
993
634
351
212
294
396
1170
584
646
364
740
769
822
181
182
186
195
400
254
281
1127
497
747
1332
885
378
737
874
146
149
235
277
296
306
345
346
408
410
615
350
346
583
696
161
118
120
284
229
713
428
909
954
203
300
666
1363
373
383
424
465
470
675
1205
515
674
498
498
1561
1099
1102
1104
1058
207
957
420
358
552
438
779
479
316
350
357
360
371
436
464
320
149
692
800
825
833
1023
1024
1069
591
1133
1268
1320
1331
1577
470
352
354
122
204
295
440
678
1168
1512
1782
1501
43
26
34
53
272
411
415
257
640
626
493
37
33
36
44
262
264
265
322
356
389
390
405
406
417
387
1035
512
624
347
662
370
675
888
568
437
934
942
952
621
237
304
1213
352
131
113
116
939
420
462
353
315
523
526
535
427
256
657
1319
817
470
331
272
137
137
141
142
154
158
553
253
268
272
281
688
390
420
828
845
487
680
751
1482
465
33
35
39
49
53
99
100
106
114
128
137
772
524
425
505
507
1802
551
807
353
1268
357
371
487
498
503
607
613
615
721
202
831
408
203
573
475
342
346
628
455
461
352
58
27
29
350
268
270
273
275
451
854
915
29
1205
116
342
206
215
292
295
430
645
489
410
518
937
406
412
305
563
517
825
700
305
1127
525
633
641
723
423
598
557
304
255
329
331
521
407
112
970
316
647
457
524
414
351
248
108
561
197
243
704
383
666
447
324
327
833
450
562
269
394
673
448
154
880
317
319
327
166
181
731
279
816
503
338
552
595
410
623
647
659
465
469
1277
680
486
999
703
544
584
1173
1327
1348
1366
317
334
345
1223
269
714
362
462
310
620
642
399
708
777
1149
1472
1523
577
400
1258
513
382
1441
1020
732
302
186
468
580
300
596
87
262
55
335
332
291
113
205
217
260
126
125
275
347
315
372
427
405
420
624
436
329
883
529
407
315
413
539
316
324
325
516
204
349
823
1212
559
686
1053
631
848
1112
298
1339
479
478
1482
346
287
580
167
316
126
585
425
932
350
300
278
495
264
760
1053
990
1015
592
894
442
594
458
465
430
477
479
483
487
576
635
799
901
369
940
1020
968
491
1067
1085
1115
1362
1231
1400
160
1529
669
719
303
666
382
354
306
370
414
714
745
669
2438
972
853
2080
1088
538
1209
559
1275
176
1497
332
430
435
439
142
352
534
252
647
260
682
160
60
62
70
1084
651
783
1092
1544
324
326
432
434
531
539
202
423
647
995
319
325
424
506
555
776
650
1229
142
59
25
27
242
413
642
836
385
386
262
125
23
33
91
93
106
110
116
119
145
155
163
179
505
544
30
44
323
325
331
333
343
223
439
351
472
400
535
541
224
133
239
653
828
442
941
478
1197
1318
796
306
312
504
399
494
258
1354
112
953
586
378
379
534
851
362
514
417
658
282
578
589
592
358
1370
572
913
659
922
673
1095
1278
1518
1426
186
346
372
575
723
538
593
318
1111
327
431
431
809
596
605
606
762
1057
1217
533
519
534
275
942
358
244
187
253
253
336
421
299
522
327
616
513
468
522
646
234
114
117
215
219
758
297
320
197
146
316
592
155
154
142
296
896
358
253
231
305
187
106
109
184
355
1085
256
405
409
459
466
1294
512
921
389
393
393
397
404
521
536
474
659
659
804
912
920
360
379
383
394
395
404
404
408
421
427
476
525
536
562
577
676
685
698
718
735
777
778
781
821
883
896
934
936
984
1011
1029
1158
1214
1229
1251
1258
1455
189
107
225
534
250
697
380
270
271
277
287
365
378
382
416
420
542
288
296
595
615
689
719
746
781
243
792
850
913
1097
454
1376
1040
289
518
426
512
843
2520
903
208
213
220
221
1211
357
361
433
679
736
453
292
82
167
329
31
102
217
460
270
699
704
779
791
137
212
217
659
910
304
493
201
450
266
190
142
448
193
306
373
148
269
275
485
259
313
613
358
246
197
206
268
310
330
344
378
451
514
317
45
35
51
59
72
89
321
322
327
425
458
706
549
662
428
415
298
978
1022
1047
181
184
265
39
987
59
109
119
149
1167
382
431
440
286
274
596
60
39
42
44
50
50
89
100
103
113
124
133
792
519
329
308
1186
519
377
308
135
235
282
161
374
906
442
472
475
157
160
205
255
661
448
171
219
384
423
523
596
637
644
250
255
317
261
510
621
610
639
712
967
488
314
422
183
312
317
330
349
412
417
438
454
496
530
548
553
588
593
620
681
767
769
349
1091
266
1220
1297
290
1100
237
372
669
133
134
137
172
183
552
264
446
616
416
305
106
151
842
108
142
144
439
153
155
156
157
166
198
218
249
256
1184
1214
617
399
637
414
417
425
444
444
1353
453
470
616
221
223
762
428
342
433
719
262
264
445
267
443
167
134
228
231
445
311
321
498
486
139
357
357
365
416
555
428
250
219
250
218
131
216
263
608
308
1159
647
48
28
35
852
69
87
87
335
363
761
228
487
1025
193
295
414
210
1176
286
851
270
154
199
764
432
434
424
816
515
341
313
751
214
1053
1062
1099
1889
316
187
191
248
321
784
616
438
354
788
576
610
444
544
670
340
346
903
808
746
442
328
345
167
441
879
713
250
393
413
1026
596
42
591
124
181
335
341
356
358
365
374
439
443
485
494
586
590
678
725
733
828
945
1100
1283
1442
734
348
407
537
764
304
306
307
265
320
127
387
245
269
262
156
632
650
462
769
789
798
108
644
24
38
61
92
1198
326
487
591
944
59
22
26
172
45
114
186
323
179
335
654
404
476
443
168
409
169
353
780
402
408
718
412
167
127
129
215
524
256
693
348
446
348
269
1119
362
599
66
569
650
160
276
1046
624
412
619
747
624
351
829
267
632
836
535
427
413
286
647
537
125
125
262
264
257
361
430
315
546
219
142
516
812
294
300
1000
646
382
391
523
651
654
445
1169
354
446
350
537
593
594
950
300
131
334
457
471
43
43
47
49
53
58
80
81
83
91
126
144
151
1054
259
271
325
362
389
501
524
741
506
856
775
289
476
269
335
324
463
232
236
236
1594
308
595
324
62
59
364
638
783
595
427
256
258
316
424
319
321
324
781
536
773
1335
442
432
212
142
144
448
184
220
474
228
320
356
1198
1385
1537
975
215
126
269
315
426
425
351
172
1105
125
170
726
323
1130
750
712
373
1703
384
151
126
126
127
649
1145
264
809
316
519
420
305
246
318
410
414
263
124
592
39
22
134
531
119
46
50
73
99
283
113
113
121
130
1172
356
257
313
342
270
1023
1111
946
211
124
245
216
442
682
119
249
335
336
264
196
268
316
345
688
447
464
566
580
1140
1174
1248
407
119
216
374
399
489
503
593
1081
1235
1237
1734
1896
322
2694
1929
688
408
409
420
627
997
1002
1885
5264
309
1191
2597
252
624
224
256
1242
270
275
284
288
294
296
383
384
388
391
467
487
494
536
560
649
750
819
866
759
309
131
832
173
214
749
304
304
448
525
531
560
619
642
649
728
343
202
1089
107
30
37
341
237
322
653
171
172
205
208
209
218
219
296
355
386
388
392
396
515
544
555
564
197
540
457
668
551
307
307
834
534
422
131
264
102
535
351
368
370
372
527
553
439
562
447
846
711
766
281
674
1062
312
184
189
192
248
260
326
464
161
166
1128
458
566
567
750
462
327
1001
449
561
1269
118
756
764
155
211
1025
221
1264
1542
407
405
408
628
665
461
345
406
540
382
515
594
536
536
1526
827
749
884
200
202
206
211
221
299
1380
385
737
500
516
273
639
412
428
1208
290
565
710
184
274
805
185
340
409
461
704
350
693
330
263
805
119
552
622
699
416
423
943
675
637
745
937
495
275
244
144
195
144
191
246
184
184
512
191
337
337
582
234
128
135
140
812
231
262
478
527
414
347
351
312
313
697
702
355
418
1192
589
735
707
722
463
634
972
357
1156
1171
536
540
541
321
199
193
194
195
437
248
317
261
204
445
267
347
251
535
518
523
1324
401
404
622
265
271
357
455
562
563
1265
841
493
207
216
222
228
233
244
271
273
279
290
310
318
356
374
381
391
428
464
643
979
798
944
462
467
468
603
611
635
452
770
920
262
279
1261
1350
1352
1507
256
1008
589
312
314
424
527
554
565
573
2313
1141
722
420
264
350
816
278
432
359
549
267
637
644
662
330
336
337
271
197
439
440
129
540
792
1286
634
638
641
644
1067
1094
1711
1694
1574
1837
1851
584
446
259
530
320
2339
161
275
274
2741
570
216
223
234
238
248
2798
260
3443
290
299
310
351
836
403
429
446
447
457
500
3691
521
3724
679
3246
2405
722
751
759
5133
404
492
499
4518
700
388
473
400
1267
421
424
579
583
710
1025
1207
576
368
9912
407
274
421
388
424
316
534
541
457
1088
511
581
251
342
517
1330
335
335
339
342
346
756
757
896
1003
1076
377
376
382
523
947
652
344
979
311
250
414
420
521
347
413
207
568
985
537
1360
322
442
413
449
646
593
596
457
141
168
963
864
1468
221
646
172
173
309
750
271
554
747
219
221
223
224
225
226
238
255
257
274
284
320
354
355
400
409
410
435
452
456
467
468
475
475
478
482
488
490
494
531
650
652
668
686
700
449
746
56
28
386
521
1053
179
142
202
325
221
597
283
154
413
325
536
1491
455
456
485
504
385
527
556
292
671
682
391
981
773
162
1058
1073
167
345
359
569
509
845
124
310
265
393
412
413
696
1118
146
585
191
129
288
167
583
265
600
459
545
628
355
361
371
483
608
313
900
742
850
952
308
309
445
245
144
147
147
150
498
1112
777
658
1016
388
413
1070
554
351
270
1088
1176
442
272
134
230
1266
1399
317
443
318
318
541
743
483
146
287
144
442
696
245
743
420
426
562
848
441
202
208
1306
367
355
1910
167
555
124
311
312
189
110
114
149
635
462
262
339
454
815
337
596
411
143
298
844
356
601
368
308
202
356
429
118
316
622
131
135
138
142
150
163
164
170
185
214
219
225
229
252
278
332
353
274
218
306
373
531
639
654
709
736
892
967
630
189
1030
554
262
407
442
317
243
193
113
755
302
412
899
337
433
767
975
608
1140
727
594
597
598
742
673
1176
618
1047
515
878
1526
1552
1704
722
1130
549
959
964
2007
1263
1262
1797
2423
1742
1775
2769
1152
2286
384
276
222
1377
423
437
758
623
624
1153
801
548
970
1105
1454
403
1054
433
587
602
604
1344
737
758
778
783
798
426
1366
1687
1395
893
1461
850
495
663
680
852
1354
840
929
1405
847
505
749
350
825
737
869
617
6458
1012
306
312
507
675
961
626
565
552
1452
554
878
833
602
778
808
1637
560
504
782
1252
1323
900
806
627
631
670
1052
1070
543
578
792
2633
942
2915
912
755
993
941
971
2412
556
918
1680
585
1497
787
1764
793
796
992
1190
822
1065
1048
837
2274
979
353
914
1172
730
692
1029
1585
1777
5149
903
712
6298
2678
1309
1891
493
424
2425
480
971
437
753
673
504
5210
458
984
1011
1033
2130
1024
1318
981
1468
1562
211
780
944
154
324
302
343
635
355
294
542
318
1251
828
1490
627
48079
448
201
323
599
610
607
328
185
913
266
327
354
431
429
467
341
516
333
413
273
332
342
312
152
973
251
366
367
1285
679
761
816
368
575
1161
246
149
593
164
346
107
412
177
361
302
353
420
206
213
275
342
427
443
237
415
207
277
377
641
384
385
396
483
492
522
556
1029
805
842
595
620
1173
1319
1529
1536
271
403
170
362
348
436
455
170
354
134
716
601
899
1107
222
538
253
338
202
342
133
222
891
261
280
286
289
290
300
302
393
408
410
442
456
461
468
488
627
653
657
670
153
461
123
881
344
402
723
519
484
620
318
326
424
435
832
443
845
1236
1274
988
998
1010
1141
1195
923
833
740
262
263
194
196
202
418
432
260
346
752
848
199
112
120
181
287
1304
701
1189
1225
1509
1875
382
879
480
487
2468
495
1380
950
692
580
269
145
159
360
362
364
759
235
247
266
801
275
486
298
304
391
529
577
455
551
591
399
770
932
583
1011
1087
1326
476
377
108
203
114
282
294
5772
260
272
259
356
367
368
3261
441
465
478
539
801
1415
2830
113
844
1423
3004
322
324
1109
437
755
458
605
998
1014
295
1229
1047
905
195
112
154
387
317
519
900
903
373
649
1220
1192
355
368
286
290
418
637
267
527
116
286
206
680
313
820
186
436
443
768
516
516
197
126
339
487
420
113
112
152
264
124
967
377
378
868
1378
1350
1723
275
2150
689
690
688
1122
702
444
1268
584
779
359
377
430
322
980
425
431
437
446
1578
545
549
206
795
477
5419
207
1016
705
714
271
1073
1037
450
204
674
783
342
715
355
483
263
280
267
1080
991
426
536
545
538
351
223
106
107
446
714
263
623
280
274
281
284
288
289
290
362
362
626
448
450
545
306
307
311
863
1018
401
635
1132
1136
145
119
282
298
944
195
484
489
761
654
318
201
183
145
414
489
62
50
415
56
514
354
413
260
389
355
216
354
1441
265
480
206
211
277
779
385
525
202
940
207
330
1332
317
646
347
1513
733
1026
417
412
699
552
992
248
521
248
977
396
529
631
578
1471
126
587
310
340
354
455
272
360
484
451
202
389
355
416
1348
1444
569
382
649
784
1579
849
1082
477
128
714
133
141
173
179
187
193
383
522
888
588
670
1422
917
1250
1194
264
384
864
275
360
453
458
462
628
653
416
830
315
839
185
579
831
249
142
247
575
505
364
544
329
1756
859
695
357
357
113
248
117
119
126
48
32
32
34
35
37
204
633
295
247
485
338
499
143
357
270
246
443
294
303
269
270
272
351
355
367
655
853
998
512
695
412
644
559
1130
408
241
242
243
574
325
407
495
326
580
238
240
346
209
215
216
48
33
357
628
645
1492
782
54
29
29
55
843
439
789
413
1046
134
223
721
516
146
453
416
427
1318
687
286
287
290
298
313
315
318
319
323
324
336
342
338
351
352
355
359
422
454
487
492
532
543
574
602
626
643
678
709
729
762
898
1009
1057
1090
265
247
316
447
409
516
416
417
1033
390
515
529
668
778
916
921
417
286
290
1718
310
630
647
384
286
291
696
710
1718
419
310
972
267
415
199
739
697
706
840
563
686
765
953
584
112
706
419
148
149
190
278
518
682
734
950
614
375
5136
148
150
243
303
340
170
124
226
261
378
384
387
237
342
874
187
344
563
311
348
556
202
211
214
274
202
356
595
842
573
447
596
576
1049
1205
956
310
643
540
472
317
338
383
635
490
779
305
309
310
312
318
1066
412
414
482
492
513
540
604
628
691
262
811
832
256
431
305
519
524
719
1930
726
366
1806
350
311
262
774
262
270
352
464
489
822
384
389
592
1098
886
529
437
417
210
479
284
362
665
310
596
472
356
633
698
598
418
619
310
422
308
312
317
219
408
328
526
529
136
437
441
859
415
767
947
296
156
202
1070
251
258
262
736
310
338
354
259
434
452
547
726
748
871
1262
464
316
512
631
311
313
321
426
827
955
695
416
839
352
1080
649
755
311
312
745
777
220
176
643
306
318
423
436
756
984
424
426
191
352
245
201
467
853
606
516
1036
214
23
26
103
319
418
429
252
136
26
31
618
311
1192
143
146
246
318
624
526
638
196
523
419
1092
310
295
142
145
193
305
310
841
314
773
1162
336
439
315
647
650
217
171
699
455
416
443
273
280
361
368
371
375
450
561
634
752
442
442
82
41
318
872
244
990
298
575
142
142
193
956
316
427
143
535
128
29
650
292
195
350
742
54
47
60
76
90
92
112
122
172
196
246
248
428
456
588
677
681
247
169
129
143
144
145
223
309
316
270
534
404
220
128
176
220
241
142
36
28
41
42
48
83
357
183
192
388
568
524
633
1695
1779
125
208
127
287
313
354
3768
529
423
2336
313
327
330
341
342
344
345
416
420
459
563
563
1188
634
661
773
951
1017
828
1390
1470
429
658
379
488
496
501
604
625
1265
808
280
673
401
291
887
289
291
385
391
1289
705
11593
147
448
755
561
270
271
274
277
469
1250
833
441
934
410
1122
669
538
295
192
699
336
283
1014
274
277
1754
124
130
270
22
23
568
274
270
342
524
190
197
312
347
173
179
342
1520
123
413
126
265
622
143
377
1386
455
173
219
314
513
526
344
220
1300
214
129
131
167
173
188
223
245
258
281
326
394
343
409
307
411
515
261
126
260
112
148
538
622
347
274
968
645
518
219
129
169
307
221
473
312
347
128
146
125
192
427
543
550
551
290
353
416
2020
109
906
196
263
459
178
129
582
1626
1315
333
264
786
328
332
337
471
559
583
587
688
1150
1289
529
286
386
688
397
402
144
418
107
107
185
310
320
409
408
283
305
310
314
332
339
132
172
535
563
567
620
737
767
858
323
904
211
215
1086
203
483
493
173
182
230
231
264
435
973
527
998
677
346
650
458
459
561
677
630
516
469
412
338
344
983
1306
575
343
363
461
476
478
573
710
721
825
948
32
40
192
145
192
295
145
246
188
143
1170
652
945
942
175
142
344
477
197
555
410
225
275
203
634
318
322
421
640
223
167
528
721
532
625
375
130
1230
202
257
146
301
270
143
141
589
534
316
320
423
439
105
185
226
355
791
906
533
537
285
537
168
342
146
128
218
645
318
325
535
766
1312
524
272
404
202
195
647
256
304
206
221
309
527
246
194
342
296
427
142
317
145
536
582
316
1064
263
455
355
357
302
736
629
403
598
527
534
320
535
260
265
848
752
522
182
310
510
370
155
667
251
633
391
375
953
1052
1130
705
346
716
949
1193
341
328
813
784
1180
1032
874
641
263
555
266
725
667
185
252
107
182
313
200
592
267
341
670
455
485
624
675
600
690
343
209
272
355
357
267
521
110
556
200
728
463
1058
105
160
200
274
294
574
262
533
274
204
215
386
240
282
443
501
517
305
607
542
323
426
428
182
223
985
1375
331
1176
698
917
343
315
187
248
321
844
388
460
327
308
523
439
445
564
344
302
736
432
854
859
667
337
553
584
680
684
785
341
1418
340
386
549
380
380
381
1069
1337
2019
2022
2036
209
401
2115
2450
466
536
469
476
500
667
876
900
913
967
991
1005
1094
834
841
1460
1503
1673
2619
4765
3488
3616
713
1934
8605
544
256
323
872
340
204
1451
340
693
1066
703
352
588
710
1089
356
254
121
167
444
204
344
555
226
232
251
346
468
571
803
805
782
1275
444
533
272
207
445
267
526
447
35
25
36
119
163
676
810
1144
1236
423
427
431
444
560
566
568
582
582
585
587
459
701
702
852
272
1022
1656
345
347
365
456
466
505
606
824
829
870
985
1164
1280
1433
275
1675
172
1817
524
318
325
419
430
533
631
1420
719
446
1264
412
555
262
261
263
274
275
289
292
370
372
380
469
541
424
589
649
707
716
678
1214
1368
871
879
628
352
664
387
200
996
423
1130
552
414
414
425
430
436
443
447
452
512
564
575
595
698
704
716
875
881
985
274
1157
147
749
247
254
1463
1624
53
299
25
147
298
480
327
328
596
353
467
586
346
821
1018
465
349
350
779
819
265
340
144
433
106
641
276
330
334
336
431
268
276
573
646
800
642
918
993
835
855
225
376
119
205
336
782
265
386
388
1025
552
151
725
190
199
378
330
348
206
118
534
564
1208
791
694
1059
1182
1216
989
683
353
412
889
464
983
576
353
781
474
482
136
1163
109
862
573
1180
1326
266
273
372
635
636
950
596
58
73
471
262
266
274
275
459
547
907
465
354
837
603
441
1075
202
355
715
561
516
266
701
610
633
442
622
458
627
729
735
857
699
564
992
1129
466
583
474
553
382
387
394
395
404
513
646
653
665
1179
1364
1771
587
830
671
263
196
204
208
220
231
232
235
240
244
280
322
340
355
368
432
440
522
573
574
592
594
606
647
676
718
648
767
779
845
878
905
1112
1300
561
1349
1424
593
352
597
335
178
299
405
124
216
262
118
495
509
563
442
459
557
571
415
694
128
351
1123
969
205
328
210
211
989
272
286
507
524
354
572
584
683
299
135
174
175
692
506
312
347
351
352
418
719
827
566
1078
330
635
159
125
174
130
159
251
379
181
344
516
651
761
897
341
817
410
361
310
312
147
525
253
318
588
707
312
112
116
128
132
138
167
223
244
307
319
342
400
444
554
675
817
689
518
519
521
1044
347
178
351
359
362
371
372
374
132
505
237
596
599
609
320
839
866
1084
596
359
592
868
1089
1477
264
403
107
257
181
127
214
402
587
1184
206
124
390
1163
378
287
126
127
139
145
147
161
194
203
209
219
241
245
284
304
567
354
526
538
539
1008
1073
1156
772
471
474
347
118
346
124
125
352
595
223
193
358
360
393
474
487
618
346
843
131
461
489
1125
580
166
267
243
274
290
336
347
359
368
400
403
1812
1065
1175
1271
170
215
644
902
221
515
107
186
311
234
1443
1089
420
348
124
132
136
142
438
274
311
375
453
595
1494
712
547
876
851
597
261
171
220
257
124
124
466
347
356
357
359
355
594
599
602
832
961
758
263
262
347
169
532
223
965
307
311
585
518
266
262
271
272
276
278
279
280
362
449
511
1304
956
841
853
213
124
596
482
604
837
515
630
273
287
292
368
380
1074
455
853
464
470
487
634
665
604
387
352
1026
522
522
600
995
701
1212
171
129
705
707
175
308
626
304
309
450
726
733
779
216
171
516
529
1066
1223
1299
290
161
819
348
707
642
382
385
648
47
514
757
1843
1539
781
1502
355
391
4960
1092
238
106
660
476
716
3319
641
347
757
600
603
701
644
845
1074
186
107
345
276
707
107
107
328
375
330
331
409
317
427
1199
696
540
542
442
970
977
824
540
2110
742
743
675
281
348
649
361
467
468
478
712
1243
1192
1495
1167
107
343
112
113
148
156
460
201
222
233
279
141
145
145
153
154
165
168
174
210
305
327
351
395
397
578
385
677
751
1115
504
644
891
1743
1044
241
1173
1479
253
1366
459
565
343
345
958
597
1692
392
557
695
425
431
549
556
751
412
412
649
306
411
954
515
412
724
511
388
512
473
227
229
446
402
447
456
599
601
605
326
608
609
746
1967
53
35
55
808
861
150
185
192
26
37
46
48
64
80
138
139
175
470
998
350
352
466
58
42
410
308
310
481
355
1180
90
25
62
442
989
455
416
605
607
1052
752
758
698
1060
345
516
181
190
342
383
617
107
406
114
115
517
192
648
844
389
390
399
520
532
657
673
775
918
351
938
435
894
748
442
273
408
202
830
195
258
466
149
174
194
206
213
287
254
267
311
328
359
248
491
585
667
926
456
462
464
470
629
755
789
900
908
1099
1379
1398
286
773
395
246
404
539
242
838
987
1410
141
143
148
219
192
392
584
603
678
580
303
840
206
209
212
628
198
450
707
196
1064
208
751
349
403
105
107
149
197
259
361
190
744
900
1267
227
109
111
144
343
33
52
92
152
237
125
127
128
710
346
562
346
568
56
36
38
48
56
100
109
117
140
176
710
608
427
368
346
599
360
362
210
216
228
236
239
240
291
321
376
384
421
431
387
484
998
567
901
1128
1191
344
157
373
615
688
344
170
354
830
1439
1402
586
151
158
342
346
580
812
443
777
329
589
783
914
705
524
71
169
23
125
168
260
317
306
323
473
887
578
650
206
417
451
557
672
327
645
32
56
59
79
97
149
176
183
202
219
315
777
413
327
328
385
418
427
554
651
563
784
857
653
1023
424
427
448
449
470
1597
1553
648
530
657
668
676
688
770
776
779
177
932
937
293
1165
1206
1312
1811
713
420
594
600
722
731
544
837
867
883
340
1168
1183
1102
1408
745
203
209
311
494
569
952
82
25
64
215
130
132
182
263
264
315
455
344
835
456
711
827
948
727
734
1051
875
886
206
1098
1140
210
211
214
291
520
577
599
631
412
554
556
399
444
1140
463
417
340
845
981
985
433
751
325
112
646
778
739
874
341
536
799
179
441
776
777
2454
1085
761
1293
810
996
1862
450
451
1735
510
373
515
452
460
1097
1115
1121
1192
195
153
237
216
167
173
535
447
321
267
471
907
352
478
259
512
220
1162
334
1153
1155
683
689
710
711
717
719
745
1160
1217
1614
1758
1768
1776
288
610
2256
1681
2388
2396
623
1860
676
2506
2242
2104
2945
131
429
3097
3132
219
789
325
4039
170
1315
1045
262
6474
364
142
148
111
115
117
196
279
293
273
167
347
462
803
341
909
385
645
413
412
451
185
456
287
319
615
256
719
326
131
165
167
218
302
1258
419
714
718
848
1262
346
203
343
206
342
710
490
396
134
135
141
143
189
227
229
264
282
457
167
202
203
316
329
333
554
870
511
1412
1496
612
360
179
180
183
799
187
196
202
206
276
306
318
320
349
411
416
493
560
613
867
1057
1069
204
210
211
481
493
645
385
643
144
145
266
412
278
295
221
226
233
392
457
462
465
476
498
508
610
656
775
884
801
913
959
1022
976
125
124
125
382
171
262
311
265
111
149
443
722
269
128
1050
206
205
211
213
215
216
348
353
361
125
135
983
511
276
285
291
362
382
446
458
461
468
470
475
844
1149
553
331
562
671
788
354
262
360
458
555
927
314
311
618
263
701
551
863
572
204
208
211
272
352
363
382
442
596
1578
440
422
694
332
287
562
169
227
424
798
788
1011
1401
844
172
237
286
293
358
405
347
352
354
355
463
439
666
677
321
283
316
294
307
545
554
603
382
521
656
833
352
356
601
719
726
538
227
987
316
427
429
432
432
258
256
597
41
28
1090
311
317
531
202
42
272
90
701
939
803
340
341
579
1542
411
718
698
598
671
664
475
281
536
425
539
649
317
542
978
465
582
701
624
479
932
2674
776
695
834
203
239
240
258
262
265
265
271
278
288
290
299
300
311
312
316
321
338
339
345
349
365
368
369
370
373
374
375
382
384
395
422
425
430
457
478
498
531
542
551
576
605
639
643
663
681
718
747
755
756
758
805
808
814
848
852
868
972
1031
1152
1532
1608
1624
1698
1830
2060
435
259
346
382
345
513
417
496
701
142
47
49
88
403
435
444
120
130
155
559
568
238
583
596
604
749
858
680
1152
421
415
415
342
498
587
181
349
266
582
593
425
333
316
335
552
558
273
675
486
424
644
575
341
345
461
582
585
750
320
1091
415
1153
732
445
356
367
779
721
729
1142
843
1222
1493
332
112
112
442
332
334
340
449
319
680
440
189
392
344
606
622
698
801
586
585
339
346
456
928
532
427
477
1023
369
474
489
462
577
626
802
893
959
1598
1819
552
666
386
484
272
344
595
194
196
832
107
107
109
595
356
601
1023
981
799
1544
311
525
352
363
477
726
727
1678
457
203
156
197
477
630
596
310
314
415
1125
188
106
112
112
116
118
126
212
232
277
309
325
327
431
562
978
625
553
412
554
471
475
1278
445
268
372
463
536
1007
795
107
191
265
584
800
583
346
459
574
685
291
395
495
1253
442
623
447
286
287
745
757
482
552
663
779
847
1210
1254
341
1554
457
578
109
107
376
417
380
597
508
637
353
528
477
1026
475
353
145
222
304
834
356
353
889
355
107
112
435
837
702
806
805
431
413
521
217
124
415
437
441
457
582
725
833
1005
1451
1539
248
193
827
1601
350
459
595
1108
1372
724
353
669
443
597
250
184
595
193
256
322
513
1813
412
419
561
562
353
991
360
361
368
375
376
705
503
602
630
636
677
714
781
409
859
861
896
524
546
572
678
682
703
724
1178
855
1324
1365
1001
1469
1215
1226
251
1542
184
312
1641
262
311
310
631
262
312
414
351
837
356
728
263
1085
683
595
693
634
423
324
347
484
485
332
582
588
592
759
268
986
265
266
1183
278
284
484
450
467
353
299
769
784
603
929
1340
529
893
364
471
476
614
855
972
581
282
821
827
378
407
831
305
736
611
1463
400
401
404
528
530
630
356
363
366
478
482
898
904
962
920
599
607
1526
348
123
355
1776
263
362
446
539
426
344
1007
256
344
429
439
345
271
706
347
382
704
285
371
310
557
508
512
520
1466
2083
1724
271
802
304
306
314
329
461
467
476
502
519
639
722
949
1239
1339
964
2222
747
2055
667
592
593
1015
1211
1217
1255
1325
1633
2017
866
1273
1036
805
641
643
1036
625
487
1415
1119
497
614
2169
733
741
747
993
1261
2020
2506
1207
391
533
738
475
18564
453
1334
1514
754
225
333
1499
406
420
507
589
684
817
1004
1020
714
736
747
761
582
1206
1450
1742
2000
731
1017
1037
1254
1700
1873
908
1396
1300
1112
784
548
656
1070
931
947
907
981
1847
757
2316
746
1760
1256
553
1603
1239
1067
1134
1080
288
698
400
1051
493
343
621
638
565
755
953
637
1130
1144
1555
934
1346
1471
480
848
1016
514
515
43291
757
433
319
215
428
822
517
364
304
595
703
274
214
441
282
290
347
334
338
340
341
568
851
783
259
462
585
445
591
443
1313
706
710
714
715
716
926
935
322
1007
569
573
1211
9756
501
305
352
441
602
1113
602
203
346
467
455
463
929
474
365
365
368
369
377
595
597
633
739
880
1128
1208
1379
1049
716
376
441
365
433
337
338
342
385
386
595
610
473
507
730
734
749
661
847
689
778
628
1030
175
1272
567
315
532
144
294
811
256
1187
510
532
484
322
323
206
278
350
415
758
143
144
209
243
363
547
313
187
469
378
704
228
130
132
460
442
185
574
197
147
255
295
512
648
1313
262
443
416
202
177
235
327
369
846
862
886
1433
1434
1453
1459
1838
1962
1975
964
2089
514
518
526
2056
676
692
712
780
912
991
1018
418
431
433
434
1209
1247
1443
1452
1487
1036
1654
5399
920
1421
1541
2195
564
912
395
1700
383
364
365
467
264
269
270
271
516
389
654
641
708
422
540
523
532
647
915
281
1286
1389
490
1470
416
318
324
326
416
383
535
650
669
844
883
1360
927
586
357
474
586
830
193
248
506
895
446
827
1042
412
420
625
405
305
408
146
247
252
413
626
305
401
939
197
402
171
516
142
625
363
635
710
758
384
476
414
623
396
257
912
648
824
470
892
381
899
413
301
304
242
694
191
190
532
243
424
142
153
219
300
346
386
429
546
346
464
238
327
407
619
317
317
726
955
472
478
463
585
694
455
404
319
169
168
971
125
316
317
306
218
315
661
409
767
617
352
472
935
643
127
137
153
179
193
334
207
220
234
432
308
336
418
569
579
591
601
975
354
1018
354
366
473
481
507
473
599
641
741
752
869
370
1006
1215
460
260
169
689
1069
304
317
410
535
585
825
506
350
349
465
478
895
968
1115
1182
171
399
143
542
383
510
142
197
124
124
216
635
770
1039
1147
308
132
224
721
412
643
644
377
266
261
353
765
305
317
322
340
408
414
428
522
554
665
683
735
768
770
779
1052
1284
584
347
343
257
353
623
281
355
379
467
487
900
918
259
559
130
757
827
512
1779
435
582
474
911
596
385
388
779
1040
334
265
778
320
349
524
324
327
602
689
463
742
818
466
225
136
195
238
263
324
334
350
498
557
216
1465
332
346
347
352
364
368
384
387
389
390
393
399
413
420
422
427
428
439
452
453
472
484
508
515
523
550
559
594
612
618
666
704
708
714
726
794
807
810
814
819
839
841
868
884
908
925
937
938
942
951
969
974
869
990
1041
1082
1091
1154
1162
1179
1260
1262
1384
1415
1003
1671
1783
400
411
667
255
339
1363
1498
1588
1711
230
177
178
179
183
238
248
306
326
350
373
380
493
726
1492
318
419
209
213
214
298
601
369
451
167
174
582
302
726
875
800
535
515
468
265
306
181
192
194
413
259
294
324
423
448
498
505
515
552
577
752
223
179
307
307
309
511
512
581
590
675
317
247
362
1166
202
647
202
426
485
422
423
1043
384
316
257
324
328
334
443
582
248
247
591
599
948
1737
318
1165
322
322
323
336
338
446
211
553
642
660
668
764
277
742
442
432
1680
886
327
245
543
373
307
416
390
2507
247
479
184
590
1073
584
585
647
521
384
389
516
263
351
447
661
946
2307
597
600
855
1082
482
356
352
346
346
353
412
335
200
346
619
997
264
357
445
931
130
520
334
255
258
259
263
264
433
600
1056
130
135
228
232
238
244
408
406
204
215
263
522
297
302
342
353
363
414
452
493
514
711
755
1220
243
312
939
203
201
518
343
319
325
326
330
331
336
340
409
410
433
437
444
539
541
649
775
832
477
954
207
1195
338
599
251
363
378
382
388
478
485
521
742
868
911
1061
1084
1108
1162
1185
1280
515
411
223
167
596
552
261
350
524
1208
136
151
1340
311
347
310
316
323
327
202
524
638
642
1223
222
816
131
139
224
322
143
145
245
723
70
67
142
143
253
353
353
607
259
260
515
646
511
42
61
1334
185
106
107
106
191
500
68
34
60
60
97
325
182
213
917
291
472
383
268
515
375
842
322
549
635
960
1004
1041
596
447
449
592
282
167
387
386
388
389
1197
667
796
1238
470
351
583
84
271
648
466
646
516
644
304
304
371
1455
353
468
597
616
350
1056
347
463
828
419
424
427
526
538
978
1312
476
355
596
28
32
513
408
413
414
311
310
524
61
69
110
139
265
1054
1298
524
723
1141
134
132
947
128
132
135
257
182
263
951
350
1055
305
386
801
308
655
521
1172
409
406
444
441
895
1514
719
1197
213
125
523
420
565
319
349
215
488
237
241
238
320
1047
445
2075
239
485
304
213
1305
416
554
199
203
333
305
618
624
267
351
452
516
619
350
263
823
322
318
214
141
178
245
266
284
328
456
459
514
914
265
447
285
166
351
225
443
617
604
677
846
560
676
166
524
167
309
311
524
351
436
270
264
266
361
365
346
448
539
524
1021
1006
331
335
341
346
441
570
906
1035
1042
286
286
346
475
538
270
361
451
263
446
989
524
181
184
185
193
200
202
259
269
304
311
344
372
510
611
663
783
391
294
262
588
269
354
489
1564
284
462
647
392
522
644
909
912
1322
616
444
445
449
451
467
479
671
73
682
81
84
693
704
102
604
804
824
928
1101
1214
1230
1667
329
564
574
672
680
351
442
623
442
898
386
386
386
