Tue May  3 20:13:47 EDT 2016
Waf: Entering directory `/nethome/dkochar3/project/reproduce-red/build'
Waf: Leaving directory `/nethome/dkochar3/project/reproduce-red/build'
Build commands will be stored in build/compile_commands.json
'build' finished successfully (5.128s)
Load generated: 773703 bps
Number of response times recorded: 18522
143
203
168
74
210
315
49
235
103
157
393
232
217
255
266
481
396
440
365
547
397
554
439
441
449
624
417
569
631
605
567
425
499
561
530
631
838
561
571
677
160
697
157
327
316
328
329
337
341
711
293
1008
446
467
488
419
364
302
1020
780
618
876
1426
286
539
509
648
581
473
478
843
1737
1681
1781
1669
480
1945
525
1626
367
287
680
2012
813
855
654
736
468
1978
774
469
2115
2095
2123
409
413
500
468
356
2333
456
486
396
457
756
218
191
2234
419
84
635
604
368
510
295
1565
227
603
2461
2147
287
248
455
421
155
735
1166
1490
1527
261
264
1344
304
432
1591
1644
621
1850
334
1420
1654
511
2457
421
584
430
515
644
685
667
561
561
2287
538
359
1862
398
1702
290
2666
2553
2293
463
1656
591
321
2174
1850
179
206
182
2437
767
1962
418
3161
354
523
453
495
3199
581
1865
388
2142
590
2552
1393
498
645
688
2129
2527
429
1639
349
2547
2511
2458
2301
2670
1434
375
1593
521
390
991
1721
3545
2243
4168
519
494
560
510
2046
2114
1905
2015
2020
3633
3534
2551
489
132
1820
414
3292
2427
524
527
588
1632
425
1561
1476
2058
3575
1486
220
2338
2441
2609
337
714
3754
3452
2435
4974
3869
490
3708
4650
2718
1927
2409
4593
729
266
241
3665
299
311
3812
552
5398
3378
288
1851
3354
4895
5402
1997
3476
2264
2370
2098
3469
3595
2625
3729
2768
5175
773
3441
3370
3875
3576
2552
3548
1277
1821
1726
2477
6083
4985
2515
5404
3135
3569
5441
5620
1778
753
3664
2908
3993
5016
4915
777
4819
1858
420
829
442
451
5104
449
3539
2276
2715
1931
6221
4085
2312
1854
703
5668
276
1624
3392
501
3656
3530
4259
778
3922
5659
673
4105
2384
585
4416
5364
1862
7001
2096
5325
3785
4924
3884
3813
3668
2435
594
2299
4572
4831
5517
3972
4819
653
3465
3395
1913
5484
1701
5001
2822
556
6380
7119
4275
4036
6366
5869
4313
3589
4141
3335
3847
5356
3979
1664
1663
6632
3208
5625
7252
622
2719
2577
2534
6339
1823
5797
6686
4695
3601
4554
2121
2054
3637
8644
2414
8279
3029
2349
3316
4840
1481
6120
1298
3468
4136
5682
1548
6621
4777
455
3420
5048
2335
4642
3757
208
4682
6415
5697
1975
5347
9028
7154
6519
5369
3828
654
5461
708
7873
8707
5534
4761
5587
5556
2477
1755
1766
3807
3765
4414
5788
2273
1814
3405
560
5895
7950
5177
2620
2052
490
4872
3856
6460
7210
4071
2217
6442
3441
6435
6232
3914
8942
1789
3053
4009
3213
1635
2584
5122
2604
2657
2669
3666
9606
7003
9553
9413
7115
1804
5594
5949
2646
6772
9512
2048
6802
6791
8255
1805
2178
6631
2274
2982
9239
6763
10925
5896
3461
156
4591
6500
5758
6758
3717
3511
5596
8343
6434
8309
6331
6335
5190
7590
7606
7601
3759
10024
9763
5408
6031
1429
8430
8224
6668
8190
5832
3364
3367
3376
9836
3711
7998
5261
3387
726
4802
3534
10881
5676
3673
6612
4169
5396
5447
6960
5411
5461
4397
3321
5778
8293
4043
5624
3977
9581
8378
8380
8918
5972
8436
6642
6581
4991
2772
3719
4731
4840
9661
6620
3892
7820
8785
11107
3534
8310
5677
8827
11145
6292
9758
3541
10855
2596
5461
11840
9500
9976
9962
5183
6397
9138
3646
5560
5294
8577
810
6540
3786
3712
5430
7156
6539
7890
6736
5508
8556
9367
5481
11367
9419
1706
6431
6734
9505
11632
3734
7812
5135
8395
8606
6587
6495
12172
8594
4948
5729
5816
10563
5823
5823
5024
6020
1906
9771
10874
10299
6912
4913
5458
9263
8758
6574
9719
13175
7534
12146
10759
6624
6468
8303
6562
5507
8882
8813
6690
5610
6660
13968
10165
6680
6951
6555
9037
5964
5825
10950
6135
809
5482
5720
4728
12932
7969
6915
12843
10828
9707
5487
3095
5599
7095
5049
6871
6784
9940
12609
2969
6357
7020
11089
6475
6459
14554
8598
7191
6637
10137
14708
1857
2671
8394
8170
8591
5459
6591
6581
6003
7150
10673
7810
5586
8407
14285
7688
7079
9594
14603
7566
7435
7054
8763
6005
8000
7880
10267
10705
7899
12652
5371
9713
11910
15089
10215
8195
11818
7414
2343
550
3813
10659
6605
9775
9283
3824
8640
8882
6644
15582
8494
8718
5609
10182
7729
6632
16099
14310
8217
11572
6840
8772
8465
9359
7835
9989
8630
10126
5510
4403
9460
6615
8009
11383
9111
13181
3736
6249
526
3433
12058
11052
13970
14008
3581
16272
14076
13150
7895
7415
14273
9749
9569
9623
8991
9712
2101
8370
5492
10862
11459
11528
11372
17284
10786
9767
7978
9704
5681
16924
9237
5447
5532
3623
9631
8159
2431
8598
9424
13726
13063
11166
11496
8624
9076
8396
10066
5718
8253
9047
12532
8140
3404
731
2794
3355
5790
14295
2048
3511
10401
14676
14271
10950
14204
11601
3868
3560
3638
11283
9610
8126
9472
9375
5774
3801
8488
10896
5156
9617
9920
3145
6681
16655
9670
3120
12866
5586
16173
2688
6907
2729
17729
2452
5610
11593
11391
12626
3131
10351
5681
11210
10809
15569
15448
12629
15373
4572
11433
4716
3914
14329
7049
15748
10705
15787
12124
13867
5256
9000
11035
13421
9096
10372
8061
9806
9594
12363
5773
11771
12254
6515
3397
14473
12166
14857
11998
14649
6589
13621
14461
9308
3867
11736
814
2486
3820
16746
12118
19236
14182
11428
12232
13353
17536
2278
8374
757
2317
13080
16225
12683
18663
9611
11906
11407
11435
12823
15970
12520
4991
5704
7112
15917
12889
12905
10647
18336
12531
11367
14721
14473
12760
13700
18208
14126
10993
15711
13924
12088
18142
12905
4728
5621
16980
16686
20444
17049
907
5469
13321
5644
14403
4176
13701
3380
11591
3478
18547
13795
12917
8526
17386
12399
5475
3768
5651
6793
3607
8241
17519
982
10620
13714
17793
14022
10021
5590
9594
17805
7249
8329
11889
13864
12752
8420
9923
11772
15376
8756
12973
14950
18152
15331
15831
13968
6708
15727
13224
12558
583
15850
6663
16412
2456
14611
17327
6860
5220
13943
15883
3773
6540
15857
5082
6729
14779
13005
15250
2673
21892
14892
18651
14304
10486
15710
10342
9427
14959
14693
21739
14976
14446
6745
16077
2593
9478
14792
14501
14273
10230
18212
13049
13526
7019
1810
14153
15389
2534
14568
14381
2551
16033
5569
6485
18778
2527
5298
15646
18021
11449
15600
299
17195
21371
480
5750
15693
19546
14683
18149
20695
608
20329
13436
546
19746
713
22637
5730
17483
10931
18675
21123
7110
18822
5963
13212
9487
21643
20099
13750
17725
12826
14862
6693
20648
9935
14343
23106
17646
19135
21332
9420
7801
12424
9484
15162
15421
18675
14476
9794
3959
18502
15801
21573
6817
15413
10481
23729
19213
23667
4483
5486
21986
20679
19909
14371
6928
1676
16229
702
16930
17947
3781
14476
5679
7249
4715
23832
17065
12613
20960
15532
24519
17253
21426
13214
15979
9142
3770
11703
18480
15195
24297
6640
8796
22312
2327
14543
19471
17567
22144
19062
9477
9851
3663
10845
10446
16131
2565
16875
17891
18196
3508
2477
17929
5710
17728
8725
16344
3783
15746
5862
8514
23530
5767
11652
9045
11130
21477
17040
21952
18334
1647
14428
18490
8727
436
13899
13880
11017
22475
12302
18753
5603
8676
12313
9651
19129
3405
22717
6824
18882
23893
11462
21973
8171
14466
17448
18803
4983
20668
22412
17968
20262
9717
3975
3878
22197
3705
9553
12988
18017
11618
20899
9755
17820
6955
9757
14054
15411
21756
25201
20731
22833
12747
9648
24714
7371
3990
19865
21301
16937
10715
11473
14407
20066
3556
7136
19461
13994
26849
22521
11292
3655
20433
19916
23914
16058
9757
4723
6685
7725
6713
22028
7403
12081
2653
20451
12945
23352
9355
23905
2620
21893
5500
23686
7962
22046
18977
14494
4825
5611
4860
19584
8102
10803
28233
8306
22164
21084
424
12782
11245
17724
26842
21761
25149
24168
21480
12984
21329
14634
663
2068
4934
6619
21113
6987
14531
8605
14600
24445
17440
9391
27818
13271
20648
6743
12457
11740
20981
20774
21087
16048
18266
8611
8215
22558
8987
13507
25564
10668
4773
21427
6365
18546
27091
9702
14205
22716
9556
20645
476
476
6731
15495
26620
21161
22123
26021
3838
1734
25313
20479
21640
5554
23542
10015
7992
17552
2537
26655
5879
28434
23611
21749
4114
20698
20229
25095
6431
18704
22815
22641
5425
530
7200
20337
12919
23815
18425
10129
17765
10108
1668
2767
22868
5466
23202
18767
6896
6560
13584
25965
14973
17691
5462
23370
10963
24477
23647
26160
30555
19235
21702
9952
27814
22814
907
3794
2578
18102
21706
5017
30841
3603
22254
6859
26469
29510
6571
23882
25649
6921
3587
15833
27953
2378
20492
26251
19990
16382
19525
15787
24128
31736
3482
2346
10850
26698
27867
9502
6436
9454
20411
5327
20337
23550
9677
4402
3527
3540
11636
5933
11900
23123
23529
14690
23465
9653
14733
2423
12563
14807
25502
9305
6740
27587
2418
29657
19528
26108
9035
14761
12510
11476
18207
15597
3707
23888
19364
5567
11464
30548
20687
27909
18367
477
2647
5827
21411
28790
26630
24006
28933
26667
12464
25608
24725
5795
8042
24505
9302
6733
6484
26117
30916
29324
12831
13018
13037
17215
15615
24608
5612
5661
2717
20482
16085
28072
2502
18676
29663
4755
18891
28918
26062
19785
10116
4034
4161
28312
18989
18818
23057
32752
12860
18850
31405
19172
22060
31634
22634
27954
4819
6652
6402
27634
9069
18559
30743
26245
17093
6751
9905
22403
4054
17168
31707
5022
3427
30205
32091
3532
30994
1083
5665
5667
5667
18738
20744
20839
5928
18852
20340
12503
20490
25773
28162
23020
6474
33737
10846
425
33632
23580
27418
1886
1899
26924
3874
28691
22348
19016
3633
23749
12647
33512
14252
29727
27060
6436
20852
29445
33577
35047
28130
27673
14518
10164
2451
34070
2499
479
23230
29356
33937
3689
13583
20649
13891
28407
7213
32549
19150
13299
8703
27956
9631
27639
26367
24656
32483
2703
34267
8418
26887
32588
26821
2895
15785
33371
5102
26728
33812
28532
14658
19350
5749
34996
28538
34347
31698
5758
30733
28568
16793
15691
13733
3670
11367
3673
8722
33654
6409
28707
35858
28079
13517
29511
18793
22011
19104
6902
8587
33584
23080
29744
34326
1591
4720
641
14487
12771
24420
10083
481
37407
23063
21662
2455
2461
2480
3579
31271
26121
14447
28142
9908
599
14609
12816
2673
27291
16007
34272
25534
6577
23662
6603
34968
27800
21200
6617
1918
11796
29640
5884
6399
32658
14630
33494
6900
18547
25810
22600
28117
33578
9626
2089
2314
34776
13707
32625
15332
5552
7710
3397
31439
3401
18059
7424
3540
3551
3554
3558
14633
4217
4699
26700
2265
34470
35342
18891
4627
15955
30942
12944
3938
38008
27545
14750
6490
2491
30376
2626
5670
30651
26066
21570
18795
2466
36201
2802
3159
11025
11218
30466
35786
11658
625
34686
34721
662
34776
4530
18557
5470
2384
837
34624
36789
26638
11079
6464
3790
33428
25548
19677
33866
6698
35690
20139
870
24669
17827
36712
36835
5431
10972
3727
17406
6930
11506
11508
27264
8046
9527
36699
39935
37694
15656
9591
29592
5469
4026
3462
20688
20578
20903
4536
21303
21644
11807
31970
9798
32428
5747
11517
20582
25596
1610
12022
36166
3696
38485
9401
30087
20644
27960
31892
33541
34808
7915
33653
29470
25094
37751
2821
20151
7413
34558
4844
12615
33117
19148
26971
31520
2827
34890
9735
34149
11427
4793
35923
27148
15625
585
38097
9330
17570
3634
33519
6014
17700
12923
26795
33796
3562
33637
28637
27050
5685
7151
3925
6173
28323
3485
39682
6878
17958
5835
7144
37946
7620
4798
30907
7171
42169
26798
6585
9410
37977
26085
40211
27128
4812
40210
24072
22817
21763
7964
8029
23624
11829
8063
3905
17815
3920
8426
7947
27535
455
9920
27588
28827
1875
39348
29749
26093
27719
8495
38649
23691
11509
6605
30721
13857
26397
27720
5696
8769
7851
8815
7418
5654
14552
29226
29761
11235
19835
8766
40588
28618
17328
36682
34362
38081
21413
11486
38991
9371
42675
28264
9436
9788
32958
32120
33918
9483
9513
13292
7507
9536
21519
9572
35079
33058
6315
12139
16947
17518
37649
8297
32787
40597
6661
26999
25430
29353
23150
30196
15134
33205
33772
14358
29815
37273
21642
12686
8736
6629
12939
33955
31776
28414
10557
41819
11606
910
9636
42911
6861
10616
10643
40246
3369
7010
38028
5933
16576
21652
11660
43376
38766
41413
11078
39644
24945
43433
10920
44425
9044
41203
30509
18702
31092
5701
13607
7383
6925
9692
12816
12897
22650
21497
18646
7995
38536
37260
4986
5551
14565
23737
11336
6210
790
31306
5645
19142
11739
40325
6696
21478
14319
17562
11852
22741
41509
38461
7710
850
21076
38747
42803
40677
39763
23917
26174
5431
4632
45539
25567
44908
10822
18461
5494
14152
35887
9330
9620
4559
32372
18626
12461
37991
39332
27578
46059
16366
27409
39999
26004
12515
21100
797
40317
33933
8134
45181
12748
43776
44317
12826
41510
39661
30712
6886
27346
20384
6100
1707
25608
31376
2458
10590
45316
46396
11020
33621
25795
13464
12049
4284
3880
13549
11400
38645
7700
12278
39584
13800
2666
41503
6712
39361
7959
27228
8713
17725
45974
45836
10409
11605
19918
10685
14147
26770
21016
3352
20011
8224
2317
451
8169
30047
42264
2811
25411
35595
30992
21677
38016
41265
32809
14591
5232
3470
724
17965
38212
45391
18015
41268
13791
3838
5846
2635
45250
36740
6833
14463
30206
49330
35265
3127
26347
2556
38329
21420
43334
21372
5522
43426
21637
654
17239
4624
48500
45234
37650
45646
16560
447
834
698
35626
43430
3752
9664
9403
11630
35557
32030
6560
43286
8373
46199
16323
6056
15740
612
20071
6625
45822
48907
5618
36404
14207
11979
36612
11845
48447
17310
16656
12044
47692
47038
36893
2098
46451
49619
6617
47646
6720
50240
41400
46086
7598
33432
7304
14568
14289
6939
23514
12378
45582
11067
26664
28196
15599
45853
46079
45861
860
33670
23631
14036
5754
22609
39364
37730
5359
30908
3983
10231
22753
7889
9752
50585
9838
50595
46752
33185
9465
382
4328
12559
6599
8505
17860
3545
32860
11264
38736
3883
10082
49592
25610
12800
48902
7080
23558
13453
46785
50573
5567
11771
9889
51267
24617
21651
13364
403
9614
4950
8005
51454
49560
5221
6792
51741
39999
2644
48646
22186
41529
49732
20372
49073
48425
33582
43636
41315
49679
20398
16990
49073
9611
32719
41252
14790
26583
49941
47438
8300
17388
36375
27307
22708
8679
3677
2683
3714
6099
35275
23186
48674
48654
56274
4238
41313
724
47227
16082
48822
12870
6201
11690
14383
49070
21613
774
21621
6091
33185
33725
10843
4239
6707
17618
54272
9083
10379
20514
20464
53287
48699
9080
1956
4986
49893
49840
6710
50651
18892
3497
50674
48408
16096
20010
4981
50771
12291
37278
14772
49026
11162
6524
21773
5663
10897
15038
46373
24986
21468
17228
11036
46551
15498
35756
30367
4824
657
6950
3652
15654
41159
3816
51067
30004
46933
2453
56544
15636
41887
14070
3517
2478
23544
56072
51770
28013
1322
33063
11429
52138
1876
2754
6541
53109
26305
7843
6748
21913
2993
15621
36200
21582
11497
8946
529
26241
3694
53250
4981
47411
51498
22432
5155
55556
36977
493
53554
26538
48848
21135
3766
2322
32049
38805
35160
24811
3487
30517
52046
5104
5509
52568
5474
5466
890
5769
51670
4407
42768
24925
5664
52815
5923
39691
10210
18320
32619
19308
8063
515
25502
6530
776
52980
9662
20984
3512
57403
5919
8673
14516
53055
52584
23535
8729
3681
55065
57700
57324
5448
10568
3982
49851
56430
8111
23221
29799
37084
3512
32837
6382
21747
52205
573
9513
3332
33138
47539
54556
30775
13646
56133
30948
15066
6234
55695
33260
51452
9465
1896
12478
29375
5837
5857
41694
11727
3923
27852
33477
10991
26431
5591
3584
4359
557
30565
6501
371
4424
48110
363
28296
48906
54820
49298
6065
58191
49131
56819
39428
13024
572
41376
5169
10119
35918
30891
39475
9499
4182
19262
3774
55087
5669
1940
9311
3791
12686
7049
1922
2344
60633
55998
11695
29626
3731
4643
3415
48382
2099
28039
11848
63757
28812
17921
41605
23689
11796
59400
25106
2652
9947
10318
4890
35882
56249
47924
44640
29921
27777
1896
42419
18048
62283
9667
33838
57118
59934
2462
49712
2203
28693
6675
13267
63555
45686
56024
58245
5507
17712
6761
2691
9536
576
57592
9600
36834
3570
24848
28989
5859
6816
822
2470
2479
5250
58727
5489
63017
30208
35104
2629
4351
37543
37017
63031
8319
12703
13604
4329
11452
835
44923
5816
8301
7668
5617
4198
60257
5680
10558
14453
3821
59644
2535
27767
60061
1939
16825
5042
4628
12698
62207
62671
7278
9397
65692
16199
32416
2334
64240
3586
3688
51888
32670
6469
64567
2550
59798
8498
6623
6624
3864
2676
22158
67710
5587
9707
2688
33501
3538
10945
34977
5289
7215
38484
17083
3595
62603
10967
10663
3679
31737
65519
24588
10004
38572
11770
2637
8278
5671
12701
492
627
16992
19309
65900
46010
42591
21742
63298
36767
2695
15181
10069
3269
62426
8567
23912
66336
9588
46480
64481
1807
63952
12159
65381
12603
26629
4585
66162
6556
23143
6596
11696
32201
4811
9120
31620
52120
3594
61804
53222
8323
70067
65451
550
14686
33091
7377
3999
55172
7167
64689
18458
33914
50828
9771
60280
5848
20770
5664
6597
34765
6427
70691
55518
65577
5598
23844
14106
14647
6496
9171
1984
12257
59994
31714
58756
65765
33104
6654
14066
14071
7459
37222
15624
30358
70780
14257
3199
2651
35964
46137
34344
5542
7812
9292
66615
14585
68713
49438
16955
9402
66542
32412
11827
55737
20131
3725
65716
7365
14519
57936
3005
5350
12142
23010
12500
2327
66120
55896
51591
2424
67750
1984
66665
4712
2437
21448
57591
11066
12629
11138
68820
12530
2664
20366
8539
66648
8890
37667
435
19029
66830
28581
27384
8776
33342
5097
70515
20009
8118
67730
2123
3828
50653
612
9345
41100
9570
3302
30699
21651
48633
17187
58494
13804
678
9607
70824
12789
65831
55034
71753
69665
7784
38393
71614
54735
8488
12404
66138
65814
71806
13068
10161
2687
18014
15450
11814
18468
25041
3875
4128
23760
66696
7974
11025
32403
72556
11556
840
21664
3935
53020
5555
12607
67778
71569
1815
52720
69898
35475
513
2685
69834
20325
6743
68559
2481
25053
1831
73425
59865
65091
11684
8820
14208
9735
30010
62540
3656
69649
5213
22544
65605
65804
69902
3390
9820
2528
18255
73859
6691
423
5611
609
22616
3467
16421
77090
11063
838
2541
3686
8547
58126
14466
3569
497
10640
41015
19627
37445
27328
8271
2308
66596
5505
21718
14485
6839
5926
548
14618
897
902
3895
13501
9633
16560
34280
23208
3536
6947
29773
3697
2198
586
12510
7343
15576
78289
32789
4373
22026
8381
22858
51425
8276
11471
5714
78377
4910
5835
38742
4723
23439
75146
62547
488
2573
9455
14440
3952
20060
16932
36682
4914
5648
3514
17903
77910
9637
7004
5806
23823
19400
6547
9944
5097
5578
5494
6640
13240
42240
22198
68519
65041
42478
39419
71388
9635
8053
45964
6441
29978
75762
57688
422
430
6379
16116
4934
4050
15741
33226
35141
7181
9862
24296
13649
75862
787
19285
71135
7323
9962
7913
5028
66449
6733
23910
39786
2463
11411
57205
35885
32294
10802
651
45915
53970
23859
65341
79851
8542
5412
59290
8196
35147
20013
73567
56745
17525
4317
72846
11476
6881
8343
21467
76185
441
3541
7977
52905
1906
636
47185
1830
50247
3682
30690
2268
680
48578
22607
8966
8667
684
8798
5365
12041
23010
6883
26281
624
22528
18585
3608
913
45835
26942
8867
74701
3540
47590
77502
18920
6720
4056
20961
6897
40138
900
9654
67083
3616
3622
5165
68872
2311
30257
14566
78279
19580
46204
9917
13048
48937
7224
14293
5152
23796
8305
51788
79442
19917
82754
9813
69169
13106
3628
10172
78554
16261
448
989
81761
2628
83855
43825
4669
5552
4917
5172
22209
15526
2127
27473
5066
732
23375
11050
2538
6128
455
76089
66456
73283
78848
5373
24074
9533
465
7069
16081
77319
11608
507
4883
8414
3414
79575
11087
7191
3631
30137
74892
9486
28792
45685
11872
51951
72641
4077
53925
9574
6851
87287
12682
27457
7792
14659
7988
6502
4849
1845
80568
8776
30518
19906
50737
1931
8666
5035
88180
3616
743
4370
54424
72431
12759
59756
5578
31459
5191
47178
2534
10069
827
503
7754
2529
2543
23558
6289
81408
25387
8691
22064
10998
3737
27245
30756
12680
53422
35371
4065
3570
12826
8643
20263
1812
3799
5427
3863
806
7886
14641
4026
57096
4067
49968
2112
5869
7656
9722
82307
3536
9919
25136
49978
4603
2048
48767
2123
4931
10012
6458
9686
694
2509
2516
7438
14131
5840
1207
86552
60408
72173
5765
6768
41037
691
29336
3469
83297
18858
3502
46178
8173
3598
5677
89478
6479
7041
11230
3800
690
63202
27223
6560
83453
2741
71776
7439
514
3811
553
8252
30786
287
7026
86089
6729
7251
2121
7366
49612
66368
34692
13796
5128
9782
29449
8775
89072
525
3945
4942
24850
23458
8727
22822
37536
8480
5115
3573
6629
11648
2619
89300
48620
4509
28178
17454
7382
52535
6110
6178
2639
5270
3612
68248
12243
34856
80649
89663
10715
20639
82862
6720
9826
724
46943
7317
66110
21137
10844
26521
87143
11814
38358
3509
95845
5727
78272
10436
9748
15607
63973
33475
67656
2306
8608
83659
92074
405
28925
10862
6691
7385
12731
543
1033
411
7155
6602
93548
13552
9617
30743
3267
43237
4159
33821
33647
4636
90096
9898
2939
77699
25120
11765
4851
2131
11255
94224
7890
3629
56911
45333
33740
3398
8115
14458
12475
10056
26964
3759
350
362
3724
34770
5494
4009
10121
2428
87191
3403
10295
57234
30810
75856
13325
20241
84898
10654
16657
6646
22456
13835
4089
3645
6401
5273
93352
28014
85267
9319
98986
37184
4780
14005
5531
1993
19335
1750
9686
85550
1858
9969
3803
26393
14709
4941
5763
5771
11568
92917
5824
5778
54621
82789
36117
85286
41019
20806
4066
5180
65475
11133
3563
12194
98630
42023
3502
418
5503
3388
534
9891
3547
2978
6551
97165
24408
97578
18864
2711
17143
87038
87175
648
5683
2810
16144
6454
9883
17894
17866
31366
579
6095
93703
7016
572
49507
17226
3642
8127
7985
5710
48169
6478
936
4871
5802
2564
47857
11239
2017
8556
26598
13179
94549
13226
72288
5696
875
87682
12333
67040
4033
53171
87904
20166
2759
88736
3619
97952
3943
101482
98907
18884
35086
782
78808
9685
3797
90104
40897
82727
3570
101002
10121
20992
608
11504
17354
43615
13124
855
51346
7729
9731
3656
2509
22028
10672
89452
7812
93811
19351
30849
4999
24400
68903
96258
57328
98385
97952
3815
21477
49718
19926
8783
4470
2044
3981
3015
26568
5583
41224
104654
13181
2395
8348
2552
889
10267
2200
6422
97563
6433
3828
24625
5829
11571
6574
1740
9985
13783
17023
44351
100822
5843
16476
9151
11556
37074
83398
13178
26326
11758
34178
100164
15873
13105
12707
105684
5361
2299
6710
91261
1764
4003
98546
6859
27041
25776
3489
3490
411
84314
16374
453
55724
3709
64313
63583
12931
48638
2339
5228
20477
424
22017
98607
3624
14067
1745
93754
666
20807
677
2198
917
5298
68472
107733
23820
14695
27209
2303
14921
31733
24395
5620
94034
12801
614
786
96172
81386
14432
9740
4060
10712
4109
2359
4287
102330
19044
3418
3581
7794
104203
6527
48462
2041
8428
2800
35070
25646
39853
11538
6495
22971
586
2035
15841
4187
99906
3780
4609
43201
6008
3834
89310
17435
5414
23622
6028
3634
5694
3060
97124
64141
25908
4911
19393
38118
49474
8061
29954
486
496
499
14576
39859
19648
8317
710
2580
723
17800
53800
23944
10665
70990
2734
6549
14736
102729
12220
27000
25605
15128
4022
12186
17008
21204
6449
1499
2609
12887
5695
6666
8619
80693
2809
13070
109681
7545
44539
7560
7001
102886
9655
78814
39324
49070
6963
15996
9889
16807
2472
14009
31465
1602
111958
5079
24015
542
4626
93812
10494
5781
2963
5918
105407
53350
7299
102613
14130
19448
33850
6757
19648
772
960
2422
106413
25101
35687
3570
2949
99733
2530
20697
8578
3646
4449
3691
4809
9908
109251
3848
12311
4615
107251
565
56295
29162
574
9410
7824
29736
106494
31056
37695
7852
11440
6715
8017
13201
3823
10650
10585
706
100530
6359
2533
19995
2527
116419
943
42574
113282
8821
4915
10145
4944
4339
585
3412
6266
16573
10212
3961
74479
40574
82313
46674
3653
3656
105311
34506
2330
20177
5969
30650
11666
110688
15643
7655
5671
6609
18609
490
26414
66139
7853
106895
652
114526
93725
11162
33715
6124
6143
5060
33413
10675
3627
12877
33001
3536
22963
691
7047
57777
3967
11068
8530
75717
3633
28256
26568
454
116194
19656
3493
18882
15428
45347
107432
581
3492
26262
29623
88981
9945
3940
24682
80184
8303
60831
38151
4593
24811
5511
32202
3644
8598
114423
2820
66822
4964
514
10687
112068
29268
16405
27479
32518
2659
19864
1934
6512
9800
13620
585
12761
108848
3978
2025
66383
680
8707
13258
30915
1744
5079
16059
2928
63719
33085
40272
17361
4709
3661
29778
59760
2626
6415
27071
10073
9869
7612
47857
2377
4910
25633
108082
39659
2982
11130
6813
41790
559
9176
9659
12492
3680
99217
4178
12566
2028
9366
24340
9437
15607
16304
3617
89336
3364
15602
83858
541
82794
2356
12353
40192
3996
4648
15864
12721
121184
34116
105672
34596
9527
939
101148
22593
10659
116567
2193
8244
11036
23129
23618
5652
18496
13791
28043
11573
50252
5363
76086
122734
90136
8194
545
11518
711
34162
12603
17504
616
854
515
3377
72218
1036
109481
1928
17982
116274
115888
27531
9806
5832
3876
2052
64793
709
2966
3237
17093
7493
30808
3584
12843
3671
1795
9688
6369
35011
35569
120539
4779
4885
5517
14691
39118
112793
16387
122550
3868
119805
2767
839
126342
1135
14702
20754
7362
16062
5585
18718
65453
5546
1729
5002
26342
4604
10532
8722
20894
9466
24847
6680
28208
24894
436
18620
14482
5803
23301
11588
2524
16766
8599
620
2354
107401
5551
30628
68515
123995
28960
46190
3436
124475
6611
67568
6132
4960
24058
124863
8439
4695
89441
9701
12985
1906
4827
122535
47555
9483
5201
122410
19953
84383
92631
3700
120154
5324
125489
121733
125620
11397
3462
12395
644
14848
37765
40431
114528
112505
7500
3677
37888
6732
11193
122800
2554
5077
124451
6493
1934
432
5116
9681
114366
4995
7197
4054
3348
14976
100640
114656
2089
2877
12033
908
19157
7763
579
3374
48277
1834
6778
124245
3558
33522
6183
60823
6359
9506
9512
2521
122840
6904
1808
8697
2243
90053
3526
5255
2474
2378
16160
6437
9980
6784
2434
99348
12769
22022
5673
21025
123208
26729
9506
62423
38575
5914
11339
38311
10693
130488
3668
9555
67967
128333
37405
12389
96458
4005
1890
3715
31595
3678
484
16188
3852
19248
3443
2657
14634
3584
11526
419
3688
418
3694
14917
72858
3421
129655
1000
555
1465
3661
2113
27483
39205
570
6217
73676
118799
1049
7749
16355
2111
14303
28600
451
769
123422
128717
2471
126145
18986
8474
9484
3097
1767
1893
1023
36785
2151
3931
4800
2628
2446
2447
2469
38852
54493
895
23575
12440
24625
7895
9396
17441
11390
5423
9694
9420
14263
2881
12278
2545
23123
130792
3896
106614
22278
77414
7367
361
2355
6783
24545
819
3393
10315
133682
2217
3923
130555
611
3562
3850
3875
131580
10623
4863
25389
7371
9028
23245
9826
2225
3495
4944
507
3849
4228
525
10392
4261
9514
4034
2143
4387
6867
15812
821
58602
1917
2686
4898
2803
101838
11452
135236
57446
698
4914
13859
16889
5037
5270
2098
5886
5421
3698
35423
136557
41822
1111
5191
8638
3850
6384
3732
21403
610
5550
5694
4732
33593
597
66754
5653
13821
77465
25943
44860
5659
70451
2411
139609
48198
2417
2505
138486
2138
6041
3623
54270
6411
5412
135718
3776
6428
16626
116557
5327
11012
6780
24524
5264
4241
14051
2739
84432
6821
22309
6902
2662
129401
6690
8346
37603
6590
124117
2220
3744
16542
12744
5325
1926
11574
7121
3658
4958
485
12626
4140
132149
132136
78702
8160
5461
7593
3727
7787
3537
3755
76300
589
96587
134036
2510
8438
2696
23456
1977
5942
1411
2574
12390
2878
2354
8434
134875
12931
5030
26093
957
919
924
4450
70517
455
611
3777
331
3395
2206
9344
6429
86264
9546
80972
106736
3571
132101
795
3854
110234
24802
5330
14911
671
139492
37290
7051
5141
137530
137246
5549
2244
47490
129844
7550
16351
4452
8337
2630
6849
2606
4674
655
461
10689
2397
4803
7912
12969
3609
2308
11712
2904
495
3659
8193
131597
548
2294
27907
2408
5883
50132
6903
10964
5577
8497
58897
131779
10979
474
3708
59445
3785
3591
1715
8094
112159
19530
12372
4062
2912
48284
9225
3596
576
1418
139846
3537
137948
6438
3750
1799
5614
3817
10601
33230
3900
21846
2545
32096
8414
1876
6638
2064
12005
34654
26605
38834
11194
5097
11798
9871
2562
13383
3550
2826
10004
2726
649
144883
3676
13476
9622
5239
7785
79242
96093
144150
10033
13803
24410
48773
3735
28523
15845
23507
1763
2712
7872
5303
11798
9261
73631
14559
5825
9455
14697
768
439
9557
4832
5024
15195
140417
5464
30351
12913
509
510
523
3374
6765
6769
26877
40898
457
465
9628
36930
21013
869
129635
1070
22633
5183
135424
925
104358
779
22820
9857
14307
889
5414
47297
10438
543
3336
5072
17654
2776
7921
10005
1968
270
271
285
3667
13964
7062
5945
402
506
413
23479
7023
460
611
5496
748
2209
4776
626
628
2657
17071
3851
8416
3927
20222
916
892
28911
4505
24208
6738
3785
3720
2018
2800
2820
77981
9648
442
7024
630
2411
2633
9597
387
24090
4855
2782
8096
43714
6061
632
12202
7490
853
871
14463
2226
128277
12260
36441
695
33211
7124
1856
135180
15293
25587
2730
74352
732
731
2955
4488
22557
2508
12791
1872
2020
4052
7639
2800
14214
67035
4705
124782
2430
3799
5096
38371
824
16594
4982
3711
48167
643
16405
3514
8118
16821
3503
14514
144960
1998
19515
99789
3068
20690
144450
689
17123
301
147053
61514
2086
31530
610
20665
3460
3475
381
3848
24801
490
1554
3892
7480
3778
3551
1104
111686
147103
7776
61216
19140
118417
51683
1954
135518
3627
2383
1872
2517
7864
2603
5159
7008
2263
4106
2773
253
8105
17402
66598
6743
18108
5597
3249
5374
2655
2672
2965
591
594
605
6898
8571
12638
17946
3607
17867
2476
3598
13167
4016
3789
3400
36665
3791
8201
3424
155942
6662
3721
155022
5556
7023
3173
21586
40011
3658
3989
5560
7396
1805
2492
5728
28802
4060
664
7386
1847
8552
9909
2121
1017
10827
436
20935
6631
28843
3695
10044
123792
156137
21694
4680
5547
51047
112822
8126
9284
6680
9213
5710
4341
9479
3146
3270
10796
8833
3468
59408
3885
493
3764
3587
10961
46595
320
5826
24696
10090
9131
464
30454
20698
1078
5901
677
2219
2423
6717
67011
6776
6792
9277
4026
925
6741
904
652
40508
6286
3847
2798
16358
6996
7017
8065
9462
10862
6663
9667
3758
24169
266
267
12778
3814
10278
35034
1641
154841
3950
678
8704
4877
3569
1772
3792
468
471
797
704
723
11837
2213
755
11302
15567
16453
3229
832
8222
2253
2153
2509
2520
14017
11667
2652
22502
9626
29287
1838
35158
8555
991
7046
1630
432
6616
156688
3379
156665
8848
137789
2538
2097
42507
66335
68125
9448
2412
3542
7622
945
14658
4191
10721
22673
3960
2703
15287
35372
4390
3418
8909
154427
542
3626
78493
30663
2953
841
13530
58084
158899
10539
1078
1086
11418
11381
31385
8044
421
27802
11316
4028
74832
5308
21959
11833
50728
2688
5516
164711
5004
9322
54977
5506
5358
4244
34617
4895
35698
442
58931
839
6192
24375
510
51024
12179
9096
11253
38793
6618
4242
32765
6967
14439
23352
12439
6759
2041
3942
3948
3758
3226
3606
62251
3866
3867
3532
16084
5522
4177
12652
13287
9279
41171
9877
6747
81737
164
2257
178
803
223
230
4904
27840
352
317
348
447
33592
60830
28755
6417
629
67124
4987
2408
797
569
11591
2167
7544
592
10743
692
16878
96763
3654
6944
3998
2456
5554
7235
17664
6964
11326
5719
3582
12984
6676
14643
5680
127255
222
201
401
168
3348
2040
148626
5502
2418
322
373
7827
1785
335
23483
13664
31959
15285
386
2187
978
565
27191
480
140476
6647
7390
516
17221
9735
18731
2372
523
166118
843
3874
14354
148116
2877
20580
3403
3422
16391
386
324
1505
422
63417
3480
19127
1560
2739
977
604
1968
11737
8583
2883
718
7676
2078
1894
3077
44146
1953
6620
20843
5022
134938
2542
2208
2203
9836
2345
2272
753
5270
10010
2349
539
704
2486
3852
17410
10234
3275
2554
163949
8903
273
3813
9213
14933
9524
501
23860
3701
3282
74446
15076
2470
6421
3439
10295
11307
1537
103019
6979
665
10022
3634
16391
153641
9685
11504
10091
6602
3636
5067
176
6937
4579
25906
7777
7911
4779
97046
488
1728
154657
40155
1866
622
5005
2724
23100
5511
678
85912
882
171020
2305
8685
8536
7694
22279
11941
13794
2749
4062
7149
3631
608
6846
2312
3618
2375
5666
36034
1638
429
10226
13006
85757
10799
626
521
820
5407
546
2488
8298
3465
42927
10073
9834
22128
22797
2254
3763
6819
6584
2643
365
2276
135696
4148
10429
3638
456
7194
5493
321
11116
1401
22795
154069
497
149466
32830
3269
502
3529
14214
8568
429
6419
626
630
6684
95024
15480
122738
700
2362
6512
818
4476
89750
96600
5648
24300
3996
125
113895
5649
53834
284
14627
12447
5938
363
3364
10955
49190
3435
10980
1900
2489
8451
1972
9301
9769
9689
22178
14651
2583
4229
26523
2751
7377
16709
136934
2832
8237
3860
302
6695
5413
2673
3528
2400
3397
732
666
397
6931
26301
34586
20817
26670
178461
168462
984
15035
12814
5256
70062
31373
10518
14715
1481
3690
3737
30664
3340
162259
250
616
87
44133
99
14885
9424
25599
5692
3416
9701
6467
5204
8123
638
12752
15739
64527
11930
5108
16341
40826
3934
16314
3644
2759
5618
144094
6099
7032
7773
2585
3744
3590
14792
2455
9390
477
319
320
219
9578
411
22486
322
247
908
272
273
294
301
315
486
500
29898
6982
3570
15838
180512
520
8341
1773
369
7448
15608
167224
4230
2708
26078
366
4876
294
1485
78945
2728
10933
2519
274
1553
287
313
320
432
15755
27179
468
481
484
555
4894
448
6689
16667
2062
2148
9320
5364
53249
131007
55242
9723
2451
2542
2545
2566
14604
338
8570
3897
730
4007
1693
11090
1816
184786
3132
5758
14095
1862
1891
18765
4377
3955
1891
2091
43495
32770
2292
42492
903
1783
4845
26053
103705
3766
924
16057
255
4082
295
3647
403
10407
36541
6421
4105
770
204
428
8697
4136
21440
3564
3187
468
478
1983
4661
4489
3400
4988
5177
30636
9763
8957
4157
4126
2699
1131
11409
3299
5518
289
1562
3184
2613
11740
417
406
5731
23845
67712
502
1966
4714
1973
645
501
507
508
1967
5009
8847
2270
4920
2314
6154
14060
3756
2425
3763
5329
2426
3117
187827
1641
130226
13249
2961
134226
39491
166
170
5692
246
299
1595
371
144
1676
3321
53031
3416
28324
6260
2338
2347
11472
2357
2098
3750
28683
6446
3800
438
18786
444
5194
8017
188133
12717
682
3827
3835
7289
9618
3765
7385
80790
3819
49062
8559
3454
23772
44966
241
2196
86205
3873
398
416
414
53627
23539
15222
3813
5450
8283
3881
8170
1170
6845
947
9781
9741
3618
39312
1613
12814
8646
3372
3668
10575
3816
187
8955
5312
239
359
1756
2160
10835
2019
186629
6498
186120
14855
15783
5247
1110
3944
18013
10428
167686
264
6473
151
825
837
87382
223
7872
287
17796
956
10897
8640
30851
16160
11182
12361
9722
42580
31206
6161
3033
3833
9477
3767
3470
12929
2033
6821
54985
2366
2375
4065
5503
14459
184
15345
2718
464
21492
2881
2475
9117
2430
19974
3139
12754
2569
3578
15225
8087
3412
3794
8830
9334
14649
11721
4768
123857
5911
24695
11683
3965
3379
14885
5614
231
4029
7149
24645
8663
5907
15611
33432
406
406
608
682
2250
2970
9140
5089
26971
4734
54137
1015
7325
5857
2609
547
12533
4593
3769
7020
5677
4466
1145
5797
1481
307
7892
11903
5645
5983
6045
18443
8251
177944
8025
9429
12013
26649
860
681
684
13110
689
704
122927
1932
6700
13237
16420
2512
933
2144
35563
6888
5518
2620
821
583
7636
11101
3515
15618
387
174305
2509
5941
475
24576
381
25124
3466
1906
12599
3719
95607
5791
8188
7570
720
40095
39899
3961
2482
196277
15356
18246
16783
8536
2539
2533
3827
4035
332
8839
451
23017
9708
18638
3374
335
641
410
86
14801
570
3552
492
72
96
186932
3603
3198
1824
3192
20422
3258
536
9577
3672
19340
3686
3444
2281
9716
620
5444
8332
4819
14676
3759
3794
9984
5060
841
52005
11556
550
7241
11930
25781
5690
12574
190021
12046
357
5636
1758
490
501
292
643
388
1070
425
11017
31248
95176
6529
6754
2434
5108
487
43302
9726
21025
11647
2265
1374
16243
27067
2556
3673
2729
21877
1623
12139
21862
201061
4082
262
1673
5192
427
7971
12540
1873
9610
4172
2501
5044
191965
14107
2393
13399
9076
17393
31514
1091
15930
157958
5626
5574
197207
1773
917
3734
5669
9903
11170
37625
19990
9712
14845
10335
12586
9873
715
9166
23450
5772
8269
6575
206525
10834
407
334
6401
6454
833
455
189
176
272
49540
373
1909
48199
337
338
3354
805
8083
31908
552
14687
514
847
16625
26414
3639
195676
4145
4158
188517
3449
68426
978
12924
17467
8050
31330
12598
15545
7949
6929
59729
45958
11819
525
9675
1733
517
518
519
162961
17085
6327
6311
5419
5722
811
952
536
2698
2701
279
2851
6575
2724
476
485
361
19461
573
15685
3655
2484
15589
2237
3739
3852
3855
3858
10183
10939
212357
38159
51965
30171
9904
6882
762
2626
265
3553
5819
4366
5423
15960
16592
9318
5023
3325
12640
2991
247
178
3520
573
11774
12732
180626
25547
618
620
9443
5688
6705
561
5796
412
3397
3455
7581
6197
6032
5915
265
30558
1701
10543
1787
1790
80181
4862
31184
5619
6113
5280
22832
2747
2756
7343
3944
8646
220
4275
10367
279
315
335
702
452
11496
3826
772
4586
670
690
3788
714
43266
9733
582
3925
3935
1049
24878
25394
4456
4477
12544
5870
1647
160954
120108
294
1859
2491
375
212144
490
2371
2222
376
8081
220568
776
5488
14330
661
10366
21880
28340
14826
983
52055
1807
1835
17164
8662
3214
3811
62686
1825
8471
8330
47204
2303
125693
4745
7287
6326
5570
6502
5914
3189
194980
7194
3006
2980
358
3728
5545
500
424
3382
4039
9750
12445
5264
36322
9892
401
425
450
453
563
374
375
8099
8801
4969
222964
3778
90968
89349
6148
4439
37024
65522
9439
871
7114
969
1825
26116
33344
13107
337
6441
31720
319
1952
3473
141642
41424
6957
1015
1043
14605
2801
224837
2914
2974
3152
623
431
3658
2909
3313
2764
6578
4550
14228
306
308
27174
321
12937
7726
5352
27687
2517
8298
9789
10859
666
673
965
983
802
2858
24931
955
5852
3179
690
2357
1863
464
10589
3682
275
250
9437
101
1955
485
6635
110
6625
167
242
1180
258
229275
289
269
8579
17041
13470
13928
383
426
551
562
8682
11774
753
45931
817
29680
2461
4224
98867
34303
990
3719
148223
31519
225621
5691
5570
366
3032
6274
35748
103640
275
276
12502
8307
47170
1724
1763
1985
2054
12792
37267
558
705
1066
75506
3941
696
2372
8043
2363
5453
740
7093
11366
18981
2443
1932
761
2752
1299
626
1319
2188
571
176
1452
3474
20908
3887
698
390
867
516
730
5690
177
2591
1791
3300
1832
5949
3270
3485
2009
13176
519
128639
505
6241
20301
17358
2370
691
9468
4983
687
4009
29807
5371
5655
4671
564
18102
7199
6466
588
3277
3352
1623
305
3925
5867
39574
470
369
248
496
3584
355
326
703
20331
3527
565
691
7507
4398
5683
36116
4021
5587
362
2194
4818
309
130
2433
2787
16389
6457
4147
1559
336
51844
388
9062
1775
5717
3772
2850
75576
11461
537
540
562
376
384
393
5038
4969
762
61861
792
6755
7217
3475
2431
3508
844
44296
3916
26298
10227
3747
2549
5487
1560
2734
7820
3989
7461
53882
74592
2590
677
49809
12608
35303
6105
10961
9506
9988
633
890
4536
2046
7959
120032
2122
383
9893
4703
5048
55375
7352
30697
533
598
609
6570
690
2751
4292
8860
2484
5412
5467
962
20231
3067
7047
4469
12249
15382
4003
3129
158
1019
7917
491
542
5875
3223
619
45332
768
415
339
8149
1898
516
533
6692
3935
520
233669
2390
9513
6966
1108
149589
12955
2267
14809
5555
11050
5637
164008
2296
5554
31098
137
2847
364
40467
238
3198
7487
9770
10587
217
218
221
9823
2330
42503
297
9423
9740
2517
3951
524
206686
4136
2742
17825
2834
2930
2963
3013
3100
6472
2785
3980
181323
9192
9455
3893
9420
9440
489
113138
1251
582
2662
698
8441
272
754
530
781
4038
242772
6352
5488
165
387
15315
523
432
55764
3579
3627
771
2137
4742
468
475
13939
871
16136
9986
5040
715
730
3714
2811
755
2939
767
830
2697
1465
3374
607
1032
1604
9555
2459
13244
1543
1878
5708
214149
2580
16134
299
299
299
3266
422
412
416
428
27015
263
271
273
274
285
577
33276
446
34665
38501
11116
5520
2277
618
578
580
604
5150
617
623
645
648
38360
11344
3518
845
363
698
904
2218
3705
674
9118
407
1039
1982
2713
527
529
5880
1502
129
2847
78249
1657
2957
1751
245432
1757
406
4979
11166
18590
1987
2025
1152
1205
2059
19390
2272
2309
2316
850
3777
586
2467
2535
747
7921
968
628
640
648
2725
2741
2742
2745
760
14620
329
332
888
437
3033
445
12409
594
1038
518
561
1167
76896
716
733
16875
666
673
3373
155
1938
378
378
3465
5180
3504
1863
4925
246685
19848
571
481
5081
81385
2330
2307
3847
7103
3766
3948
669
670
5496
4205
4370
1801
1020
1052
11823
1539
780
2604
7780
4550
4533
2102
476
478
480
3744
502
243
732
3882
678
441
930
866
6589
6659
540
1015
5480
2906
669
672
2477
11411
790
1244
73550
12973
3688
1947
593
3734
2385
786
745
56831
782
5685
4149
182
427
140
3480
1999
158
4434
3421
2560
2071
469
189
732
494
4275
2402
4077
512
4947
2563
729
13588
8457
7222
614
635
2755
2455
3998
557
3782
2308
901
2758
5610
5124
5187
8028
5456
2878
2772
12858
3805
5713
2248
9676
9689
340
342
3351
2011
3359
9415
4310
7246
628
2424
2609
858
3764
9461
2492
9133
474
6085
2624
2529
252292
211364
3751
737
2630
3881
2668
3235
9852
9383
610
290
291
736
302
4828
2398
1436
407
455
472
371
6616
2149
597
236
5546
707
12245
29774
531
537
550
5899
9495
439
9311
1066
2266
8233
77215
2682
21886
10982
21624
13089
6579
2082
12850
9911
9379
3860
6200
88674
6384
9681
3470
5010
58289
3424
3762
29083
16126
4500
6400
7367
3776
2473
7210
14182
57218
233857
828
2236
10774
1031
596
7300
479
552
443
27500
335
1323
663
669
9612
879
9707
828
446
1120
6301
73074
220394
6041
5083
832
1227
2037
5282
238124
126504
857
252794
15392
2775
13047
750
697
3885
346
350
880
482
488
1933
808
6615
496
414
1529
3723
254428
537
541
396
5873
5202
14000
2326
2266
2153
11789
680
10129
912
860
529
6890
512
543
3638
4471
868
653
10785
768
851
2798
689
697
698
2734
19471
3441
708
866
3720
24933
1619
425
1003
1968
727
4871
1650
3491
4335
23682
3663
5213
9425
3531
3817
8818
9764
6708
3526
3875
2140
4512
1985
2357
410
783
5149
623
3824
9628
650
838
494
508
648
818
894
591
2500
3185
202
212
228
233
234
234
261
268
270
304
342
383
392
402
406
443
469
3382
674
3394
735
5382
3608
3548
1239
1843
957
2374
3503
12061
134329
4051
751
4284
2633
6687
7900
6399
4498
617
6787
7625
738
19053
2241
2244
503
5014
7159
614
256911
1799
3469
3469
209
5425
3624
6996
5417
413
436
3411
5488
3417
3441
3480
517
3795
63571
8035
954
1265
3406
3425
3975
63632
7752
4362
941
3999
14055
264921
3811
200245
4755
743
1058
1580
164144
3979
160
1661
6856
716
718
4565
4782
182
3759
715
250
8557
911
165
1833
12324
2164
465
420
5412
398
418
419
431
4778
527
614
618
4964
652
5537
5042
453
816
595
599
881
1058
229397
1641
1606
2254
8375
6507
509
669
6569
1736
7183
6214
673
316
6298
1915
347
5230
6962
2353
6475
172761
324
2401
675
2232
670
490
2447
4003
573
506
4497
3531
3208
4750
931
2866
3711
3990
555
556
2726
881
3009
4424
427
4379
349
7887
557
10722
239
2365
1766
4708
1245
1911
271
3779
333
94951
283
3958
1963
297
7290
4419
3878
2091
9539
3577
2452
7232
4640
2175
2689
563
9576
4938
895
2499
729
3483
719
264976
2837
1082
16195
3763
4171
3401
10344
6205
2062
6537
480
269
1475
3560
410
421
3634
1197
452
41787
673
690
559
3527
2583
4214
11865
1030
531
874
878
1350
4022
1089
4274
2608
1177
592
6174
663
426
5653
4195
850
257
262
13151
9152
724
382
8202
4065
508
532
652
960
2202
3987
1014
1924
855
9252
9234
1431
3795
994
5215
7370
313
2291
231
8109
2977
17650
4306
8620
6406
4756
3969
2317
761
823
2731
3821
1354
655
798
512
5358
274576
511
183
3228
12477
3353
3813
1514
389
134232
26519
2116
3812
4987
2318
1963
1063
11083
928
18186
2119
776
777
2228
2309
904
2459
646
739
2255
1568
1092
614
9708
13811
2622
783
1359
589
1275
438
441
446
2136
1000
3598
563
701
3319
844
3383
8140
380
3674
3709
2798
9137
10068
7484
15334
3942
896
4025
580
3984
3618
3827
1229
3834
3925
473
2399
1380
94371
13234
1538
4743
5037
628
433
4191
721
1045
669
4627
5330
960
10329
515
444
577
539
3594
378
774
677
654
562
476
738
4505
3715
2947
3463
431
582
482
5991
364
285409
3924
2088
617
1692
509
517
251765
1842
3466
1770
1156
2430
2472
2481
498
676
2642
268
3675
1013
7175
1703
862
186
194
697
3243
752
3649
398
408
707
2307
492
600
116504
1449
2436
2351
464
3449
4194
952
1293
913
933
1745
15690
3590
997
370
469
1582
567
814
485
996
132
946
490
557
2087
4848
10809
3331
2502
450
2966
3922
644
645
2693
550
11228
2851
414
2051
4336
5291
3644
2610
18399
699
704
707
2925
2749
6581
3331
1274
1036
80652
699
3721
3316
566
3510
3678
3569
8364
1583
1963
346
349
3312
6015
171
7142
504
3940
4275
4017
33379
827
3985
3306
4860
8221
3615
515
714
701
7625
6485
4085
973
4603
515
1305
4709
1723
1575
1722
3302
3607
2029
590
9504
3832
102529
809
855
3772
1092
504
841
27980
306
4301
457
478
484
495
504
559
1112
620
2113
695
666
766
358
359
784
855
557
1001
602
360
384
1818
536
867
715
515
624
1946
3879
2457
1417
3717
934
1614
5045
472
312
314
332
4689
2040
581
2152
2728
5089
1626
2302
1653
799
958
9515
789
2055
3755
737
2571
3588
446
750
2071
2485
3412
1172
1820
2874
1805
724
1681
850
858
3694
2197
659
3232
2037
759
1849
303
706
266
1104
3457
196
3841
2760
4199
381
383
383
1221
2113
959
5224
702
4865
4278
668
5071
2905
453
722
5417
1064
756
8111
1708
2675
1414
3524
1419
556
2090
615
5948
933
3194
2662
547
826
582
807
1057
2780
783
3529
9835
590
1133
2860
3359
3926
741
2288
555
3358
647
3252
232
287
233
1075
11309
740
335
4010
558
2087
788
4165
5771
4760
1868
807
7046
608
1014
499
1011
736
5160
8455
2360
1046
579
581
337
623
687
1014
688
646
701
6783
2759
438
802
1158
573
574
376
2722
901
910
452
482
341
642
4446
9679
3463
418
8940
706
1229
981
3045
13303
10079
2397
2455
1625
815
691
692
693
2530
623
890
1368
753
2210
1314
562
426
433
5285
490
2637
245
588
3583
493
494
496
463
3783
3814
1465
1854
539
2142
849
323
858
734
3418
6046
684
5176
10518
3130
1354
1021
63590
1472
3709
997
956
3552
506
509
510
511
512
3600
893
712
667
5664
1090
12009
2520
8398
1679
323
3214
1849
3331
4885
974
565
2107
484
30765
490
2063
2102
3819
602
781
522
526
527
530
531
538
783
562
684
830
538
2583
797
2381
971
741
1096
212
545
427
360
1907
517
2040
3794
2129
14231
2000
11822
6540
2612
2138
2637
2638
5993
2821
4583
2651
5128
4948
3905
880
286693
1073
3519
3293
3621
3386
3388
3424
3426
3431
3761
3782
704
3472
3850
3890
3579
9172
882
3655
3726
5861
4135
347
2818
1828
476
1155
418
445
4676
6529
712
714
1195
1589
5563
5600
4017
12949
2283
657
541
534
2236
8358
4085
5275
5968
4162
742
884
395
6662
4285
2289
7171
522
2735
656
5502
3154
1053
2214
518
1171
1767
8346
2271
447
1472
4404
2696
779
786
14632
946
590
587
589
741
1644
292
299
919
692
1546
463
928
446
5436
12751
427
8597
3130
2622
12925
561
1068
3285
45922
9681
275372
19577
867
3496
1050
328
372
712
1359
390
16558
475
408
562
4100
534
855
881
1179
2895
509
250
251
268
3430
733
734
367
378
641
672
1515
3791
523
16126
561
2296
3315
4355
197
208
408
261
316
317
7562
3754
649
6837
1329
2413
15092
1390
1491
1496
1581
1856
2255
2073
47961
37600
733
656
898
16028
2720
1056
2344
4236
478
3874
1096
2847
842
844
1011
1526
385
3232
3444
501
548
3415
2391
462
638
3434
615
1817
746
3499
3722
613
3781
3648
23223
341
344
1014
353
361
499
653
653
667
460
4951
657
608
1762
779
4105
1364
756
242
5116
1651
940
1444
5743
482
1087
6604
1208
2076
272
2049
6101
1943
1988
2315
2488
1898
6674
613
540
2818
35827
8483
3469
450
1964
2322
3649
3763
3464
8059
3944
1485
901
5344
331435
3634
4140
1122
7080
552
539
14313
900
421
15200
2224
501
502
504
6766
2595
2383
6570
631
744
3586
652
653
654
647
905
1022
2245
3460
342
693
707
1641
681
1682
1014
1691
724
2303
11028
2833
720
836
290
917
948
2194
3443
27547
540
1885
1578
276
730
2566
190
191
5382
518
1971
2014
33479
383
402
3557
1743
727
5738
579
2700
1073
1244
13935
3861
652
473
574
1028
22273
404
415
166
15929
247
317
363
336
486
321
443
449
432
342
350
595
575
644
1013
3407
770
784
800
446
447
450
5779
548
3537
658
723
1566
11626
804
4365
755
1821
30442
1548
3153
2143
320
12303
468
469
471
473
480
490
507
502
298436
640
3250
1026
1044
518
527
2490
607
532
7658
509
1135
1160
691
697
7942
1279
233
2988
577
539
1044
807
456
1835
514
278
3381
458
276
2184
1653
811
1792
2368
5936
672
1010
319
2043
742
752
5650
4057
9369
1289
671
1918
3724
776
1056
286
570
453
454
514
691
2082
794
228166
765
775
136095
4266
709
3471
4611
536
1459
2342
409
696
294334
6543
478
4938
1188
1969
460
1187
737
347
348
355
356
701
749
848
5369
1118
637
452
4866
7899
783
736
1019
469
219
3518
547
552
301
456
341
638
960
647
535
1128
1744
1303
862
494
1098
9650
1705
3450
323
695
489
18295
6423
49071
493
2287
2076
2120
2414
3367
3370
767
966
402
1143
1575
1631
172303
6634
6547
312
749
1158
570
345
630
340477
1073
3603
221
296
319
328
328
367
719
461
3354
483
521
549
558
851
476
477
486
14102
345721
612
1186
829
4897
589
1542
1371
3442
775
285
2003
149
296
1146
274
400
494
706
2398
2088
2014
841
3359
703
1039
781
612
9313
3393
3929
4330
823
395
398
441
694
509
547
555
459
605
679
1711
2560
4580
2585
524
447
989
1023
386
580
603
1076
685
538
610
2931
1495
717
3466
1742
5405
3532
1761
1790
684
1071
532
12005
3617
2066
554
847
702
2096
1251
1261
421
1152
755
794
451
464
821
606
990
520
3368
1367
10045
531
362
4019
558
667
896
926
3484
1088
3651
1975
1073
1088
748
402
2976
3693
2370
2162
674
3490
2349
940
753
2230
3196
3822
426
424
3450
572
595
782
2027
637
638
912
3234
4989
1267
815
3967
928
3455
793
1707
3449
2862
557
1035
3667
201
260
6873
613
4668
303
524
526
385
2141
372
727
1486
1967
1054
1557
721
4702
418
2330
486
2234
557
778
483
1071
1107
977
448
1083
879
8933
1596
1264
3476
2292
3338
5915
575
3700
355
989
355634
3542
541
450
565
583
273
364
470
492
779
797
9970
903
449
957
15134
1937
28965
723
1311
358934
1483
2351
885
1935
1014
186
611
705
353
257
262
440
452
363
493
502
78830
3978
2443
439
685
906
889
1986
2281
4525
2795
1153
838
1241
404
664
639
1289
2476
16835
1211
471
472
1085
621
1459
1902
628
1417
627
927
930
866
241
244
726
972
104
106
108
2211
116
118
122
134
356
197
234
2716
262
928
342
567
568
393
456
472
490
4038
759
1991
1048
725
1723
1564
619
2461
3703
519
2893
2002
1163
2128
178
2359
2719
384
349
4825
2226
3223
5465
3342
861
1044
634
1731
833
47306
232
232
252
313
317
235
393
221
222
225
226
246
249
252
253
254
920
336
353
806
485
913
412
480
635
1421
6000
436
463
3465
514
660
18009
366
591
595
435
869
2612
1086
5677
1144
1075
633
413
985
2264
496
419
1545
588
598
605
1828
502
503
2463
2770
735
738
654
886
912
3382
3305
3236
450
2386
2193
1392
3977
383
467
319
326
448
336
1976
581
1272
330091
503
897
3886
518
462
474
4885
590
594
749
784
749
768
691
1013
3337
1136
388
1197
995
2065
370
403
411
530
573
586
591
599
708
529
722
726
751
759
1935
452
961
2548
1409
1883
3645
703
3612
2100
22631
464
756
470
470
896
846
818
778
727
512
378
519
527
535
733
9787
552
525
5571
1105
583
1080
769
1286
1303
249
257
3630
15943
1295
469
600
4577
1878
1600
238
347
1974
151
356
130
584
5152
2898
360
366
386
495
901
505
513
2269
528
607
618
944
680
681
791
798
820
602
420
1166
1614
1284
765
1723
760
1805
3449
433
476
477
487
490
650
945
553
562
553
540
770
9507
974
940
428
358
877
923
2847
454
1164
310
325
410
220
586
438
505
504
507
337
633
664
560
969
1474
872
292
298
1756
412
480
528
590
565
664
3814
958
2463
2335
496
501
1913
658
871
763
185
803
380965
207
213
219
220
224
1633
289
2015
427
471
475
423
2626
453
648
660
668
673
764
2039
683
822
867
526
3329
716
1109
1129
356
1878
1253
707
1070
336
529
853
179
4569
1458
162
3435
3498
3526
687
2583
836
1025
2749
410
2516
952
1039
3013
805
567
435
3543
330
3678
10838
463
863
312
245
5791
5322
336
351
217
3735
525
312
971
548
7053
686
383
699
648
321
512
803
677
681
701
40891
592
511
688
835
638
157
187
375
402
480
683
1534
832
2209
2340
1265
2769
778
2261
541
558
2565
798
814
2845
1365
460
413
454
1836
470
627
751
1059
691
388
717
420
399349
348
240
262
398
420
473
216
273
647
741
650
1112
735
942
469
1076
259
656
1065
662
405
888
474
970
794
800
371
1345
146
212
276
289
436
402
408
876
301
513
283411
426
881
808
519
463
469
470
476
488
319
339
1297
585
615
641
518
732
736
590
592
779
799
703
265
854
1120
262
1120
439
1595
1768
631
1670
379
1811
303
841
2866
267
244
525
489
1813
446
318
259
317
3623
1616
2518
688
2126
395
572
192
511
285
497
501
522
488
509
526
698
848
899
441
1012
1031
449
1172
1205
176
281
284
210
295
376
386
394
399
321
649
971
782
3267
939
854
512
3611
578
582
2399
721
766
739
926
265
370
552
500
830
576
8177
1002
729
533
4584
650
822
791
364
844
273
60
323
79
278
222
1631
44869
508
639
986
375
457
1213
472
466
474
101
103
590
243
284
396
865
975
994
508
423
194
631
775
103
2582
89
452
678
608
471
271
1538
185
433
2507
574
460
740
343
713
551
297
1013
959
1005
569
747
3247
406
3763
202
208
241
213
245
216
1058
646
420
458
484
553
376
377
379
390
528
825
864
635
524
529
669
808
208
276
1753
4381
978
468
281
193
193
1150
248
887
191
256
546
222
208
468
269
1009
3876
436
441
212
645
280
290
967
714
679
770
243
372
216
1083
419
595
413
840
110
233
236
238
239
239
240
169
242
261
748
483
493
567
580
671
856
270
824
296
241
1391
419
497
304
1526
114
17004
2143
1957
894
902
534
561
444
450
582
916
1396
692
799
668
748
795
1035
1055
2672
350
426
360
454
3221
963
363
3859
312
302
353
967
643
279
258
264
1140
307
61
143
147
100
286
354
787
658
437
864
1071
1148
231
249
358
303
1529
373
758
586
332
644
757
865
876
434
1060
586
588
249
1387
174
374
340
840
267
368
1090
535
225
178
450
451
564
222
377
1407
426
565
571
288
3905
521
301
302
305
1003
399
450
469
413
545
564
632
635
742
876
825
392
915
1145
442
445
455
437
446
456
626
631
646
624
441
339
766
767
837
319
1948
1018
394
517
1186
623
629
662
1327
1515
216
745
564
200
202
357
458
551
776
794
4242
993
1096
436
438
440
467
617
629
681
691
692
700
788
780
805
1539
821
843
878
893
1180
472
475
488
1335
793
2389
601
264
1053
1127
287
370
371
2867
2190
309
145
151
152
617
251
2497
2523
329
5612
900
505
2825
1031
7044
346
388
215
343
477
330
187
409
334
340
312
549
358
330
227
789
154
852
162
380
976
161
760
757
374
361
974
217
1196
264
781
786
536
880
1217
533
1661
590
396
400
1557
653
1134
519
1009
2254
631
293
202
757
527
991
558
686
695
914
550
1007
1042
216
1256
1267
336
520
681
646
2991
843
1587
1832
155
1189
391
412
528
3503
696
608
493
747
842
813
831
150
964
426
1144
579
341
1171
341
422
437
458
515
264
574
235
648
185
268
799
729
448
418
3720
2501
509
459
460
459
678
524
582
821
787
797
351
648
618
999
765
768
1481
786
1622
1069
1153
1308
1629
2421
2112
1541
376
540
543
545
607
708
189
557
1994
2135
2278
2515
2471
644
597
356
824
1062
634
361
422
733
646
3612
3909
338
1075
742
511
915
448
453
959
724
616
1384
599
633
262
678
2414
1238
600
1489
438
560
244
750
347
699
449
445
375
1463
803
813
505
296
299
698
829
380
416
516
530
585
2103
729
543
763
881
1539
1068
875
355
229
948
15800
419
280
941
1065
510
465
193
642
546
552
502
368
378
766
523
453
697
465
343
1108
424
426
174
176
900
744
1810
503
337
342
342
720
770
484
596
639
980
776
787
381
821
1319
744
654
664
844
822
625
438
930
317
491
305
311
436
341
386
253
258
618
630
725
817
669
641
1955
549
1412
408
325
1581
354
422
722
501
181
183
281
282
285
2083
455
431
1050
329
339
1015
828
1151
268
699
584
506
941
1681
4265
555
516
441
1262
478
488
664
478
608
1102
1538
695
1048
597
278
953
178
426
362
205
373
509
332
444
451
500
748
1014
320
644
550
1839
286
465
1071
1071
204
216
218
222
227
3184
315
320
331
341
3273
606
397
432
479
488
1219
561
475
636
271
694
784
499
2329
1315
1293
4030
376
383
423
1414
365
355
458
664
437
566
776
551
380
384
1367
656
659
1219
777
876
880
1733
1072
3973
1933
1299
84
55
274
560
196
293
466
311
319
328
3458
333
1015
768
869
463
540
551
678
703
807
521
4579
1880
1079
170
174
344
352
465
7842
833
7903
998
7594
263
906
427
435
437
3878
67
606
539
645
1045
295
319
320
910
522
665
1170
1250
833
594
276
267
434
382
428
349
372
559
336
1076
1092
1207
1372
1001
400
2076
40
41
50
64
113
116
662
258
2488
1381
632
381
737
662
1389
634
580
1182
789
366
358
1220
378
453
515
463
633
845
471
1213
1007
569
491342
152
154
171
235
1360
391
380
814
3076
488
369
373
381
365
2274
513
1290
358
770
372
878
612
544
1137
744
833
1464
1205
498
343
349
350
355
435
592
184
739
1192
130
178
233
208
389
420
212
751
984
763
1575
728
554
1367
1655
618
335
1574
387
278
617
792
691
730
1731
276
278
281
297
298
420
1334
280
604
605
842
368
351
868
1779
1802
970
128
170
227
651
553
567
498
506
624
1082
1059
1104
1115
2036
688
1455
131
354
216
216
484
314
317
380
388
352
894
651
154
143
576
199
258
350
357
517
913
917
973
378
286
289
289
290
291
490
235
330
1151
1391
1712
170
189
519
257
366
290
423
585
714
249
258
449
272
275
362
380
456
660
485
494
519
522
1080
534
800
1235
774
910
919
1128
663
1675
315
907
107
429
219
231
664
578
618
202
461
619
665
124
125
137
200
239
241
278
282
333
334
549
564
994
688
1543
288
407
625
311
520
924
736
1090
468
554
627
356
688
447
593
342696
736
1157
744
309
311
753
872
285
138
192
6982
357
211
282
345
348
334
533
250
635
428
553
218
312
203
124
184
130
130
57
33
36
39
41
70
212
235
573
319
323
327
427
436
634
42
661
45
764
863
158
118
377
1554
559
472
476
412
967
974
848
974
354
605
730
738
835
226
176
595
250
256
261
264
438
805
517
321
315
624
907
213
345
126
523
271
340
222
226
345
349
368
458
483
340
587
615
619
706
715
842
855
364
1069
23
36
63
639
714
648
962
1111
1128
1150
308
310
315
435
764
549
565
630
525
440
316
873
892
952
332
1167
402
1224
1252
312
715
723
986
151
1553
1119
1784
663
828
514
626
502
1731
425
353
356
361
366
382
385
585
641
493
539
509
596
600
779
628
637
646
804
728
304
649
137
216
1141
1159
132
183
226
737
392
832
1074
536
545
529
815
742
24
27
31
41
53
68
1441
284
1250
565
169
340
338
410
233
683
138
666
336
434
444
398
541
636
443
271
730
764
875
351
1146
205
311
550
359
1036
1092
417
842
552
557
310
320
515
422
540
580
735
744
308
389
845
583
264
515
200
514
619
794
1064
446
385
525
555
651
328
333
336
341
344
345
635
453
573
666
675
645
905
320
426
198
382
196
266
266
775
540
667
513
328
830
266
406
359
1015
514
309
450
623
850
357
1194
367
129
136
190
551
282
334
1312
399
263
266
631
745
1720
483
171
291
394
144
408
512
149
444
328
384
393
738
723
305
310
719
801
1043
1270
517
808
332
338
339
340
443
447
949
82
33
33
54
516
221
148
515
485
405
313
406
666
580
330
529
517
519
340
487
162
287
819
481
129
235
265
292
1176
447
529
307
711
319
428
656
546
1203
871
777
600
910
352
343
979
256
353
356
371
435
459
463
417
565
843
933
1010
654
331
402
310
332
426
430
440
276
299
791
785
315
440
842
147
331
410
352
524
700
329
264
310
332
319
320
344
449
410
225
629
336
699
457
448
233
558
642
470
349
463
29
33
37
47
54
89
718
143
221
224
327
534
715
300
131
463
575
196
112
273
277
289
161
414
475
238
289
352
983
717
516
283
278
285
290
964
214
714
41
272
461
352
35
54
68
158
224
95
269
110
733
129
132
144
144
153
154
158
170
181
192
246
450
256
283
298
389
606
398
411
450
483
484
488
696
526
587
612
613
654
682
699
811
833
839
842
899
1005
1325
400
1438
610
616
1583
206
207
1611
471
1107
891
332
330
166
343
498
697
352
415
418
522
633
202
311
312
325
333
334
343
348
353
362
367
374
375
380
380
388
424
450
491
525
402
535
549
593
597
609
618
664
668
696
1582
607
775
611
862
897
906
1036
555
1165
363
1294
1309
1328
683
263
270
566
370
375
209
542
551
592
526
765
323
925
327
329
329
604
442
632
754
794
798
429
990
999
276
283
292
226
380
413
442
131
492
169
316
332
731
597
349
329
56
58
61
417
212
213
495
867
1025
318
578
922
340
346
445
670
670
282
792
1063
370
418
1141
1205
577
333
441
352
726
467
263
560
554
263
230
108
258
819
118
670
121
122
128
136
181
210
216
311
381
430
529
291
277
1400
960
328
470
556
678
360
361
466
484
486
615
730
396
830
845
537
500
320
641
154
612
201
542
443
615
317
430
1181
462
202
190
439
704
215
147
284
347
366
370
310
346
351
352
366
438
379
477
729
609
312
739
753
819
1414
1074
286
313
486
359
193
352
515
553
439
335
442
337
348
562
443
477
559
791
812
824
898
1055
633
1132
1203
168
178
180
181
182
244
358
416
461
305
305
444
729
352
168
856
918
284
203
186
353
159
196
199
205
227
233
238
441
445
446
343
446
329
760
267
460
362
331
331
830
193
726
115
836
1060
333
693
520
332
340
352
361
555
574
673
807
846
851
327
661
935
1040
224
1277
409
1039
172
391
442
338
453
559
569
591
675
685
568
1277
350
146
107
107
154
185
193
346
560
220
147
184
192
194
555
196
200
202
241
252
283
310
321
327
250
319
442
451
457
485
503
702
402
407
607
263
664
502
788
635
276
285
1252
362
902
905
673
1958
386
345
249
1043
376
1825
463
702
590
291
548
4125
106
808
1881
3332
1015
347
353
590
888
185
255
449
316
295
259
759
273
384
476
471
83
884
207
735
318
247
236
267
222
263
597
269
296
297
460
333
1405
949
359
301
317
324
612
419
517
525
554
842
161
728
753
995
263
447
198
1222
1290
190
545
441
518
448
183
109
143
203
210
265
276
283
174
217
213
558
447
471
263
553
584
894
303
195
125
130
220
841
353
190
467
469
58
119
75
592
218
268
294
548
167
232
288
295
300
449
434
634
45
48
868
442
594
412
479
595
706
52
28
706
138
346
467
835
258
126
511
963
474
307
311
531
985
274
624
630
162
845
124
553
241
218
219
348
687
273
317
330
345
880
330
332
336
458
469
390
510
779
169
824
910
1068
758
1390
453
460
106
609
762
135
1160
260
243
996
331
335
343
460
1694
629
1858
290
285
585
1219
413
520
257
223
323
410
423
426
435
674
750
315
739
328
231
973
335
254
1044
314
353
595
531
593
871
477
830
537
989
710
505
164
747
182
2343
132
171
172
179
182
230
306
268
369
430
1031
777
838
1164
557
2793
289
1691
1747
112
316
116
124
125
1228
281
354
237
362
323
325
106
2879
453
193
154
448
216
387
329
444
310
221
490
340
382
223
680
346
348
496
504
781
482
748
1047
812
471
532
1121
974
526
348
716
583
1202
240
112
354
352
312
182
775
201
120
328
111
111
1272
330
556
689
527
1149
348
465
288
580
889
931
1027
1059
853
317
184
185
1106
354
164
206
175
181
223
714
501
530
612
989
869
917
920
925
327
986
33
47
1055
1445
1178
194
560
923
297
1214
1342
519
645
2964
393
443
202
3437
503
471
890
1227
1432
501
502
447
607
748
108
1774
3211
338
349
143
143
1791
1339
176
351
1385
427
765
911
323
1531
245
3815
447
515
532
402
679
711
1024
432
702
915
302
311
435
710
368
372
531
540
486
487
641
498
645
1204
677
515
524
690
846
67
651
458
744
542
703
866
878
632
353
356
484
1654
204
607
795
130
308
390
212
213
1959
505
224
255
353
440
589
609
341
920
292
295
429
433
615
619
1290
763
3175
913
922
380
3633
342
911
445
1898
550
304
780
166
226
945
750
1449
379
387
516
654
647
766
397
338
1150
240
425
526
562
621
795
355
813
623
427
755
907
352
376
905
265
701
195
401
316
413
400
178
246
385
442
1001
240
385
529
393
672
698
808
969
563
965
3583
470
1722
487
434
1714
430
649
498
483
2433
185
851
383
205
499
251
512
544
400
640
646
1277
775
273
900
948
427
589
1209
1255
861
314
358
351
231
598
997
443
1752
777
2157
456
348
736
603
611
366
380
380
382
834
944
667
839
584
853
1031
431
448
457
462
1406
774
788
801
813
816
323
1039
264
450
308
1249
114
383
347
349
669
2512
648
853
539
626
1074
567
1046
2688
375
142
143
1892
2065
255
724
345
1672
232
477
360
690
156
343
553
186
290
293
294
162
1334
385
408
519
528
897
572
874
695
2047
356
368
278
789
917
406
914
232
4053
777
448
1214
1092
280
473
428
579
767
765
775
657
568
262
170
458
946
252
162
164
201
385
391
461
269
286
312
313
314
398
402
423
518
711
857
1098
950
429
797
1053
1139
128
327
138
143
284
231
279
279
1214
287
395
637
460
206
817
168
570
656
541
333
414
261
262
341
466
472
670
739
266
126
174
223
455
1008
910
546
367
237
244
507
632
693
537
947
895
1001
928
678
1002
418
827
486
1231
375
722
1929
486
435
487
493
310
477
388
644
909
1220
963
835
598
436
1089
536
679
847
1227
1258
1412
534
53025
539
706
195
198
206
213
219
226
227
233
234
243
261
268
285
287
290
290
291
292
300
302
303
307
326
336
361
362
381
384
393
408
420
421
461
482
488
509
524
530
560
596
597
599
613
628
668
711
795
799
807
954
1000
1101
1268
1372
1429
1431
269
279
281
298
1895
321
322
329
341
348
354
365
392
1988
2011
433
455
485
489
504
2098
527
527
551
557
564
614
681
747
749
755
2392
908
996
1005
2637
1083
1108
213
1222
468
488
445
3196
148
621
106
221
3373
180
1092
3399
367
1177
178
352
356
361
232
284
498
787
725
500
976
1010
1036
119
228
298
589
7159
788
126
1193
262
1215
355
317
649
1024
134
568
128
138
178
801
1278
821
223
311
932
544
218
165
453
135
135
138
231
235
265
397
440
857
219
214
428
428
1376
537
1428
588
597
545
1355
314
533
553
4566
192
151
191
192
193
363
1476
353
597
300
126
167
170
334
719
179
184
196
288
345
346
348
352
407
382
499
531
458
713
805
505
642
1183
1267
1333
254
259
316
354
405
123
125
574
286
165
168
2899
442
263
353
153
112
579
566
947
853
256
469
179
217
955
1007
500
1168
729
471
385
624
472
3380
425
258
117
350
392
493
775
402
593
569
4294
688
719
3797
886
1024
709
486
868
233
850
1609
7228
273
661
672
1593
124
572
334
1483
37
491
27
29
32
83
95
109
121
2133
2406
296
328
368
342
443
756
1137
354
434
976
271
479
183
623
112
144
197
346
356
211
217
280
287
362
820
493
275
705
265
582
286
680
225
167
784
779
328
446
566
350
667
906
262
262
263
637
1165
67
27
33
35
42
42
43
51
68
152
631
164
245
204
212
213
224
233
239
242
243
257
336
398
511
660
617
2274
720
1044
1543
1490
837
1025
1580
683
590
2340
1014
947
3511
1059
495
484
321
706
149
152
197
838
428
512
547
128
1292
221
157
259
3080
429
1759
176
4101
215
223
139
440
106
105
534
548
762
199
1415
199
263
478
298
353
394
484
441
329
648
420
818
900
918
1076
1151
1173
1284
334
1458
1474
209
1572
337
14218
1638
542
196
723
2646
720
2391
2457
2670
2674
2735
2736
2737
2741
2744
2762
2773
2857
2893
3013
3026
3036
3134
3173
3293
1973
3660
3682
2198
3872
3426
3979
2376
4032
4165
615
4303
4395
4473
4500
4503
4506
284
2874
2888
317
786
4236
3381
5081
5139
3387
446
1538
3505
769
461
932
175
5791
1047
954
261
5857
5882
1144
6076
6142
6223
6315
775
853
6555
300
560
1972
357
6876
6906
6962
7068
7101
1177
295
305
292
309
310
515
535
631
413
261
949
198
258
267
277
841
365
451
590
648
623
639
864
735
873
353
172
218
312
648
320
352
124
124
129
183
184
187
216
218
227
170
538
493
480
484
188
221
658
187
554
384
401
263
269
595
1139
498
110
349
143
273
222
190
169
144
613
343
473
344
345
346
360
473
446
580
605
266
1102
651
683
1755
895
733
525
877
832
507
510
467
326
273
22932
458
190
175
836
171
172
243
471
857
540
553
641
315
421
205
3708
462
128
131
522
218
423
307
537
184
318
434
533
537
202
458
512
160
654
149
156
164
165
177
207
213
217
238
299
313
328
437
459
460
551
635
642
761
380
499
202
391
226
110
112
153
580
443
260
268
455
458
627
723
342
340
341
344
416
932
560
317
336
409
285
467
578
681
188
1435
306
507
172
417
106
146
198
227
469
302
458
135
814
229
525
491
803
1011
857
1614
859
860
401
310
1202
127
160
176
2148
256
265
390
345
346
351
555
169
295
908
423
468
473
330
533
210
158
121
382
911
131
177
455
808
350
669
261
344
328
352
558
356
364
795
469
626
650
377
317
130
147
156
247
252
258
263
292
297
361
376
377
427
438
699
566
827
847
1037
1165
224
399
354
263
142
444
251
260
1384
834
570
1142
345
361
448
804
311
1153
975
248
249
1087
466
329
1329
564
466
872
355
356
896
711
159
127
169
627
205
241
647
384
268
274
524
364
368
556
538
634
921
261
670
446
248
583
328
329
244
486
604
175
181
184
172
240
400
133
352
371
412
353
178
301
306
472
859
304
359
945
469
963
624
378
545
362
521
626
469
834
646
783
594
442
895
212
174
231
312
334
418
1283
157
799
183
1228
270
429
400
357
474
1346
316
363
366
372
336
486
491
449
456
432
555
262
349
884
467
953
518
1062
407
1148
1267
286
287
377
477
175
160
213
1729
186
784
174
529
138
140
143
320
367
243
118
129
132
133
166
253
259
384
392
369
446
158
125
314
445
508
601
659
230
130
130
134
158
192
201
213
281
333
378
422
483
533
1130
1462
442
352
342
118
334
355
446
374
681
443
263
217
128
128
131
186
267
371
755
322
940
583
589
696
414
717
894
647
447
719
536
260
896
214
1052
287
202
341
343
129
126
132
221
744
261
448
754
415
271
345
420
836
167
559
441
648
277
453
487
540
673
727
364
875
956
1063
344
168
611
837
834
443
557
315
130
514
561
343
344
346
439
447
619
668
694
491
149
150
1075
533
274
1174
265
390
394
261
518
433
446
661
224
616
168
1041
30
35
104
1127
413
414
611
714
135
167
173
342
356
342
343
1161
440
435
806
771
1043
1749
431
329
339
219
438
445
544
556
560
764
869
71
34
591
100
148
494
647
352
897
507
517
636
904
756
316
346
747
270
271
280
346
354
366
462
535
445
631
882
1608
352
201
119
248
207
118
352
358
359
360
75
60
490
179
635
479
571
662
258
145
267
271
1275
353
446
457
462
523
543
2840
120
617
118
1068
206
631
207
262
451
271
731
336
417
550
635
255
258
431
413
263
452
652
737
744
533
286
118
725
351
355
373
377
646
509
622
623
626
636
277
281
723
369
376
451
558
979
645
1098
742
517
1265
410
412
749
625
634
272
209
1058
42
56
390
712
788
445
127
168
407
206
519
563
711
142
147
196
245
361
634
530
535
741
518
1493
1069
1026
184
187
205
206
215
219
223
232
238
244
250
252
258
259
277
281
287
300
312
324
346
372
401
427
442
474
281
652
652
712
816
918
979
994
1215
1046
1099
1123
656
815
384
318
729
506
617
946
379
406
375
132
901
423
316
322
3248
831
585
1075
178
132
175
34
250
30
75
366
219
338
369
518
783
883
1291
261
257
263
259
518
311
315
315
324
331
722
536
828
1026
1031
1067
1189
1286
317
317
318
758
201
333
465
478
457
23
24
49
247
260
449
588
422
1093
478
325
352
412
478
320
598
612
311
840
366
763
530
145
297
1222
821
266
205
352
118
121
124
209
1065
676
1537
1082
527
330
335
344
598
457
345
563
576
453
456
457
594
604
626
304
1151
1197
513
521
119
536
159
535
410
410
1204
632
929
1048
1162
838
1059
353
1550
635
1480
808
1818
176
348
818
834
753
651
2780
1276
166
169
245
263
350
659
2072
3711
2389
914
1053
269
772
174
1013
339
4623
4539
838
3053
930
640
1015
1019
883
933
1438
1711
1540
1173
218
253
128
140
141
142
147
156
187
244
246
346
384
5513
415
9754
408
599
535
359
361
471
620
753
949
202
124
518
210
307
938
267
446
344
906
353
423
340
167
468
378
424
346
427
1997
602
821
750
344
439
345
329
439
891
583
352
349
483
671
589
593
474
922
1498
162
132
144
158
176
185
188
194
195
199
201
210
214
225
233
187
151
702
477
287
716
206
582
249
586
456
409
348
403
417
515
314
463
352
168
481
23
47
67
68
92
190
974
227
942
263
313
337
528
1066
189
402
409
419
959
743
166
170
424
432
534
760
407
1019
309
330
451
440
559
833
333
169
267
1028
347
167
288
214
127
217
702
588
316
324
332
337
459
346
348
438
453
456
548
553
569
277
797
551
355
1261
1313
480
486
305
406
1043
315
248
271
317
622
468
722
287
380
387
389
393
510
521
635
639
655
666
915
1428
526
571
299
334
1298
594
948
347
176
177
179
228
231
243
282
358
185
184
352
352
290
225
272
203
176
779
131
183
319
334
339
561
227
409
227
313
283
1178
625
1323
548
162
1295
592
304
725
347
401
168
170
289
413
417
421
230
2114
446
494
177
282
320
356
491
427
545
612
534
271
272
281
454
474
333
637
649
202
947
580
469
1210
160
279
573
628
518
271
359
360
365
534
519
526
582
1066
352
265
441
23
47
644
169
171
317
1051
663
795
426
396
640
424
633
883
965
1094
352
532
513
166
520
167
525
529
832
641
124
142
390
128
135
179
321
335
1042
57
47
704
348
356
356
470
135
590
177
830
329
226
169
305
304
36
45
48
819
407
347
257
314
413
342
727
286
172
354
422
466
265
443
451
454
455
599
604
742
760
160
208
1125
335
441
176
814
901
915
582
1380
430
304
446
265
124
275
452
464
226
534
646
652
158
163
440
668
353
261
263
264
270
364
451
1033
179
674
788
301
483
488
341
590
701
761
382
642
633
887
1306
651
2147
536
535
538
845
1046
1011
1169
907
903
274
144
146
152
201
212
766
283
298
299
300
359
434
443
507
588
669
717
2904
778
497
124
701
1299
407
782
791
314
323
416
430
432
1167
529
412
842
354
553
592
210
279
523
550
417
526
8991
1088
288
781
443
257
168
915
171
273
281
264
297
293
298
370
379
385
448
496
533
654
687
723
204
192
240
194
1329
1015
1976
535
477
626
343
766
257
613
265
796
221
117
191
527
577
213
551
257
124
126
305
984
321
980
154
235
1295
333
593
340
290
3234
430
3787
148
72
6738
391
200
125
126
230
340
433
512
585
1011
259
378
380
347
516
642
534
291
679
702
462
328
351
358
375
485
593
595
602
614
623
624
692
846
856
962
1413
198
229
237
248
255
263
279
293
297
331
341
354
363
368
371
393
454
479
590
592
595
675
703
747
759
763
799
818
848
854
855
910
932
943
952
1010
1028
1197
1258
1309
1380
1448
1596
1635
1666
1688
1836
2046
362
2113
2131
2136
2149
2172
2208
2324
2346
2395
376
386
389
2480
405
2530
496
519
525
2622
552
557
560
562
2649
2527
564
617
632
787
2919
299
934
321
322
345
431
440
3169
396
3185
510
590
774
3314
221
228
239
301
322
333
817
831
407
887
533
553
593
1082
472
531
772
795
870
1370
823
824
1076
464
1694
1732
1722
2214
247
128
175
5287
534
256
257
4212
124
124
129
218
308
316
352
1367
1484
707
843
1372
924
936
956
324
326
1202
1254
1466
1552
806
1676
1729
933
430
2129
316
200
205
211
267
547
356
407
435
899
484
775
204
210
213
117
223
361
402
404
474
479
449
554
471
639
793
888
890
35
27
28
32
33
50
52
83
85
153
411
116
119
123
171
243
252
309
336
289
390
581
479
197
200
809
267
305
1048
152
153
218
228
232
272
290
1338
366
404
263
332
404
224
288
297
546
569
1056
419
315
522
332
335
428
431
744
833
643
398
673
171
880
256
640
300
442
444
506
594
479
236
1376
305
129
523
220
343
350
769
454
476
817
817
1212
732
346
625
466
265
560
202
260
444
45
81
106
455
50
23
332
587
281
406
366
271
472
502
492
499
205
216
643
597
296
503
487
522
460
592
540
1127
1152
732
1201
733
867
1080
455
842
733
835
304
434
434
577
929
410
1290
2158
376
831
307
419
432
522
522
289
291
296
300
300
312
734
749
483
487
518
775
395
963
965
1412
525
1020
1037
245
342
1351
451
493
429
407
410
268
556
242
413
425
497
573
466
3022
350
172
820
125
476
450
514
689
287
300
301
306
942
503
512
331
379
387
357
607
357
363
366
327
505
329
331
461
473
638
616
623
680
658
883
921
762
967
380
385
389
275
760
480
481
504
512
648
691
553
1388
664
832
680
1577
1060
1197
1198
1256
1276
1313
1184
549
380
353
447
200
542
196
346
346
409
1076
205
681
286
161
965
313
170
168
3216
344
306
306
147
160
191
329
541
676
1912
748
852
792
539
537
470
536
614
585
594
653
778
830
892
1003
969
1313
729
441
351
329
327
1177
681
344
267
446
463
775
794
798
1111
1097
599
254
1530
174
446
454
352
593
750
473
353
1363
360
453
537
441
358
429
320
537
894
1009
1372
298
124
126
218
21
56
341
352
163
818
222
329
944
485
1248
450
402
257
128
99
249
327
337
410
494
888
667
216
468
523
276
571
37
51
52
55
67
80
84
88
92
956
668
891
1406
1682
383
36
39
47
50
56
130
146
205
547
251
584
303
724
700
437
756
772
913
986
513
862
1515
218
126
229
305
358
464
557
759
386
452
473
635
545
286
288
290
488
262
690
239
518
451
238
306
308
314
420
625
303
329
123
125
134
135
140
142
146
148
149
149
164
169
186
203
224
234
296
317
332
365
444
447
559
577
677
346
346
445
812
655
238
239
241
738
891
305
688
512
455
23
33
809
1223
1320
143
629
246
898
372
286
908
33
27
39
1157
346
471
482
552
439
673
329
551
777
333
351
371
889
885
564
972
1086
1225
843
1297
499
358
300
700
709
741
924
713
1295
2851
799
483
641
1069
1139
1002
3784
4629
246
311
409
521
601
1872
412
316
245
850
626
741
456
457
259
696
399
400
257
521
431
6831
691
1266
666
407
416
316
328
548
458
678
555
577
1377
946
971
593
854
1021
875
1930
1321
1517
673
2019
3344
2578
1980
813
378
382
384
384
399
14301
512
542
820
1010
267
966
287
356
800
504
1102
793
2792
567
757
437
433
486
1290
416
453
382
383
397
689
15626
510
525
370
537
547
60
61
1299
67
67
78
80
100
131
649
145
190
594
482
1032
123
661
124
439
557
569
596
782
795
808
313
772
472
307
315
413
417
419
377
517
512
513
514
893
1299
45
24
34
61
959
64
472
441
329
623
651
305
1013
116
234
405
1796
400
124
1024
43
24
445
836
729
339
344
345
458
463
897
595
703
332
334
377
1269
332
411
1046
1160
203
533
647
529
428
538
622
825
410
575
464
583
581
920
350
862
831
317
320
125
127
539
131
216
632
792
517
218
170
179
182
184
187
195
203
232
248
514
296
324
324
364
387
552
400
415
603
609
620
702
719
474
731
484
487
291
498
783
853
1614
1174
1163
1798
168
246
312
321
419
2433
523
2588
3010
304
306
315
2914
419
522
635
3392
3402
535
528
427
264
265
266
433
624
725
523
620
443
273
285
286
293
299
322
332
337
341
349
367
373
376
380
389
390
392
395
395
404
408
418
424
428
450
450
457
472
489
507
510
577
633
666
671
676
679
700
735
736
744
746
751
752
777
778
782
787
865
906
928
970
1038
1175
1184
596
1223
1262
1305
1414
1673
462
1730
799
1862
1870
1004
510
1344
410
670
239
490
249
403
417
322
329
332
353
421
422
602
662
751
353
909
561
272
638
351
1028
125
407
1551
408
335
409
196
201
207
207
211
213
414
445
726
1132
764
1138
459
239
439
319
2982
554
328
910
225
130
144
150
690
275
806
369
385
465
789
350
351
352
434
237
328
330
616
321
420
531
622
576
411
560
441
575
957
278
1189
512
484
419
834
1047
320
405
209
210
249
354
409
493
419
661
1042
448
410
513
1595
257
243
407
278
332
518
1335
620
290
372
380
392
497
544
555
328
739
102
28
234
976
436
1188
328
771
847
1438
485
1084
7472
352
477
200
206
212
215
216
218
271
303
376
401
72
444
42
44
491
105
115
571
780
947
161
272
351
618
634
731
815
840
715
199
717
818
215
224
225
229
230
240
279
305
351
355
366
380
388
485
556
585
610
611
634
822
1543
408
54
32
929
956
518
303
520
49
28
74
345
951
268
350
355
204
439
201
657
277
279
449
876
676
1251
1150
328
112
388
336
630
261
274
360
364
536
513
308
347
350
842
257
438
1156
347
459
460
465
469
572
467
347
349
204
240
1229
442
447
448
545
321
596
747
456
919
1173
1112
1737
398
407
411
421
655
675
678
680
787
912
1257
1393
1559
1921
444
440
449
536
441
3346
822
346
320
324
333
215
425
131
132
135
561
576
285
396
408
776
996
1010
408
795
304
308
312
344
514
271
451
353
13841
334
754
753
318
534
412
352
128
305
124
461
324
326
327
535
419
841
650
634
355
346
1281
1516
1383
660
690
355
382
386
1279
1285
652
652
1036
410
304
316
417
645
539
316
767
1090
403
605
975
380
73
668
850
46
3099
912
1129
216
213
734
416
317
356
446
451
304
310
193
535
418
346
264
267
351
328
610
616
382
380
391
392
395
399
517
529
794
643
647
784
896
652
941
946
462
482
1289
1336
788
794
1068
1093
545
1221
1218
325
327
1582
1757
661
763
650
260
623
265
410
535
525
618
829
410
215
217
640
319
322
34
21
31
440
647
116
218
419
1168
1371
461
431
260
409
313
519
522
530
532
515
304
263
973
267
446
535
304
418
205
206
348
648
1073
224
271
521
353
618
707
710
1297
347
463
589
445
354
257
256
152
156
1137
381
293
382
489
710
347
192
346
250
294
473
238
123
168
195
240
246
254
496
304
310
408
525
620
513
304
518
443
330
345
202
203
493
1248
307
413
942
315
315
266
204
206
208
208
634
750
2939
4094
263
450
533
400
197
937
347
502
251
421
533
616
259
327
344
1186
884
350
703
581
466
586
848
484
202
1308
536
714
583
347
555
346
461
466
467
555
573
453
416
783
260
263
367
353
373
453
478
505
567
597
1237
909
424
644
431
619
1644
541
481
1169
698
534
347
348
1039
703
1084
423
249
328
751
827
364
369
485
586
618
624
631
635
422
861
255
265
233
309
332
339
343
367
554
511
539
490
578
609
1531
737
1603
822
853
884
932
391
1112
471
503
500
264
197
201
268
551
204
555
1238
347
304
347
704
303
387
738
1299
729
379
823
1713
224
292
349
385
425
737
2575
512
2702
2787
742
750
3678
2996
32
60
63
70
85
93
103
139
180
198
223
229
276
311
567
615
717
751
997
6333
1050
432
586
252
339
363
417
849
935
1337
537
401
468
334
532
356
704
1188
309
313
322
332
337
349
416
459
460
526
619
687
737
757
931
978
999
1033
1176
1250
466
587
591
196
201
264
543
513
410
68
40
44
60
89
151
154
388
484
409
146
144
319
325
572
513
306
308
304
446
311
414
624
840
535
425
445
266
448
733
1177
653
317
318
319
321
318
541
544
535
584
422
316
867
48
81
1125
344
340
693
515
407
518
408
728
732
313
618
307
304
313
421
1164
940
962
345
694
703
944
945
455
339
326
327
412
586
270
931
335
351
617
304
515
515
520
263
629
317
316
467
577
350
352
353
354
357
477
585
341
1074
587
600
709
1084
1175
262
264
533
623
304
760
999
317
324
428
434
440
544
641
872
309
307
315
411
525
943
535
750
325
327
331
338
340
342
635
557
559
655
1186
624
269
256
156
365
159
163
170
210
469
286
295
302
569
578
385
294
303
410
307
665
402
797
597
605
692
197
208
285
362
374
669
476
481
564
1029
734
757
571
540
316
344
455
175
130
183
185
225
330
533
339
262
469
1082
316
450
644
316
319
221
326
286
444
526
547
591
86
549
38
44
772
351
1050
1055
1151
576
348
922
961
1073
530
1514
306
724
305
577
573
340
341
425
753
432
436
449
663
423
750
880
777
1373
749
309
429
429
516
521
525
1055
1042
446
447
448
754
1356
437
251
133
171
213
1348
518
328
760
763
261
789
308
275
321
326
447
451
367
543
766
424
880
197
202
1031
308
254
305
517
245
2043
101
104
1054
133
181
126
165
176
177
191
211
224
232
251
256
266
267
272
297
363
351
472
532
1435
2194
574
270
278
356
454
458
2855
544
346
305
270
415
314
308
4249
333
308
8578
598
141
174
175
626
746
2091
406
619
305
313
556
941
376
1235
1529
938
1197
412
440
826
331
1273
406
622
410
305
890
1750
346
423
324
791
917
973
1016
620
585
621
701
535
412
813
262
515
550
1138
237
521
239
1138
633
515
582
265
311
320
333
353
531
640
766
833
990
992
1002
1016
1067
1134
449
405
242
268
170
172
239
242
730
528
960
715
350
523
347
225
467
463
516
304
726
22
52
619
259
525
673
590
668
747
749
640
752
402
128
168
263
279
409
371
455
539
304
306
316
442
520
883
925
981
1377
480
263
338
478
413
127
212
433
262
441
642
701
537
635
315
416
632
1071
436
517
257
425
423
759
461
192
128
95
96
238
242
405
2131
682
328
473
434
442
537
342
260
1299
428
366
569
573
652
537
871
549
1131
261
265
617
735
822
318
750
510
382
383
384
646
316
436
257
317
319
34
43
777
967
389
393
515
519
526
659
1315
467
265
339
820
414
293
351
197
196
445
447
349
915
350
442
414
304
311
314
336
410
419
428
626
651
924
253
849
147
1206
250
414
226
165
172
229
985
162
130
535
831
633
191
354
535
471
194
196
1059
522
445
305
246
142
743
748
758
331
210
268
275
334
422
784
481
776
1260
328
329
1120
265
403
554
675
354
335
790
351
335
723
408
442
351
610
353
264
456
637
207
745
143
145
1017
645
1165
710
347
700
913
351
517
813
256
264
350
358
459
543
619
1366
1035
384
399
548
513
531
535
794
446
927
1306
443
352
356
266
262
418
315
316
321
329
448
459
570
638
654
769
905
995
1122
1194
624
513
538
740
262
904
820
786
638
382
388
390
643
780
806
818
915
1018
1058
642
1622
477
466
348
352
353
602
741
713
819
860
981
312
317
317
341
1102
431
440
649
1608
356
421
835
848
422
639
510
844
960
968
1867
340
1019
125
2978
279
360
3156
648
3598
3605
3841
3980
4078
4102
4576
4670
277
211
539
947
260
738
125
329
579
223
225
284
497
9374
337
343
344
348
349
350
351
355
357
450
454
455
457
796
897
1146
130
128
142
337
297
200
467
343
670
266
270
256
300
309
119
561
442
347
465
895
601
714
127
95
727
239
265
260
447
243
244
319
259
361
536
833
879
644
384
397
525
848
655
669
776
604
733
1444
977
728
556
470
848
359
475
199
1356
233
272
873
197
120
426
45
61
62
65
74
75
76
78
101
104
109
117
140
181
182
190
192
300
300
346
418
283
125
158
172
172
197
208
387
389
308
382
308
774
166
97
202
276
292
1048
382
516
256
383
328
396
263
664
798
904
921
555
896
511
173
144
150
182
191
197
211
277
295
303
925
338
379
1246
464
482
530
539
550
590
672
794
1104
1981
758
246
369
371
577
739
745
238
1383
843
385
1238
603
353
1043
1049
588
354
360
363
492
500
501
594
620
3081
730
838
971
262
459
824
810
588
33
76
106
187
352
327
1143
1430
1208
942
1454
399
876
891
1146
1150
922
2380
455
935
419
237
917
412
555
1349
1049
1090
9873
170
286
411
592
230
613
264
266
268
269
273
834
345
354
528
535
354
946
349
826
271
205
271
348
517
472
729
776
351
479
352
473
716
517
330
174
305
306
314
317
386
527
633
767
403
940
1101
249
273
274
280
332
339
929
422
447
451
537
608
657
406
820
945
1132
1153
605
116
113
314
403
421
847
872
338
513
309
313
406
118
118
120
121
123
126
131
133
176
422
403
858
298
131
325
467
1322
553
583
776
798
893
941
1014
337
200
479
319
356
242
244
256
261
412
412
452
265
591
595
445
725
814
845
310
310
311
489
238
240
583
171
353
176
469
224
227
233
475
585
303
471
66
42
353
352
170
125
132
260
319
631
127
124
895
243
342
305
306
306
314
420
535
542
623
630
292
143
1187
350
357
372
374
481
481
495
590
606
1102
1184
913
191
624
190
386
520
778
191
249
295
346
475
832
1064
780
310
319
780
434
539
750
759
959
538
28
122
992
1147
833
308
353
947
911
386
389
518
901
355
645
728
534
1221
1327
28
40
42
59
71
77
1375
140
320
321
330
234
892
134
1002
154
156
331
198
210
245
273
282
308
352
398
406
433
445
1368
591
726
1104
1574
511
759
858
399
525
682
976
28
33
34
40
92
847
354
835
346
1476
518
386
398
628
511
516
525
533
717
715
1228
1739
346
891
646
413
783
207
905
312
1451
408
518
260
889
122
525
250
414
192
250
348
651
557
709
503
779
368
924
1106
479
512
874
307
315
512
518
312
732
1074
874
316
57
52
844
322
958
190
200
207
250
253
255
263
323
334
401
970
415
418
423
722
304
818
829
527
316
431
527
335
1272
714
214
328
353
540
416
476
839
827
935
959
470
1058
355
361
362
479
596
608
615
615
722
362
31
37
355
479
1168
383
394
403
404
520
595
219
656
658
661
666
469
311
408
1042
464
512
826
354
1081
389
621
727
751
842
385
977
997
1174
855
308
617
1170
29
42
62
432
438
498
146
1140
41
172
28
30
57
82
159
277
204
253
296
347
909
365
367
392
491
590
625
786
852
803
871
880
956
1328
622
621
131
249
124
129
216
249
257
436
513
255
259
341
426
535
551
707
55
49
59
125
174
248
265
266
281
322
539
329
328
329
316
899
71
133
755
70
28
428
423
822
353
469
1345
553
406
506
788
505
827
1062
354
586
352
705
334
424
340
573
1179
825
248
575
190
252
347
353
850
923
966
1039
382
461
108
33
1855
324
328
390
250
224
251
224
429
602
347
346
184
89
37
38
42
46
47
49
72
110
607
179
187
296
268
370
443
470
449
1057
377
376
891
42
55
703
346
354
493
584
600
70
623
29
858
1062
1320
1161
1571
376
873
641
343
361
365
368
373
257
976
430
541
606
885
1102
1888
533
87
28
107
439
548
474
354
111
110
831
564
377
381
471
1089
594
183
108
503
150
597
378
248
723
522
449
312
618
353
362
481
602
716
256
698
386
385
388
774
518
304
284
167
286
410
308
29
53
118
319
324
333
431
432
440
545
749
591
74
43
362
474
479
609
616
963
352
715
533
28
42
80
98
239
445
753
144
914
142
352
337
1354
116
118
123
127
134
161
167
599
247
281
372
422
872
880
477
322
329
330
337
348
733
439
441
450
461
529
591
632
639
969
679
779
818
1011
1121
1165
1174
1237
89
475
481
46
110
619
710
370
493
494
919
1592
454
305
314
320
411
539
637
965
166
134
330
355
628
273
321
321
323
328
335
125
272
539
545
548
262
150
92
764
99
114
124
226
852
899
1045
565
476
353
559
346
133
768
174
426
167
762
1038
702
586
465
790
648
784
317
56
28
223
237
453
642
56
40
255
615
197
305
335
304
304
305
313
314
316
318
319
532
123
633
118
735
382
382
645
347
657
1172
479
583
339
685
251
762
376
825
825
1223
1631
607
2331
472
382
387
523
781
904
257
450
351
29
531
37
38
76
92
632
344
524
821
1110
610
1209
381
1630
822
349
363
366
386
467
471
479
517
519
522
593
604
614
650
750
856
869
991
1099
831
358
463
596
716
1082
128
168
311
263
572
407
194
117
118
121
126
126
137
137
200
205
249
727
61
840
402
436
461
277
35
48
130
591
354
357
418
847
727
273
362
370
374
378
471
486
488
498
501
118
258
956
1161
1275
1333
405
287
287
968
1150
201
619
1038
778
1020
519
353
272
410
356
568
408
693
201
218
268
271
377
352
406
518
560
594
307
685
706
130
171
834
889
56
65
88
315
318
425
429
328
549
332
338
597
571
584
1099
1123
807
470
56
169
555
348
352
469
470
475
578
582
799
410
944
1016
1149
433
538
1398
635
118
123
128
129
132
164
218
53
40
332
336
594
335
352
354
606
811
573
445
533
341
342
586
458
352
465
585
36
91
291
702
337
344
1295
425
775
322
327
652
661
984
622
264
444
595
458
261
336
344
347
428
340
925
472
305
352
713
941
512
964
950
270
361
819
1348
451
189
253
1605
480
956
595
352
585
353
631
721
765
595
474
309
1150
441
457
271
272
273
274
274
279
288
291
366
374
776
474
474
536
551
665
1108
1179
305
408
726
835
513
599
845
1993
448
1350
534
266
614
258
616
325
375
375
645
280
534
279
389
602
162
105
114
120
131
141
148
167
174
178
185
230
231
456
253
325
470
487
408
307
310
313
317
415
419
535
617
633
32
28
406
156
243
281
54
31
31
56
262
269
271
367
947
600
1877
865
388
501
512
794
901
429
191
778
117
416
515
331
714
556
471
286
669
427
331
383
441
335
514
613
717
810
716
706
477
281
263
29
55
135
186
213
282
314
867
678
720
1150
1158
1163
28
51
69
82
138
155
294
308
450
703
1276
364
1121
424
858
1344
1209
779
317
323
543
643
766
1423
325
433
437
537
165
1200
158
364
444
438
269
274
447
631
829
473
1701
988
283
238
251
523
268
648
255
690
449
452
541
648
317
426
553
643
782
752
304
305
868
625
426
435
1188
915
266
624
307
513
517
262
262
266
267
455
534
245
46
42
481
145
472
477
479
552
341
676
709
797
826
1024
1088
1170
1172
258
129
131
362
555
440
239
273
112
452
436
261
41
90
409
306
459
520
532
348
1057
1295
1446
462
1333
598
795
1409
1191
202
255
355
554
90
35
41
47
78
179
200
406
305
412
412
213
125
126
132
171
307
65
29
30
31
247
142
263
263
216
171
Tue May  3 20:20:09 EDT 2016
