Tue May  3 20:12:40 EDT 2016
Waf: Entering directory `/nethome/dkochar3/project/reproduce-red/build'
Waf: Leaving directory `/nethome/dkochar3/project/reproduce-red/build'
Build commands will be stored in build/compile_commands.json
'build' finished successfully (5.196s)
Load generated: 783527 bps
Number of response times recorded: 17946
143
203
168
74
210
315
49
235
103
157
393
215
253
480
391
348
431
494
503
484
446
231
275
336
658
633
129
156
303
179
372
462
311
475
594
188
541
48
794
485
320
452
624
383
221
314
274
374
409
508
366
506
402
128
789
492
1325
1542
1406
187
330
1679
432
442
269
367
1595
515
517
593
528
1811
318
470
362
1816
210
567
390
518
809
160
481
627
504
523
250
310
380
1638
386
436
443
466
280
542
2184
538
1281
436
165
141
1148
194
2312
731
386
1559
152
1555
1637
1667
534
1712
551
2470
1568
212
504
1607
354
621
540
424
254
304
2109
1388
1817
487
3053
3090
552
144
1407
159
258
395
403
497
1373
1713
1578
3194
266
270
1662
2427
391
187
2448
2427
308
1783
1738
1174
3384
1687
1361
392
1793
3395
543
2236
3625
3171
3278
2474
1563
1502
3623
2393
2396
3472
296
315
1402
1371
2697
1402
3573
3381
1376
438
1414
1866
3446
1402
3125
4038
2462
148
2318
2242
1570
517
3249
375
3006
2379
2589
235
1402
2288
1467
3103
3336
3543
3380
3304
3267
382
2242
263
3209
3531
3509
3834
2150
2154
2401
4411
1769
435
1788
3311
431
4497
4115
2408
3636
1479
398
420
5238
3188
2762
1744
2749
514
3155
3362
5230
439
1979
4621
3652
1865
1448
5324
1212
1590
2430
2431
2175
1353
411
1473
3313
2902
2703
4571
354
3503
2504
2744
241
1636
3835
2194
2413
4523
2169
2242
2401
4360
444
3511
6404
165
2437
522
378
3389
1377
2507
3700
1392
325
2534
6522
3851
1772
5169
1727
3215
5396
1325
5034
173
541
392
1661
5364
5361
7040
3929
1639
5918
1884
3545
6680
4535
5429
3586
3535
2383
4364
6445
6712
1702
3322
6151
4432
4969
6373
6373
5166
345
3618
4488
2840
2222
5682
5316
5357
438
4231
2628
4465
3787
4644
2406
3782
3334
2516
4017
2004
3482
4851
6819
6856
4962
1572
1240
1550
4655
2132
3584
2393
6636
7495
6715
4888
5931
3213
4375
3548
4810
8526
1779
3577
4239
2312
2978
4049
3346
2553
3253
4264
7655
2845
202
3228
6814
2192
2194
6041
2667
6212
6221
4605
4752
5487
7827
141
6301
7684
6450
7558
3284
5179
529
5202
7301
8645
3454
7325
2416
4109
2207
5272
5281
5215
2292
4714
4460
4927
5727
6262
6321
3543
6565
4866
3408
4460
3250
9540
6094
5028
9255
9379
205
3379
1948
7455
3579
7722
6283
6344
4607
1535
8081
5273
5558
3501
3854
6753
3561
8290
5379
375
5574
2348
6285
6670
494
6959
2396
8178
3580
3410
8717
6916
5446
6576
1582
4709
5512
4552
2333
6301
5209
2267
2275
7972
2280
2243
8355
4402
10282
252
1844
1673
4235
6830
8786
1458
2259
5063
1731
3159
8408
7020
3448
2269
6330
267
9415
5545
2371
2226
3291
6295
1556
8241
9606
8625
9607
2269
3465
4331
5476
9953
7428
4556
5328
8685
4482
3793
3338
3391
3386
161
7728
2202
6175
9595
3496
4952
8615
4586
8006
8174
3293
5678
11091
3327
5337
5372
3236
424
2313
10676
6033
5845
9084
3629
5183
5545
2276
4767
5585
5565
5199
3545
5212
9252
5032
6617
4913
5200
10539
1335
4512
8274
5414
9148
3185
2410
5196
8432
10934
4323
2963
5913
4968
6552
5308
6519
11185
8418
6288
6401
6101
4682
4509
4439
10332
378
10828
7509
8704
5173
6362
6368
2206
4470
3223
3412
10281
6212
6540
12553
5442
8672
2268
6570
4377
6264
3324
9773
347
3160
5395
3526
10366
2433
3580
12470
6425
9340
10474
9433
8051
10491
7465
6178
6888
6475
9905
4648
4962
5884
3726
10717
6355
4705
3597
6554
9590
5444
5655
4776
6632
4887
11922
5398
6180
9547
9027
5215
7670
12412
5176
3418
6476
10572
10639
6414
6204
6542
6915
6172
12329
4527
4261
6405
4793
9926
9454
10844
6521
6539
4672
6529
13549
11680
5389
10842
11061
5187
10570
6349
14447
14088
5231
10969
5811
13349
7775
3498
8580
5136
5154
8292
5378
9417
9517
13413
12337
5302
9424
6661
7809
1684
5317
11815
6362
6601
8198
5328
6441
4505
5593
5420
8868
10532
8369
2346
7251
3219
12786
8808
10564
8174
5782
5574
13643
6255
7154
12572
8063
4702
12146
8872
3482
3496
7414
9516
1775
11894
4417
8913
2331
10445
9467
7335
13864
9972
6222
11096
9351
6763
10634
6578
3528
10819
11628
7324
6951
10883
6436
9196
13098
3271
12092
9252
411
415
7871
9299
1645
9634
5579
3876
6263
9457
11003
12523
10746
13642
9553
12921
12332
5259
13301
5270
7321
14332
13941
13982
14245
9982
10437
11448
4544
13861
14444
2455
3412
5392
5756
3233
16443
1330
7328
14490
3605
4896
9375
16860
218
13193
15612
9328
3093
9938
12859
9531
11485
5728
3240
4347
6295
9915
12382
13458
10359
10251
4601
13589
7600
10605
8955
7905
7576
14149
9274
16313
15900
8800
8540
15844
13090
9381
10582
8259
9838
8276
14502
9514
6431
15578
10920
396
14025
15875
4231
7850
5369
14980
10742
9757
9593
2321
9437
8368
259
10551
5242
16526
9407
5685
11165
15430
6563
5581
17190
16333
10674
3533
17335
7102
10502
8905
9394
13914
1486
16661
9183
11145
7515
12797
9192
14536
9078
3198
3314
12376
10320
11659
15614
11309
6349
11201
17694
4462
9539
8619
11047
10792
14891
11003
12386
1655
1542
8948
3633
11243
18856
10183
3425
18889
10291
11639
18449
12389
14448
10078
11264
19463
11999
203
15674
13805
15918
17453
13743
5450
7034
629
1951
353
12990
10726
6797
16577
8430
10103
4717
15830
5521
1399
9293
15444
256
9365
12748
2406
12317
3549
5381
13617
11133
9735
6465
17293
12340
13308
5722
5258
15863
11748
14743
2372
16063
7830
15389
18455
4375
165
12482
5295
14474
12661
5225
12223
5293
5205
11506
15492
12380
2414
2416
17314
2306
7117
12510
12806
6180
3144
12221
7093
5202
13216
3210
14263
3454
7364
15256
8590
14387
11759
5466
3682
13141
14610
2928
15685
15506
9338
21263
12839
18351
16996
18557
6691
18947
11962
5326
13109
18744
12278
5174
20340
17323
17391
6890
12293
4850
16181
1340
15509
8585
340
12203
15744
387
19810
13351
13485
14685
15903
19893
21973
15388
9387
10719
19464
15417
15826
15679
14410
14207
10938
12567
15200
4767
14440
3723
13982
312
9131
13797
15836
9275
15359
14299
8516
2087
19145
3451
12079
6431
20049
18975
16365
14833
9188
3232
4683
6614
18562
7550
9556
9927
12234
13708
5391
16990
8362
485
10667
5307
16708
2327
10770
14720
6270
19712
12307
4882
15810
6153
22029
9305
13731
11258
15972
14376
11405
15560
13890
15244
6509
5562
18186
13812
21927
4888
6387
9721
16359
21483
22282
7647
21864
8029
17253
4598
17438
2308
3620
20893
23044
20998
15500
8597
9749
4870
20708
4888
5416
5080
8242
14659
183
16056
4998
3297
18115
7545
5011
15776
16025
15448
18772
16710
5324
21980
15894
15345
3503
395
5464
7013
12258
18264
15611
5428
7567
19981
20111
15660
18448
9616
17964
12462
8249
7207
3411
7615
14493
15650
17104
24751
3688
7988
16676
1341
4629
15609
9424
10765
14274
3848
3424
7755
13752
19390
19750
15154
18993
5204
10740
9039
23511
20485
2282
21380
10537
8007
15256
10201
14732
1387
15528
24835
19190
12465
6230
6702
6703
18555
24830
15427
8684
1106
6179
5664
439
15289
13569
4511
6786
19254
15702
9403
14334
14696
20308
6309
22992
20677
7070
8747
16844
13806
17188
20825
19602
24991
22833
18842
24642
3569
17669
10718
17503
6388
9467
14474
15986
4932
19176
10975
9964
5502
6230
10650
22456
18038
5404
4742
10821
22544
26987
23573
5411
13087
24644
18845
3237
9670
9547
21674
428
15568
9118
3458
7937
26128
19977
6090
20869
3372
24392
17290
8080
12205
16626
12219
20761
22548
18440
22898
9958
17547
24839
23244
4955
4747
6421
5350
19639
19861
17081
2386
20012
11258
19074
5207
8896
16302
312
4516
10637
9302
28278
24703
4593
15431
24264
27373
2741
15556
3292
20633
24151
20692
3335
9275
19569
15146
19972
20229
20478
19607
27517
20632
25368
27486
7800
10743
6395
1595
13526
16503
22962
26505
3278
26436
4968
12361
6658
20935
5345
24397
21211
16319
4986
24511
21122
20523
21987
26305
19169
23997
4364
6340
9431
6591
5280
4318
16534
9368
5252
19977
4374
16714
26633
14491
5624
10326
11585
12340
22902
26637
24972
10558
14008
12626
27280
10851
3137
3276
18178
10859
4685
5235
12048
22014
21140
6503
5456
18958
15373
24906
22011
21288
7101
9379
24420
15131
14738
26170
24384
11351
13338
3164
430
10622
6382
4642
20514
615
24272
19485
6228
5983
14924
30193
23395
26049
21732
7656
21960
5150
28566
19787
14201
9546
8782
28388
9100
6048
24818
12263
20219
17416
21407
9533
28081
141
19989
30223
6669
194
26139
3191
12583
24229
8477
25937
20538
3385
24572
407
6703
25932
24405
9130
17017
24349
29435
1979
3646
27393
10894
9262
5416
13161
12233
8070
9305
11206
13502
23087
25584
8360
2449
31155
13232
30303
24476
30682
24606
2402
1259
22613
28975
1323
28595
28469
284
286
302
6575
5435
2616
23681
15691
3426
24770
28349
24996
32318
25106
24585
25314
7558
18688
30660
27106
26419
24327
25672
25288
9339
27707
3654
14536
12354
3459
32394
304
16600
14924
33704
23597
13523
3593
24973
8632
30105
11047
23366
25867
5476
16708
2697
31822
11838
13435
10540
21542
17468
21990
7588
25282
4198
13219
9623
21066
14463
25780
30842
24048
31370
31678
15962
3146
4453
27155
25660
26467
28656
3319
27629
20287
2323
5956
11042
29806
9369
5330
21266
24820
41
33981
14319
19956
10897
4887
3260
33171
34985
12208
31352
2305
4308
27740
10532
31769
27954
35601
22612
19426
24938
13470
22837
27161
29118
23822
30307
10749
32683
21492
6353
29594
27078
32642
16939
32869
17562
17562
25564
17312
27304
35519
5903
3457
27705
30472
30558
3570
33218
3533
10525
27077
5141
20413
24728
17433
6406
6415
8056
18201
6454
425
265
6694
10617
7890
14262
6596
24885
4691
5261
2363
27774
4457
27487
28686
29534
37121
34715
21357
28763
2071
3473
17288
21728
12207
31371
4798
19349
11254
36509
13271
33430
2387
11516
20776
15816
16503
20446
33441
2367
35666
29454
22717
11302
33533
32785
13356
37285
5280
31513
15242
34409
7923
18126
6769
37988
18602
30894
421
8053
28857
30868
33363
30607
15331
4938
36174
9837
36173
36645
32510
38455
7547
16991
30415
10502
12452
2211
17993
17382
7301
6252
518
3316
18899
30751
30246
34387
10751
26846
8632
16180
12768
30266
18873
30704
35737
8717
33067
6827
21528
26183
13003
22275
7657
2191
6618
5922
7513
13883
11319
11323
8037
9034
18186
35456
9210
36969
37804
3420
24689
16782
6361
9595
6249
32635
8892
35849
18803
21940
5378
12288
14737
28057
36255
34376
33401
12496
31267
3256
7770
3343
21483
13440
31648
10242
5858
5796
31682
7731
32909
24671
24548
10440
35261
32977
570
35639
6267
32598
6445
7670
34739
3477
23872
33337
22676
33785
10980
37931
4964
36473
11061
40356
4586
11142
3283
22736
11216
33209
16201
3427
10078
33317
4557
16743
17267
36745
3537
454
40495
5243
7241
33374
38883
33177
25604
10914
24764
17874
4893
11210
13897
39736
29804
24153
19220
5233
455
21310
3396
4300
24314
12132
38766
36802
7512
17192
37790
27154
28273
33403
34552
18507
33142
10957
34531
33278
35652
16916
12634
377
3437
4657
3113
8279
41903
25800
226
26416
13387
12810
41088
29904
6287
2451
2453
20609
521
14532
40955
28389
23201
5274
24414
38816
15521
21404
19553
34030
37744
23860
36440
16848
25386
11100
35061
27210
9440
26010
2325
12379
32308
14701
31927
11786
3448
14027
11786
25410
36922
10400
4923
3346
39008
29030
3622
9535
7508
7610
28117
39853
36919
23599
34213
3491
33014
3073
6965
23371
3340
40909
20834
8196
35095
6932
10799
35103
12557
2545
36475
22945
11564
36736
4589
21473
31683
38295
5189
9241
9433
37266
20648
35798
33476
33121
42451
25112
177
4920
9618
14553
31636
3342
9640
15838
8988
11859
26974
28192
2684
11384
39283
39645
8414
21928
37324
27499
480
14416
34163
3663
37457
44475
3531
367
8265
37530
36342
9465
45402
6415
11902
27571
3781
6513
24748
15328
15330
9675
39950
40496
3515
3991
6780
25780
13028
38809
22315
11860
16857
21770
3430
387
45533
10847
42074
38266
25969
32321
34476
30784
19550
15182
30930
1767
17495
7742
44833
16817
30308
12464
6169
5003
40503
45002
15835
19622
1762
41158
20476
40831
31038
10086
37944
3539
5731
2527
4590
6904
48376
31802
17961
26652
3431
20461
39569
42398
23250
47293
4864
46796
2390
2421
13279
15520
5099
726
36011
3221
13781
15382
10826
19984
2243
45396
6250
48328
6933
8731
41603
10793
20344
3781
30556
25398
46240
10339
12788
43910
42046
17066
13495
44642
39191
14259
40682
32150
28851
17381
49356
48103
43700
48226
50637
9359
41484
5083
4755
22300
21424
13534
8118
43566
47307
24498
3249
266
10830
43407
45925
22652
3349
25709
49882
38921
5348
44386
8225
10640
28569
39582
36004
17151
21210
3295
36069
14434
3270
2802
17904
33452
45178
34815
4937
16738
14985
721
48195
9488
23441
42864
50421
25280
41429
7935
30639
5253
10594
25606
26767
33700
40021
8117
17218
6267
13503
444
5557
5221
4649
6634
27514
48357
6403
6498
13674
40487
5692
8507
46317
19489
21349
10674
37250
22163
43715
9202
5258
45012
24332
436
48202
433
49249
6350
8858
14599
16675
6242
6244
19256
11493
5017
18367
22691
31974
24792
566
18336
588
24723
4728
51341
6658
36575
46380
9579
38499
20739
3495
11325
9570
48002
17272
25252
32697
3335
17097
29551
42089
8548
17115
8281
5131
23574
20486
5440
7921
39418
2448
36913
3235
15045
51596
9613
14254
15910
5684
5367
15689
48307
4559
47204
2563
45383
16005
17534
47398
10896
42250
23206
4324
53667
14526
2278
24566
35420
24492
3428
50318
26518
47466
37851
50938
40834
37698
9819
5437
11061
54219
3975
30116
20982
24503
47709
6629
32994
9646
3157
33065
47526
54771
51935
2345
34020
9364
48131
44266
10378
9970
49308
27513
42808
37815
15755
6321
25878
3667
10266
1705
7681
15574
6659
49976
30390
373
23062
2142
4206
28078
31632
4841
10909
410
28762
26645
26767
12536
15350
48511
3362
9869
5738
45576
36062
14510
5620
45255
3398
36304
48752
38582
6278
5764
50802
44856
4401
48405
12155
41746
48696
5468
8189
48479
5519
16760
52991
52027
38288
2095
1691
3384
6698
1771
26426
18713
12383
3065
41506
18285
3416
47418
6072
50496
6121
15083
55707
49669
15438
10781
6711
32475
32082
6922
14442
9026
18643
28948
48366
47380
9288
50594
47428
52236
11731
21602
6406
40605
10344
4598
32531
3203
18271
173
178
5434
13484
16016
4699
33688
276
54068
18162
13404
35251
12191
34425
40928
6768
2381
48523
2180
5447
35456
14483
36305
14496
1524
20654
18985
3448
3447
50198
3418
226
14517
17063
8391
54750
11105
9311
48853
26431
5057
14519
12430
4005
7143
51841
8619
37823
42003
17428
46042
3627
34097
52799
1703
468
3247
54524
9239
4925
44825
5372
46712
1846
28965
23012
9124
44041
37551
9545
31398
6593
53804
458
9412
44530
456
31607
15391
22300
33280
58697
9488
9501
603
4666
27310
11889
9643
61496
54419
43004
5577
50841
33635
9800
5629
44829
45859
47853
32744
25399
15033
34071
7247
54456
18645
7748
58992
61667
32746
6121
10623
35067
52451
46814
30825
6312
47655
13607
2014
7118
3167
12423
21968
9281
45696
63778
2915
36667
18853
3578
26747
23023
58277
1665
54606
6082
30665
6904
8987
39378
49111
18669
8307
6503
4687
27298
15878
568
407
31
20146
203
6560
18226
123
211
3381
46456
3756
36722
48382
44854
9572
12677
5424
34753
15251
40276
11544
55879
14212
9527
1693
444
11882
13359
26487
24652
7900
6592
51204
19289
32986
11074
48408
226
6087
15854
4667
34299
2247
19823
24075
51293
6251
9600
6326
17447
11476
2473
2476
2480
27320
11542
13817
350
30420
13710
6644
6371
42039
9294
46312
5355
10369
9468
59648
51007
66492
8134
54386
63398
286
43752
60385
33389
5377
59437
3477
29880
8663
15334
2401
13317
1747
12497
590
65352
53887
15396
30873
9569
17668
58457
34939
10901
47702
5450
39281
13136
27519
52682
4307
63615
18076
27102
8382
10120
2403
21566
4453
46683
26325
20472
51189
67145
1499
6599
6535
58367
6880
15749
2439
410
11409
4948
1635
36850
30503
62369
5876
16297
18652
12312
760
3710
4487
2184
2189
47821
1748
61081
1841
323
7710
49939
9507
45066
16411
52617
24648
16856
61142
63460
59341
57617
8703
3943
6097
57359
39428
5177
1690
15710
41752
1877
1886
1896
341
7352
24063
4770
66741
4510
23525
52365
5189
65735
9460
20562
6501
3466
9551
6413
66586
45743
57107
2289
9651
6323
49350
21692
69436
6672
41686
12619
6918
60006
3861
5334
28048
15899
22861
2274
5739
6109
57344
9232
58113
11466
25642
6705
5498
34850
17701
30516
65891
24454
6203
53312
53412
29724
46130
3630
2339
651
8902
4725
13481
6236
3340
494
12255
31048
62351
41594
9758
8442
34862
34877
51982
19531
8098
3432
1940
26459
39506
2280
22571
627
16042
31238
14402
4536
64511
36176
65610
62482
26897
3152
6616
31887
13966
4508
22232
4776
3784
16926
30123
1801
8551
5367
8217
673
71579
3268
9355
64463
69133
10373
29731
71164
6547
23659
15394
6644
8327
5379
62727
2461
8509
3585
73091
69217
72957
9413
48520
10317
49620
21438
47485
43660
48311
258
65842
356
22160
379
1579
39603
5349
32924
22151
72479
14820
6616
54955
6459
27557
1987
12252
12660
10194
66613
11280
66766
66703
7989
11044
6612
62523
70410
75513
14327
37174
17346
52743
62659
70832
74622
63567
4283
64076
23151
58409
71475
62272
71502
72539
56955
43388
9401
1483
3464
2378
43617
75176
26515
68855
19388
2741
3923
3940
18041
13935
65877
5371
7889
39702
470
27126
24444
55721
76140
21932
9086
9121
1414
14061
10464
69426
15929
23936
47112
20946
281
288
44482
16587
59073
14175
3384
1354
13427
47653
9346
31472
41496
32131
53891
11401
30191
70701
4498
17203
66728
3783
4583
16142
71323
9294
9203
6601
32850
13526
13458
16879
7717
76740
3489
62356
15342
48664
3416
27386
73650
12440
5315
27556
22042
2383
8305
10439
27052
34500
69831
5504
7999
223
367
69536
1642
14414
41391
27292
9142
41322
72599
6849
21842
1517
54980
5754
8382
5716
9783
23256
15172
7297
16582
6706
62461
16886
7251
1328
10693
3307
34341
8200
9297
72425
74313
29985
52705
17285
13706
81484
4443
1376
483
9436
13446
36564
6577
2222
49193
657
21042
401
13056
482
8935
40719
34653
30387
61564
48288
34038
79648
23949
13554
3254
10894
21402
16869
27482
21135
19268
22920
29714
5062
8610
3228
2475
427
9594
76281
10726
36364
5485
1636
620
18582
9273
64923
7339
65455
60811
9279
65975
106
22993
233
9444
39749
235
154
35213
66460
10638
80407
64664
5908
36367
19810
66081
2367
79450
51269
10942
17054
54323
1514
68539
16583
3901
10103
9964
517
519
77014
17180
31015
78925
81634
1416
3479
3581
80389
12192
1982
2592
31995
34354
4474
23139
15150
11839
1756
50075
3471
79155
65425
17688
62556
2408
65647
3747
6376
7990
76627
11587
75793
19922
59698
13521
10571
38657
16708
52722
17863
3319
70955
76393
394
65417
18489
3753
30449
5493
5564
4512
21071
4498
3545
60472
48631
10306
28689
3671
3504
14546
7401
17006
68559
66706
65236
7466
10742
73594
10437
16361
10536
5303
29757
71804
47677
77069
24045
5070
22651
62469
4535
7647
9259
170
75188
3542
6263
52059
60795
11486
6559
80494
64202
70197
32160
9600
75330
10014
14677
4283
6256
5243
6394
4269
72552
5313
6440
20560
35573
3666
6031
7031
3442
32646
4674
77648
164
78589
2351
12617
691
20435
294
26448
4696
11539
3307
9576
3648
3318
73782
2430
5184
1666
58097
15484
15914
4157
31507
3265
29852
5315
655
27935
1981
10571
7725
5911
32654
13608
3633
2521
63074
80658
16866
7639
3971
48673
9516
20357
9534
81395
16241
4739
2460
72455
9716
17143
33095
6551
3369
558
9392
7924
84082
86252
3483
65366
5625
51961
11232
5441
25437
53304
196
5689
5243
7887
10655
21263
3617
84504
41828
1463
3304
71696
3211
73758
3642
2289
17193
24437
15923
61448
483
6252
90335
62904
9380
425
80647
10428
45520
12664
34991
6427
60248
3609
11601
11562
3390
11890
6856
17290
554
32559
5399
23396
38113
198
9157
5015
3828
3917
421
422
11410
82278
24422
430
3872
10739
91693
70714
9327
7775
3324
3226
8024
5531
6351
4687
24753
6845
2454
65528
59564
7616
63684
5580
8457
20677
88175
92130
87740
3228
3284
92693
10441
15943
94155
8870
17890
396
33044
38835
2459
298
13027
59338
20417
10859
75902
92218
6286
10996
8205
92912
11262
21420
4286
13441
91266
85125
13604
15819
3986
7424
74918
13026
7479
9780
3820
1807
71977
3703
49311
23795
2482
2487
85896
2106
31696
10657
3501
10756
34698
71538
7049
3410
5052
55135
14945
16854
3334
65795
5220
4222
72331
12249
3626
18379
22661
14507
9569
84732
66462
90069
96728
3146
21346
4912
3250
47550
38077
15942
66726
7324
41112
8694
23333
2639
40195
18012
74340
24712
31578
18381
26701
14354
32977
4310
2347
447
321
44492
5891
23647
7044
32820
85810
4356
6940
3635
8310
15033
6452
62044
1829
13571
15293
4893
2218
3482
7746
73692
3948
2312
9274
95538
16675
26225
10562
347
93438
43611
52397
30324
51730
399
244
11357
47559
54257
2417
16313
6749
66388
6532
6614
8340
2158
3930
12631
17722
11338
17452
3585
63627
561
2477
69718
80060
12915
15329
2449
43719
14165
2784
9637
12359
4023
18581
92555
5647
13448
26158
96604
3321
42013
19809
52387
34782
21666
101345
2296
14542
44174
10352
20225
256
9405
10825
2364
8707
1647
9615
37444
12900
29654
4700
5791
15171
4950
31708
3491
3163
50534
70606
4647
3502
11290
5232
11298
96239
3319
23075
26609
4252
3344
42340
1553
33658
15346
18170
9798
2249
10715
16693
25666
37889
5539
102110
11436
599
10921
23229
51527
7579
8460
3746
4958
95953
24654
14214
247
6284
4846
99327
15393
4903
8363
91237
5085
94305
57659
10293
42583
4728
18904
238
22744
4728
5293
57859
87227
94481
5376
3756
4500
97420
4941
61154
16390
17521
17531
13463
13533
86856
504
88017
18453
2696
97194
97408
73462
19422
6364
5366
97958
23935
3326
65775
24185
26447
389
393
97978
415
3437
453
82148
61827
363
7385
41558
54369
3634
95587
7235
20899
101664
3565
104932
33510
18330
102249
3447
102494
4542
6587
8779
27897
20913
6443
29035
7900
3532
19766
20792
4806
1840
6530
74392
2861
10001
100567
2382
25128
10822
14275
14453
2445
9187
2489
2497
14544
98676
384
14018
4729
4577
83481
8823
21974
66899
77680
26942
362
98140
10694
3205
11335
77815
5022
4393
6585
3401
3479
4699
33896
35866
12718
3547
3606
7887
10336
97391
3665
3678
371
17199
23852
76
11072
16780
66801
28856
104309
7243
35610
14342
4511
16706
8967
61079
4580
45299
4630
40489
2337
6818
6507
603
102726
9287
107795
38434
10281
92746
5040
356
21906
2282
107036
426
25637
8388
5442
11930
5454
12754
8045
3228
108312
8166
104003
5817
40667
9789
31137
98941
30872
11901
5981
18612
102966
102642
6077
3715
44896
11085
8069
101669
6263
50120
12247
36221
3549
5413
9398
10844
6451
12957
7585
6553
33351
15260
99975
15293
45854
30172
26859
15856
2045
107045
5105
24611
6917
6945
94713
377
27040
48333
12004
15706
261
11288
2303
6035
4978
8934
81943
409
20276
31999
5583
1493
1932
5604
8230
3600
21852
11523
40198
5325
42342
14577
104900
7031
8266
4647
104257
98250
8735
17558
2239
13230
4359
4728
83592
7011
10863
39140
102334
1584
31841
24842
2205
11677
3569
3253
3620
9428
6689
21681
1896
8538
3571
49724
5103
62450
4004
4626
10114
51124
10429
5517
1607
9337
8159
5537
47440
5650
108554
2196
18884
15285
51312
9787
1611
9419
1662
11070
3253
3386
519
113745
182
11417
11442
6513
93608
83911
10521
24547
10630
11907
11859
7587
343
19492
16695
3612
12052
6256
102269
115514
16422
93292
56060
2626
366
370
70788
4291
78067
6036
12515
115187
6383
17284
17624
3421
10944
15721
71157
3599
6552
383
98603
258
59736
27159
10928
2557
4615
13169
4242
5485
33286
32852
30655
106010
37207
67005
80160
179
11173
4377
13609
6023
6605
12604
13757
5426
11792
3277
4598
3292
580
66694
111439
10243
10852
38323
9680
50656
4482
23233
101369
102963
7699
2501
8448
21151
348
14783
602
1560
3242
16279
6369
1346
12525
7819
10603
1622
4952
116020
12988
3272
1960
3166
12345
6415
65220
9389
3395
3459
65266
13804
22150
11587
68157
3361
117393
2275
36034
5508
92602
96239
101938
14992
22833
119505
5582
27379
3326
16350
23156
17154
13696
102354
116201
47897
14663
12593
75502
14424
103786
22712
17438
3501
6460
20577
81816
99432
3051
9424
11001
22617
37344
6411
14534
10355
18412
29444
203
14402
3852
111645
24354
3417
107827
34480
596
5465
9415
3615
469
4468
2123
17189
18123
120784
98887
260
106258
5583
8010
392
122431
6325
120166
21574
9167
6281
9225
52069
9261
18676
4708
4524
6404
5045
1589
6631
30651
12019
3189
20087
346
19138
608
9160
14408
34967
7676
17335
14401
7485
4691
19682
39307
19692
116385
66566
86414
116813
2439
7612
46637
8040
212
27580
8581
4559
1598
13198
83862
360
2360
17515
19510
18231
1921
2289
1759
4291
99465
210
8706
50025
133
310
175
20902
1466
418
2284
24025
6221
52242
1597
87506
8522
6440
2426
112949
41000
1535
92688
24707
7057
5287
9608
436
15263
18658
1276
13213
13987
7612
10918
124732
1215
239
3324
331
4128
22096
111242
5328
16152
10078
688
1758
16323
8778
11965
125806
10363
19758
113166
585
2799
5185
119554
125521
521
5822
2112
1650
2309
2949
1708
122263
12211
9311
2787
22992
21567
125610
3432
708
1437
711
278
34300
4893
55624
4267
1664
34476
4836
75846
3707
56977
3677
21272
4645
2543
3275
6293
1660
3368
1908
2403
2477
6076
39014
19228
49177
9186
10662
3330
441
1473
4259
3951
69849
421
10231
125260
14098
122504
37591
65469
5132
48735
113191
259
123631
4485
3666
8067
125564
44482
4718
82323
5218
121984
2858
117670
254
4888
83206
31445
4523
8291
422
5039
98191
1906
11418
119159
58398
126853
16840
3565
7689
33539
4363
26240
124408
3617
3374
1634
45761
404
14383
3493
5830
5243
113340
105221
6386
8942
6459
131528
176
32470
119248
124791
18816
335
13519
6369
5557
2104
4364
412
3579
62634
37236
97836
14548
9737
5315
131001
5315
9881
415
98821
616
2226
129602
13791
5522
14486
754
243
96376
1998
19166
3475
7706
3531
6893
6740
18753
4747
20836
6726
26800
372
451
6257
3319
3598
10785
5758
510
6545
21660
130190
3604
20313
479
314
10590
1134
308
3540
34660
52761
3223
31902
1398
28946
32000
9300
372
6125
10707
7435
124782
8678
5285
80510
461
466
3354
38383
7271
290
49639
9191
3553
4583
46722
11226
10101
12895
9556
18158
6662
110717
31839
54472
31160
6415
5428
2074
78656
23689
3327
92883
4611
1489
1638
9505
25332
8805
15265
11659
4613
7345
601
2639
5344
1617
3458
7637
3472
9430
3676
7227
2487
5239
98695
17663
111963
5363
5403
32256
4649
2681
50583
95771
3471
132430
133948
7826
285
104663
5292
128430
18063
9260
131651
14213
2730
5354
169
7613
1240
108325
97734
97684
2454
579
4872
4361
4924
96318
79618
6450
4614
7941
6603
5425
55968
3228
34390
4915
3480
12086
12868
7774
133873
2168
6337
52976
138308
8281
14136
5239
1249
10770
12467
14215
49537
3265
55088
6037
16693
56137
135222
4827
14828
78884
4394
8597
16520
37097
3248
3650
3417
3081
108030
3710
63416
6329
17432
134741
6156
39078
2789
1759
15236
41953
58784
3031
10771
254
29907
353
16706
119603
703
98260
8881
1607
4642
8989
3471
7709
36846
4973
23274
3337
423
134597
8127
87038
45792
15555
17399
126958
9338
6293
9645
3410
6652
1506
5177
4449
26565
2610
15499
115635
12423
117641
1556
3456
133928
8749
3300
138702
9407
9418
123855
2443
30081
15630
179
19256
252
5642
12449
443
4657
17172
5708
7111
441
30586
3914
1913
2698
5194
389
10263
23869
18820
7264
20845
5686
132667
12119
2043
10365
132077
29130
32510
9408
49223
10680
3459
12183
523
704
4931
7084
17292
12713
43516
11129
2159
7229
15799
13786
2263
178
9574
15439
98782
7376
742
242
238
136796
18327
258
139812
1596
5764
39618
30553
47816
118096
129576
50188
3527
1450
12352
12418
3257
5436
54920
8891
1433
4853
4599
6462
7471
11469
76196
3614
13245
5692
62370
336
34485
15408
2338
30158
399
1515
1798
16708
36326
2349
16672
110396
2390
2002
15045
410
8591
6015
50043
6657
130508
3370
11597
148979
144978
416
16109
21152
6189
232
129805
3589
7504
125173
200
6354
3898
149
294
520
4142
1537
21773
23653
3161
6410
12487
214
1712
4657
3505
81339
129864
139374
5588
4663
42274
13740
44798
2331
32486
109
7418
3289
280
23367
2401
1522
6343
625
3855
29480
22854
4051
3612
25475
9928
5872
1435
65300
2126
2128
6055
12541
2370
71906
3533
111550
1450
31492
3275
4579
146583
3878
31587
9590
135294
11204
3077
46829
3134
4339
3004
8010
3266
25354
8376
21449
20615
26922
218
1611
2018
3953
2706
521
1817
153206
5051
5088
5008
424
10225
76011
114696
102271
527
7610
2269
655
1677
26545
3455
4892
4097
51653
1123
5508
6426
3950
152084
136417
3924
440
384
149905
529
4760
147569
147638
4965
391
6362
20556
9410
5308
144560
18487
12365
2526
104984
3847
397
398
48588
3095
2518
31592
183
3076
2643
429
2021
31487
6598
125551
516
469
2519
1718
482
13248
3627
130098
9174
17671
3060
79238
58059
3292
1484
30577
105187
20184
206
2466
3381
29621
208
3493
3516
3687
2249
2259
2411
11485
8707
427
8873
12217
10115
92378
4998
4727
668
31595
1425
14021
156936
139870
6506
8087
5485
3187
8023
223
765
284
1239
398
2166
1466
12878
1571
4587
5002
15452
28184
3260
426
6103
5707
5147
2095
3513
800
47693
8635
2338
3493
128673
4149
6507
583
5485
3486
2336
5545
422
6426
109459
26512
5293
73866
3852
3257
5377
4170
7672
1503
11882
144361
211
3327
127592
3721
159519
9357
31960
321
10938
11486
8362
132767
160152
6632
146133
3668
11261
6759
2799
18454
48445
5462
151332
10329
1943
5966
54704
109
152247
791
4893
12915
9632
1822
6412
8941
37995
587
587
2194
5334
38434
115750
2502
3073
30483
42615
4986
296
211
1123
383
306
4352
2693
9829
3526
3595
18677
430
3759
1673
7058
3371
7982
39423
3276
1268
149851
264
2260
3394
215
65088
328
5243
573
142019
2502
1693
8730
65110
1920
162801
8350
55940
4081
12827
1572
1556
9573
49659
158646
15249
12526
717
24407
3328
129104
1229
3240
6217
155078
3466
5721
6341
6375
106319
31586
3243
511
3547
538
453
14318
416
158420
357
1764
2330
65794
11189
10808
1537
77370
17003
2514
4062
2446
8024
442
26930
5041
359
3463
258
24213
10637
27303
3741
129062
368
8462
947
4929
10923
10767
146139
5701
101430
7274
3273
6571
3311
167
114472
5527
5258
127183
4583
5336
21158
4758
569
5124
531
738
159936
408
149834
440
6459
14569
7974
541
6430
3172
165420
3639
3407
40525
2785
556
4001
333
14255
2402
51253
308
22141
1707
20600
3183
177
143899
311
421
247
149484
15562
348
2465
3986
3791
1880
106471
14063
3664
8354
1689
219
1961
2381
378
575
3322
329
1397
21668
67574
25083
1315
1687
6325
6605
3693
2308
4604
19719
21895
164223
317
2175
4797
5970
11148
3026
581
12139
3618
96838
3557
1608
3508
2392
2396
3253
5299
13592
3330
3583
467
3734
11929
169338
3957
24445
2242
12170
2397
39557
164579
339
169352
5154
4790
11558
2981
3554
3631
3398
3789
356
146647
5078
4904
4974
3246
3270
7854
7920
643
2621
10737
3552
1405
427
14442
460
12430
9672
2351
5100
3901
3926
4785
593
15693
2873
4900
5781
5192
3263
25276
3498
667
6596
100961
63299
6308
197
199
5177
268
278
289
16502
16778
93360
79
93807
84964
1367
5043
93574
12267
35177
89871
1296
272
3813
1244
402
2976
27049
5444
2570
2407
4689
2219
246
6430
5707
11247
21922
673
2612
17530
173383
5306
5429
491
150812
5479
6372
1434
108203
4899
3406
482
6688
4562
3634
1899
6430
3460
625
7796
22023
2178
325
216
359
3276
1969
4576
12398
3608
190
6178
7884
1806
1792
4260
60309
273
3209
13284
241
3378
2733
57889
9009
354
34128
16401
72487
21412
17293
26911
1535
5530
52288
1824
9615
459
1776
5190
9842
1378
156
46162
5244
1515
301
22169
46
9318
9385
9734
156
658
193
263
18520
18606
1994
10067
50121
1333
6013
1205
20802
7748
162586
176926
6287
552
5389
10501
2184
1428
3245
82
94
100
129
2234
158
2059
5484
77
198
198
447
16458
152796
15901
345
6239
7363
377
14630
7623
3395
6346
471
8948
8572
1194
632
3565
17044
1383
8438
706
1536
2343
8624
5239
33905
9764
7057
12445
8927
29841
2143
597
9210
6172
2383
2012
2011
801
2124
14394
4878
6640
14835
8382
11728
5105
6355
9288
9795
6910
422
422
4754
572
45436
6341
7078
2694
5656
3198
146
3324
168
11064
8229
37249
2190
179
186
280
287
270
10975
2520
8336
24254
2277
3891
649
2165
7973
4134
1704
9987
93329
81
1303
1432
175278
1276
143753
1358
1429
507
5131
19188
1468
5149
5155
5174
5277
1615
808
3447
2155
28296
479
427
1236
354
3310
532
4978
5373
12925
238
9261
6038
424
1391
9318
6504
7994
6120
334
392
6175
6217
13175
6253
478
6284
6308
2658
2766
3473
3136
710
28680
68230
6633
88590
8574
145091
235
157516
32968
2476
13956
3721
645
14037
3425
3521
10336
3445
3155
1931
7245
3574
20206
7806
7923
1859
3554
2409
4048
3519
502
297
304
309
346
6013
396
399
474
549
1005
15279
4900
3366
6052
3613
1423
529
1970
4777
15782
8775
3213
1836
31504
1751
1757
7334
13086
237
9693
184783
3534
11617
529
140172
1769
5250
9627
664
6382
1833
21270
6231
11405
18469
5543
6280
9611
2456
3569
1937
235
123738
312
15390
1891
433
396
3046
8057
10192
11944
144141
3449
399
3616
15876
9530
16706
1639
4761
5381
3679
5383
1694
445
447
60196
182302
7150
3429
3431
1873
5503
10475
3165
67813
1512
3453
7345
5769
5584
1117
3406
183463
7515
62455
2474
3632
3561
186
3664
367
375
14319
3695
306
191265
4784
339
513
2487
3908
386
2480
341
4367
11771
6503
3896
4481
1644
4581
1013
4818
3393
492
4854
4492
1238
2230
19271
184606
14724
7180
16806
28253
4903
3585
18177
5024
16993
598
4558
2387
3479
5257
20461
1984
3541
5118
8149
314
3125
3973
33388
1800
3238
129
1578
134
228
4292
278
279
9944
6365
4734
21001
13536
3215
11126
5944
4853
10422
553
294
3650
17131
141312
5173
95882
3473
10721
14117
6794
7104
10703
4966
3369
3532
3564
93488
14624
185338
3272
5128
3558
5558
7405
668
20500
11485
15252
2364
3593
15354
7649
194991
11932
13521
6502
295
469
103635
379
35080
18372
8377
3192
526
6966
6766
3365
150850
854
7273
7160
5528
177168
3017
7616
7633
3056
7695
173151
4900
4947
3515
189
190
42650
5026
19069
3458
20079
5835
3383
5201
4546
767
697
190419
25853
6583
168
22186
186757
6566
7092
9995
248
13692
17381
10069
4503
32558
553
7896
8354
93467
6439
315
5943
9324
20943
1733
2385
407
410
2320
439
441
461
4869
10705
736
747
752
10621
24073
9494
6346
5317
8086
6891
190824
2226
43956
329
13622
25699
11165
4891
9500
1662
1747
9236
6182
5290
12038
1940
1971
2034
14145
2063
21472
3139
3140
3279
187
3465
54864
2465
2506
679
2519
2522
5865
3706
15691
7071
2928
2720
2722
4639
377
3010
4905
3575
1790
328
53288
7602
11683
37634
45362
173
4537
5536
3546
4697
31535
3641
3714
3829
813
3746
4713
9693
442
5109
2452
2537
4028
12025
4087
404
4160
477
2403
4495
175
181
222
5775
4713
34794
4599
1660
13265
4907
19297
4799
4827
173864
646
4894
9332
9598
5011
10147
15257
7188
5162
13855
22421
3682
307
5331
1273
5454
4142
96555
1892
6933
19851
377
6029
6066
1485
7564
417
426
312
2222
20393
7362
6867
4657
200
267
20241
3144
1408
15925
17482
571
3485
2404
3443
319
585
14843
7561
191390
706
25104
779
11603
16369
440
3066
20340
4681
6594
7780
421
4605
8810
4180
18695
9065
9085
555
5058
20983
671
9337
9401
19274
3759
7109
9680
9698
9380
9842
207882
7690
1047
4947
3456
10233
27777
156
4932
6623
5450
10543
3247
6556
3305
3342
209187
3448
3504
3642
11200
637
6886
17296
5999
4067
1329
5662
1353
11612
10545
3037
6878
28
347
9707
62549
11799
153088
457
259
46104
9618
3327
12076
412
12188
12534
4754
3819
3615
12835
1764
18564
5518
6179
5405
181594
3131
3213
12704
3243
3510
2578
23472
336
342
343
3351
1798
5311
4046
1881
2055
645
3852
256
210853
1935
129617
13880
22202
181
8720
197
3330
3300
95060
230
11387
238
438
156
14340
147876
234
19043
14402
207
14518
3298
11239
2424
524
2636
3901
11820
549
1757
1820
1911
8238
206
404
495
2416
197294
8196
2418
3455
5368
3843
202311
2815
568
12026
457
1681
1583
16335
427
1604
1862
282
3372
415
2025
2307
46206
8178
3576
3310
3719
13044
2266
25349
122080
2370
3968
11436
691
339
2757
363
3524
6318
23496
26058
3193
1368
3007
429
627
5561
4600
17940
150
3464
1762
3334
4617
54877
3628
5284
3323
2363
7617
5229
4072
12125
4372
5874
3300
38970
48072
2934
5203
4655
1528
4640
7988
5816
4663
248
1950
7093
4342
4527
518
544
5293
43150
209
7699
4246
3055
2287
6991
7533
518
5415
2280
3573
4642
29291
9036
3625
6131
5190
6306
1893
843
390
5507
5649
3424
8232
3719
6777
9022
1467
4955
12031
1718
17718
2908
370
19225
10539
194
158
94
449
2439
7634
3327
3325
3326
3416
3427
417
9256
601
10640
5130
642
660
1297
431
335
377
16904
231
467
670
680
588
169
234
237
620
624
288
40891
4480
2938
315
9162
3469
4771
616
9344
36520
610
11035
14465
2348
584
182284
10613
1677
430
4829
548
24677
1290
305
1367
2410
18567
1955
5528
10162
1591
4091
3379
2073
1725
3457
2131
530
2692
10665
740
6307
15393
10266
1920
1936
430
414
383
580
325
1601
11197
1634
3609
3476
604
2482
55405
3239
358
34719
361
1746
3517
3434
34149
594
5300
5478
35052
1697
429
542
619
3509
3668
4631
8248
8298
2272
655
3264
4853
365
7915
11573
4956
2341
11034
1951
207461
19706
4623
4553
5482
3489
5536
3488
179601
5819
490
5704
629
3744
18221
1306
2129
6931
2229
2523
3420
3421
6832
1933
6879
2651
10568
3549
262
7533
373
377
10850
457
463
14493
446
4976
36443
24497
4683
831
5759
14377
48256
5857
3535
3456
3566
3582
3447
1243
5686
216
151
404
274
10076
443
8447
267
1680
8641
51334
6724
319
7714
2002
17057
4462
7931
4744
15084
17382
2393
2490
588
5120
502
1371
1686
1510
285
3212
355
497
4617
6657
313
342
1365
18442
331
406
3735
3345
2317
328
6211
176
8975
25934
158
227
3168
225544
3656
313
9129
632
34289
224229
1318
3281
6901
6646
1644
8263
1517
1647
11508
2200
2552
1705
2472
153905
5648
1899
1935
2011
6203
6563
1887
11726
6782
3281
142902
650
10667
1503
124
14414
4571
47747
298
11882
3733
22842
11226
17911
3631
4477
492
512
7269
11908
10975
6400
471
6353
69835
1586
26771
6313
2557
2557
961
9327
5642
7656
22754
1446
5423
766
227
42209
13477
30628
16416
2015
388
104
209
2160
54
6076
2383
2320
16599
346
16098
3538
5168
2428
795
311
313
321
422
14383
3112
464
699
3177
157
204680
3490
240
206
35151
378
18024
802
26247
2396
661
598
4007
41946
633
5290
2037
12146
5257
6402
509
25532
3162
8233
1584
2380
23138
5055
3903
9381
1188
19835
1872
1574
2619
9026
3102
4501
6384
388
3214
479
521
179685
7172
6120
2329
5935
264
3470
3404
269
2755
8641
436
5249
18173
336
478
616
301
549
54593
650
1567
491
3335
1379
4471
2444
805
4416
1799
23307
753
6401
3498
41099
1431
15728
4469
1373
763
194
1525
15158
2326
238
23374
5056
15607
16844
770
16339
1796
290
9683
3335
303
3360
298
33759
3419
371
695
273
3526
3707
983
394
49894
17100
4295
191
14099
15836
19025
1226
267
2423
4675
154
49
3568
3383
6306
210
218672
1784
576
349
801
316
1553
242508
5562
488
417
428
447
790
163
9676
1900
5236
568
663
671
179
2304
280
366
8664
208
3688
987
1028
1688
3435
25717
3973
573
2138
261
207
319
11551
19245
19992
352
3272
3290
44569
1305
1444
11162
42956
1516
7913
318
375
391
1699
1730
3657
2635
400
21055
4313
3693
568
3893
28817
2564
3407
3412
3420
265
3536
3614
248
253
3713
267
269
4379
310
349
3217
1849
450
7170
182
276
3442
147
2795
202227
3700
387
15131
12701
4664
4683
5736
114103
4722
678
316
686
171
1377
54219
4934
1501
61821
404
1591
354
10804
5482
15549
594
602
546
3717
243814
9805
235
396
396
2303
2321
2506
2551
1563
5498
246031
617
15576
3470
2178
7740
6342
3380
3278
1434
6488
12658
6229
19486
3664
29849
9095
43859
4417
217268
4589
6114
625
12488
3272
6396
14187
457
294
320
354
281
5389
1861
5588
2998
202050
8387
1799
10531
7760
2219
339
126823
3464
1929
7799
3320
24226
5055
1007
241
247
5989
199
400
402
403
365
269
565
444
5762
858
1698
14373
426
3327
2147
62
1335
1519
1467
1684
10071
9710
736
305
6592
3558
2135
6777
277
17185
2712
3504
296
415
717
3435
339
1769
3332
3857
3543
258
236
447
29874
3425
256847
279
448
385
407
634
1551
6051
514
618
1963
488
195
3393
9154
1863
7313
136041
3661
1793
1486
260470
1666
523
152374
27638
261350
422
1831
5223
460
14414
2015
5146
3164
32374
2336
2327
170
172
2384
243
324
336
2525
578
1896
3240
1931
53833
1649
320
5391
6506
2127
196962
255
3053
15606
223
2473
42779
3517
5922
3427
4589
4382
3862
5195
2420
3559
32603
283
304
314
1953
5356
526
2147
575
576
183800
2485
424
132
3628
4786
5239
3017
3511
356
5011
401
1569
240922
833
34378
3187
635
311
8866
11549
1937
1929
355
357
3128
6504
584
1252
9587
233
501
185
186
192
4557
3485
259
276
484
4014
466
1802
457
3722
925
2974
1494
386
415
85237
3215
396
228
3528
18202
495
532
624
678
7340
696
815
665
664
1500
1557
412
2294
2295
3827
2363
7573
4833
2700
2075
29953
545
8798
2317
4245
3466
3224
3446
353
3202
6268
1678
3367
9394
3394
547
5136
1872
760
5205
425
370
3398
3542
179
1388
577
9474
443
2539
8973
14151
2678
344
481
498
793
266
6229
4819
3282
4108
23726
495
4144
195
3668
3710
1754
4851
1524
45
82
5720
5673
6427
11498
5881
3312
652
1848
213814
6451
2014
275
1991
3612
1545
165
6397
101
2486
270276
201
7193
659
5679
11995
854
3197
3583
15733
21482
440
434
3491
189
197
204
325
3625
8581
300
489
7346
2184
662
6299
439
545
9571
659
6310
349
6272
578
203
219
1875
8406
7187
1577
2442
5479
26189
377
7389
350
2038
518
2236
139
726
12733
1622
3495
657
8761
2371
188
3845
231
234
161557
3071
372
484
419
758
3601
10668
590
93247
612
12360
319
3409
1252
3397
6377
1944
9866
8622
3405
1613
600
482
483
466
636
743
1327
624
2395
235
267
286
293
295
2524
360
374
402
436
1606
42359
10330
7669
499
237
164
3231
3249
287
1275
10832
3293
1323
1358
3558
1405
1426
20510
3554
1440
1533
2456
1632
1671
1713
1738
26660
1783
4858
502
3991
3650
1899
29477
91
15741
2161
2262
142
2294
174
2323
284
84431
1616
181
238
252
311
318
765
246
4765
549
3205
62968
3234
3245
3253
3270
235271
3322
4379
227
439
10751
72496
4666
1541
6129
331
9352
16277
538
4258
6217
4276
4326
2712
6938
405
4694
4703
4765
4780
539
3258
412
293
363
5184
5201
767
5260
5292
3160
361
764
623
3594
240
2752
2461
1946
5787
3909
449
479
3641
5917
603
6039
696
6144
505
610
2183
337
133
490
1410
1988
631
384
170
381
6858
348
5110
7088
583
1634
681
1316
1888
1957
1293
7578
182
3423
7655
2202
1913
458
3248
9985
3233
177
179
3358
2594
2595
12128
3547
5637
1202
2160
9459
1529
2160
322
487
3432
4283
146
1693
3370
3585
1720
150
163
4480
203
220
3333
271
201
4689
4865
4720
4146
4174
9615
9897
50
44
10864
8618
1573
1363
4929
3806
2854
372
10622
382
387
406
10719
2153
4437
500
5372
3050
10870
653
10905
678
10542
2388
350
827
584
880
8899
6623
5847
1022
5005
507
751
1320
417
3444
7703
858
2043
5520
2221
5953
204
512
1669
12649
1624
741
2316
12910
4410
398
88355
4261
8560
439
395
8877
2396
184
3423
360
589
491
948
6593
1883
2805
2406
506
1569
214
1745
285
9574
445
617
3096
347
505
7711
652
797
308
320
330
347
429
429
469
248
597
3252
145
139
156
1772
185
444
203
381
779
254
261
1498
437
386
1727
361
1982
2012
187
2252
2270
976
2301
2301
2302
2304
2305
1013
2336
2433
2449
2475
2535
1430
2651
3693
2670
12472
5291
2837
3358
4190
7310
3937
3271
3305
543
3497
3516
3582
9264
440
3675
3683
5669
3733
240
172
248
253
2745
326
363
3216
4073
429
451
371
3465
4379
4561
4644
325
20140
5039
3480
330
2250
364
176
2425
270
2483
399
1675
9831
484
692
720
601
5737
4640
276
4804
2239
3384
132
172
3044
240
3314
6078
149
3200
3298
572
14985
6388
3179
1357
417
6471
6564
7202
1528
6569
3481
1702
355
766
417
455
7479
2398
201
12594
2572
90
3987
7717
7772
3582
7825
281
1969
1503
404
1382
8120
3069
3346
3586
3589
8558
8573
1133
5605
2309
7805
3629
9743
1428
351
5620
6223
288
9505
420
1659
572
221
1272
161
276
150
151
909
23362
290
1366
445
503
426
10808
151095
1665
7235
1568
254
434
385
8331
12244
2419
6548
3693
3907
2325
2427
3670
21546
90358
2378
2231
1737
4631
310
320
2354
4259
3838
230
3302
110
5758
179
13331
280
372
177
270
117
211
382
312
321
339
457
629
3020
464
558
594
1365
3962
3385
3485
190
242
3524
1488
2700
1710
457
1833
1891
654
3197
796
3418
2375
3534
2380
3668
487
2575
220
3193
1722
12492
1639
349
256
571
8510
11408
3195
246
583
3396
2219
225
6201
3817
3809
4819
4883
616
253
2702
5683
2372
205
8570
284
22896
449
630
429
577
1723
532
753
17143
208
368
4452
6439
422
4041
9256
3838
585
1955
1432
1474
872
457
12960
1337
1343
1415
7453
1578
5249
1143
1356
72
2302
1947
5686
247
489
314
560
3142
239
418
7779
7692
3436
2158
4373
3363
329
2504
382
397
397
408
413
453
459
460
461
525
543
564
21821
571
629
753
760
304
867
3934
1542
202
1102
1200
1892
196
1453
17812
1680
5419
3135
1754
1918
1934
1926
12546
9877
1992
3857
5228
261
281
2419
2425
5573
2491
368
2514
69006
417
22599
3268
2485
2676
654
2816
1951
5155
6852
559
3711
3669
3985
1359
845
6574
4699
2213
3764
3768
1657
239
7142
2337
4309
362
320535
317694
182
758
184
204
247
249
216
221
8193
4932
7190
226
41557
330
3217
918
714
1606
358
398
400
283
6133
802
673
197
204
7030
323
329
298
1687
407
30761
413
2558
3205
566
1030
1511
3670
4121
274
10268
2329
384
386
327
7692
1002
445
517
1233
568
214
218
2206
430
430
245
755
6703
1547
2179
679
1979
599
2260
3194
410
222
990
448
16542
1333
7511
760
453
1013
13677
3246
2628
293
3210
691
3237
4603
3182
1005
389
3259
169
163
234
2586
521
497
346
452
349
429
441
750
473
634
406
1805
785
1473
454
191
201
1389
1419
250
482
3605
1543
795
2341
14635
679
224
1525
2460
2476
379
9798
169
244
3354
2437
318
262
337
2105
2044
319
3255
3338
2342
3411
834
896
2592
3350
3353
439
691
3532
3541
3543
1229
2312
3660
1823
383
384
1575
331281
232
372
373
376
485
4215
1665
384
6096
461
467
469
3789
4572
2290
6513
6710
970
3707
2400
1348
4248
1418
492
39105
427
5431
147
1743
19244
228
736
424
1957
6502
3363
331
166
191
400
290
218
487
2068
524
3353
2469
833
740
199
387
330606
836
3065
6080
180
8800
686
99714
3228
305
8623
1538
9412
1140
109
1770
159
9540
384
1547
1551
1598
193
10632
498
173
3284
1014
2290
477
380
626
8643
3405
747
43943
918
806
367
368
371
377
439
634
628
344
347
369
370
1559
706
5210
622
574
658
682
2294
1555
1442
9722
1519
26526
1944
769
5602
2386
486
495
2838
627
632
4093
127267
863
155
157
510
3474
465
3359
3649
194
3783
1526
350
1420
342083
170558
381
215
1934
358
363
404
408
431
435
3348
4528
413
525
545
4258
664
683
3400
308
2586
973
2465
289
4811
404
404
3080
1957
600
235989
1844
1218
1684
236
1821
1836
446
447
448
574
6213
613
625
2395
611
3218
844
3541
351
2960
6511
346
14974
545
3308
386
157
1499
3226
1732
3361
1696
1778
1902
3538
2068
3671
5071
316
194
196
4075
3992
373
123
125
129
3467
303
156580
626
2824
4861
3866
379
415
421
423
435
436
437
3327
517
3426
762
772
586
2982
334
1498
382
467
474
434
674
784
232
2078
1370
3813
701
5278
139161
3722
572
3074
186
7909
3526
1583
5632
523
3455
21310
4189
216
222
172
1524
558
211
323
324
329
5920
840
392
619
218
709
365
390
1236
2013
1456
640
3351
264941
427
161
477
387
388
389
364
370
379
384
389
394
398
518
558
565
567
682
838
915
962
813
1277
244
509
9826
974
522
1919
1769
3250
548
181
550
368
1332
679
690
267
822
282
338
353
131
544
2251
1552
273
2059
894
341
1591
737
380
872
796
654
1685
2209
445
708
948
306
307
870
666
2776
536
2260
2399
718
708
399
2627
446
3588
3068
3180
436
2995
408
244
1798
4137
4237
398
1532
349
536
208
219
250
259
265
286
288
332
336
382
394
550
685
2869
756
529
288
663
476
5542
1252
1308
3948
304
418
1413
1420
1492
343
1546
1552
1615
1620
453
1682
1696
304
6587
1749
604
828
846
973
449
2235
1111
9827
2526
333
2647
2651
2651
2800
583
2821
304
2887
1715
508
692
1391
3064
3373
481
3326
528
555
300
3761
148
149
157
191
200
221
228
375
455
4346
1858
1508
379
1384
3406
106
326
5037
3415
3670
55
59
163
4878
536
548
498
458
5127
2938
661
4097
5415
1654
2680
1420
432
1465
1483
27680
4908
139
245
279
914
3632
669
812
620
3282
3347
362
150
6119
3564
11691
4391
3805
211
2979
314
4702
305
3058
320
3317
428
322
323
330
332
345
430
469
3431
886
526
142
198
695
3634
167
11371
307
1245
5372
341
366
1273
526
481
316
1656
5847
1998
309
464
164
211
1801
4030
245
246
264
267
268
358
369
370
375
598
1345
362
632
120
122
679
170
183
276
1048
3224
891
3264
4290
3331
1493
9073
4048
1736
1255
615
1368
326
4377
484
2389
496
1570
12614
9303
6778
178
3259
689
1558
4079
3117
21208
658
1403
273
6871
4850
833
1313
686
231
224
466
3086
268
148
208
352
278
1301
2315
314
471
307
180
1583
350
351
311
347
433
223
607
1541
408
414
437
667
649
658
669
687
707
711
191964
105
321
248
284
293
407
1499
1619
6414
1887
239
181
246
222
356
325
228
617
361
2877
527
3340
204
3496
378
400
404
218
531
541
234
314
681
257
397
798
829
1797
934
663
467
4902
1464
379
388
389
391
393
402
403
516
519
1490
558
566
576
5482
689
777
352
1078
1134
602
1264
405
129
256
211
366
337
460
1736
2280
574
3298
7237
2486
169
181
187
189
483
333
350
675
2786
386
960
410
741
225
192
350
657
1093
404
458
185
226
282
301
156
166
993
531
120
514
620
2444
200
318
10140
13192
326
331
3189
339
3114
471
447
164
497
660
302
235
472
999
3176
717
594
373
404
37887
379
520
800
4077
408
642
311
1364
597
2593
793
474
473
903
576
3347
537
379
260
395
145
528
531
533
533
355
1184
899
902
1055
431
325
3463
449
486
234
342
2155
234
241
320
336
435
461
3752
646
641
755
425
338
3229
392
424
322
478
486
489
275
432
2517
334
335
1453
578
678
684
232
242
525
311
1709
358
367
491
1205
99252
2110
735
334
3709
396
1920
529
158
3340
207
218
3532
499
441
1099
733
1412
723
379
500
377
1891
632
690
197
730
404
197
1015
174
516
246
430
3311
865
312
512
2097
309592
11633
532
336
1575
303
177
310
397
472
5145
166
167
169
483
193
204
252
268
279
287
361
380
403
857
1108
875
1363
145
557
632
156
164
174
627
222
235
236
239
240
257
265
267
335
329
396
423
8380
585
148
151
1407
383
256
261
1172
6101
1208
560
338
264
387
392
394
413
548
285
303
304
305
308
312
1609
1618
4181
394
130
72
73
808
102
1835
701
1153
2202
2405
1187
2610
11509
1284
3250
242
2121
498
392
578
2328
583
3472
3685
649
3772
307
1278
4509
185
886
4566
3470
192
650
415881
369
625
399
400
405
416
420
527
527
213
215
380
663
669
501
3224
309
425
1428
4621
398
194
449
849
234
839
392
359
337
393
234
84
85
86
113
161
176
706
503
112
412252
40
56
635
394
152
119
316
183
377
192
197
242
278
3207
363
414
862
487
1428
467
334
457
901
456
818
9458
426
1032
362
489
846
1103
200
211
395
273
372
676
198
238
297
371
642
110
615
589
247
352
351
354
705
966
397
314
1040
184
192
193
251
259
268
509
274
1261
331
386
389
274
366
168
242
430
319
459
123
124
152
155
201
614
322
353
500
776
435
442
559
103
1077
1437
359
135
141
381
205
437
676
705
266
523
169
987
1490
369
2329
1521
385
390
531
541
678
817
3145
454
4840
1802
274
493
1762
861
3064
505
1101
398
2378
508
710
263
153
159
162
187
190
195
196
208
211
253
263
3403
353
425
484
1585
498
535
1673
663
762
5967
2773
678
195
611
2209
1144
168
288
363
359
1383
357
459
473
475
2825
871
454
472
1112
654
320
273
331
3216
401
3942
795
177
262
600
359
403
285
390
394
264
325
585
374
431
707
731
846
876
882
391
1194
1231
620
5635
1392
732
332
198
160
169
237
405
412
489
317
584
168
169
172
257
827
424
150
344
237
240
240
242
258
698
297
306
322
455
543
884
811
163
402
1676
1555
2112
1875
381
193
2220
2227
184
186
187
189
203
207
226
330
429
429
443
533
682
252
873
203
254
285
3274
3132
398
1369
1791
215
226
1474
251
252
265
285
150
1665
354
372
472
2158
732
158
4910
162
427
1088
290
291
380
477
542
655
570
851
627
254
682
310
618
635
385
668
503
348
3320
1012
1036
492
527
602
607
455
137
216
282
1043
1806
508
1565
473
1278
1184
251
181
320
350
352
1458
1716
567
560
328
493
2551
892
328
446
431
869
357
453
380
255
524
286
693
712
449
840
573
513
514
1360
1442
364
367
376
386
391
486
494
514
705
1931
406
1139
340
940
2630
340
666
562
575
175
124
714
132
148
178
194
289
294
297
405
413
1000
760
1317
1204
769
1516
419
815
708
42
38
615
398
491
445
254
770
826
2633
614
1202
446
593
396
708
371
380
384
390
399
761
489
510
762
379
619
642
657
983
729
726
393
400
416
424
426
404
551
553
555
211
725
1272
815
918
955
974
968
1191
142
1467
455
664
390
267
1997
386
552
400
526
660
177
954
445
592
523
480
578
604
279
774
138
531
769
466
942
473
510
1107
671
365
463
479
613
614
619
620
1101
1351
789
1769
460291
642
572
1204
580
951
341
350
3303
425
675
575
830
855
342
3384
858
880
299
183
420
793
369
7938
606
405
3632
264
267
343
433
1708
446
449
472
457
463
475
479
640
612
737
279
280
815
421
422
277
570
1118
1407
390
905
258
296
347
545
881
609
2179
550
705
712
2632
487
1159
383
385
386
398
523
370
1376
688
209
1309
437
387
1472
508
332
222
413
777
256
256
259
220
414
459
617
855
815
321
930
936
943
367
314
378
1415
477
638
856
742
390
635
243
386
387
1069
423
520
470
152
610
621
165
195
203
203
208
216
254
380
280
340
373
403
415
439
459
471
278
365
670
425
452
535
623
327
649
409
219
355
353
140
321
361
145
278
537
746
897
115
350
357
431
154
164
1095
512
259
1297
720
224
176
664
966
188
995
1001
235
1056
437
1305
449
425
429
635
2447
582
294
1491
1069
262
292
982
748
3357
316
326
424
545
699
2166
335
754
1572
361
149
3158
111
255
556
303
391
256
1351
591
315
1199
858
473
1565
788
1174
3371
408
433
1102
315
612
756
1949
158
748
1170
1218
600
359
364
366
748
621
566
741
245
703
1171
1275
724
726
544
620
625
997
1080
2586
1337
175
243
305
518
270
353
664
2196
302
470
1161
204
1260
568
527
821
1172
458
499
500
501
295
820
1179
978
569
465
1480
304
1215
718
157
469
655
389
390
447
335
726
474
361
389
403
412
460
504
507
601
701
704
751
887
980
998
1079
949
1155
757
273
922
163
198
211
1474
411
416
1705
1743
1802
177
422
3324
1060
354
305
513
647
313
597
423
778
816
548
416
308
314
316
318
332
419
442
568
538
545
586
641
664
765
550
346
538
2529
4430
577
3304
2074
37
56
63
84
174
385
1621
4115
3690
327
617
419
439
449
135
672
501
515
524
647
794
821
760
743
674
3348
468
715
277
1838
471
383
389
6046
2075
7631
850
620
645
772
228
767
570
132
1223
5285
568
137
1721
1638
31
1015
2209
389
341
1275
3249
631
2280
3358
199
6025
464
380
475
5575
514
636
661
275
487
4212
2541
548
1088
720
1299
919
383
285
298
310
415
588
483
488
494
503
509
434
911
365
218
148
149
288
225
299
441
349
355
417
448
559
829
536
674
754
357
149
186
339
385
434
458
531
209
120
126
165
442
383
577
591
450
48
593
58
375
201
458
498
377
379
387
388
398
399
411
352
367
368
371
618
448
511
515
519
748
757
779
747
794
873
897
1082
926
354
486
256
240
227
351
377
347
267
33
39
52
78
92
119
358
120
190
253
257
286
3948
51
34
62
77
47
564
144
337
344
113
285
526
316
634
408
526
619
305
897
275
992
367
482
543
975
1250
853
120
119
120
122
127
149
322
313
201
207
208
293
309
1330
728
364
430
619
2135
123
93
336
337
354
442
196
788
472
485
496
1082
387
798
456
1455
1352
47
185
2230
1709
1081
586
2313
518
600
454
1198
916
447
476
563
583
1068
943
786
830
878
551
361
297
298
299
300
317
322
202
203
217
223
226
435
283
391
306
314
317
1372
1552
1683
3642
1850
1852
1949
1834
2018
2264
465
582
3258
3300
3141
3344
3185
3374
3412
3463
588
1943
3825
703
614
389
308
5357
5523
5716
3278
468
6315
1003
866
720
1541
350
1673
339
341
1164
495
50
59
81
92
131
662
411
182
188
1886
1896
260
650
1957
317
2076
7650
136
25
1226
1327
1369
2648
161
3214
2115
165
3673
3946
196
233
3409
363
428
378
676
6831
366
160
3069
91
528
395
10773
425
388
389
591
347
370
378
584
487
504
520
603
630
735
361
257
827
1031
373
1272
1473
414
253
102
107
115
169
209
242
508
292
335
341
379
453
1381
492
999
497
129
345
346
135
773
368
712
1229
843
957
381
862
1896
374
488
492
480
624
114
124
128
2257
321
362
223
462
149
738
149
151
152
386
599
231
380
382
400
564
537
459
240
670
739
890
1377
1072
1727
1158
1957
310
182
227
226
230
366
377
399
559
484
553
767
3433
3811
427
242
95
96
3982
432
485
245
44
35
101
124
135
169
598
618
163
678
768
930
237
281
216
1077
124
134
143
194
229
237
292
387
496
647
482
589
801
473
479
490
497
498
194
199
624
632
762
875
1122
896
2323
1494
2290
248
164
213
344
396
423
436
546
688
3125
910
181
616
4151
582
477
480
571
833
197
315
143
865
422
721
736
583
103682
539
160
1065
162
262
352
353
364
366
369
369
370
486
611
612
708
714
718
843
352
46
63
185
107
267
356
359
816
577
125
347
310
1057
28
512
341
388
700
457
573
928
575
412
111
112
699
1123
582
346
124
135
223
226
231
621
319
742
215
219
290
334
523
456
152
198
457
813
160
164
171
175
182
184
260
302
323
358
407
420
549
1803
327
688
60
772
309
1084
687
709
722
519
233
964
204
340
587
906
411
933
383
384
387
394
658
621
1442
202
127
169
174
207
456
583
339
341
708
1065
142
954
281
227
224
296
186
206
207
211
270
294
308
321
612
204
530
495
380
386
436
459
473
485
728
241
869
952
623
435
269
1109
315
161
675
160
2001
553
463
347
936
1057
711
145
106
194
599
147
149
743
224
827
633
423
423
704
133
211
186
751
756
269
315
442
457
306
721
420
422
124
357
989
456
499
470
275
163
181
350
350
370
247
381
391
298
256
531
568
500
714
743
3606
1813
1879
2085
2330
2456
2266
2509
389
114
3310
3172
3255
214
3868
3387
2189
167
167
3955
198
220
227
140
274
194
3245
304
209
211
327
341
349
272
3521
439
1358
1703
1619
3032
39
1797
9461
304
1633
736
3504
407
330
458
403
578
830
310
650
903
665
1153
556
236
655
310
13353
199
9543
165
317
236
773
6332
183
186
189
780
296
336
441
349
457
347
918
468
350
305
786
524
193
393
401
403
967
423
708
122
832
159
194
627
255
972
204
268
356
361
368
1353
1395
507
508
509
642
668
1654
890
907
142
1605
235
240
428
595
1080
150
154
113
374
282
599
733
205
798
563
445
585
350
590
598
775
382
387
391
395
398
399
525
827
663
774
783
191
352
198
707
143
245
129
223
395
343
230
523
347
303
196
190
216
347
395
514
192
161
146
98
141
104
118
124
127
129
163
164
165
168
253
343
310
267
278
467
468
622
699
828
491
643
1836
346
167
124
406
1928
512
124
125
383
385
388
391
394
397
520
328
246
252
253
331
334
447
1060
261
754
27
706
23
585
586
289
225
232
474
527
773
702
645
347
363
373
374
375
388
389
481
518
593
605
614
636
749
882
1000
794
1170
1212
642
462
1632
283
289
362
383
455
679
696
767
782
1212
839
2914
349
457
284
957
143
1052
134
138
375
643
327
511
598
201
219
255
257
1188
326
182
375
211
1326
109
233
251
259
450
1449
522
450
522
712
190
192
922
439
48
85
365
594
709
151
338
1044
272
582
584
262
83
61
823
134
450
36
33
40
49
95
96
107
156
725
260
343
456
344
346
365
367
23
484
22
506
509
596
600
692
728
741
830
835
853
929
466
465
171
104
94
29
32
54
944
1232
393
142
489
480
653
292
296
297
300
336
307
404
447
668
518
529
581
97
79
447
652
193
116
715
702
721
412
445
273
362
640
444
451
459
31
28
45
437
117
585
548
425
651
350
466
177
176
446
443
822
1063
612
42
43
48
108
467
328
328
330
446
667
649
316
363
374
384
397
458
1612
344
346
295
1280
404
378
577
482
371
578
474
486
496
604
363
260
435
202
501
1543
170
166
170
178
179
242
347
428
948
414
416
1027
820
1235
616
256
773
1740
159
160
165
166
364
206
229
698
146
160
378
207
227
514
203
500
459
679
513
594
2252
546
545
930
282
289
480
509
605
701
447
1446
390
423
560
1276
652
689
719
784
531
2624
1000
1033
1061
66
1224
68
333
338
50
1687
44
45
51
361
63
94
103
529
632
720
729
503
776
300
364
364
488
490
493
832
210
587
611
709
816
280
949
128
290
482
526
1681
396
167
443
406
409
442
644
895
316
29
95
937
391
585
478
346
841
947
176
316
317
319
328
546
396
670
308
1560
192
656
322
548
479
607
588
458
588
541
349
341
448
584
491
203
668
328
231
317
450
454
625
633
57
56
1812
2151
463
462
2458
2541
894
87
3405
3415
104
109
172
3523
3729
246
312
3646
4147
1864
87
4805
5510
44
586
371
685
35
53
67
104
481
387
2659
535
43
86
92
107
4794
106
119
122
124
147
158
266
21
37
72
316
309
579
433
317
222
899
316
344
761
450
452
831
1169
513
185
580
185
148
813
442
585
454
356
596
600
461
461
407
828
838
320
840
117
128
132
1241
172
249
328
731
334
342
353
533
549
566
354
661
791
823
828
360
913
1016
638
31
25
352
1239
710
216
703
341
354
458
260
582
344
701
341
809
347
344
350
708
459
186
247
251
318
51
35
39
210
214
1479
344
640
930
316
325
327
329
431
762
710
347
750
531
246
546
755
464
429
438
442
149
155
508
258
604
320
347
367
371
512
528
317
261
991
320
425
666
163
246
328
43
30
384
83
309
173
1031
138
142
157
162
162
168
196
209
226
227
238
261
1236
698
335
942
422
169
1570
145
700
3042
230
377
504
195
224
351
754
560
425
333
579
118
1381
106
475
587
452
255
751
932
1296
250
622
597
334
511
358
515
774
533
728
1628
899
780
468
591
706
810
310
583
267
239
113
238
218
826
276
349
441
259
539
310
336
714
430
350
352
355
358
363
471
478
859
250
701
191
1165
195
41
377
40
148
152
109
207
266
268
315
28
350
47
64
497
911
818
238
985
158
250
144
58
383
595
439
343
721
192
349
486
348
287
288
341
728
943
307
633
619
346
573
574
974
463
148
149
597
598
456
838
384
514
527
988
362
691
516
342
347
350
470
308
695
386
162
347
361
372
146
130
271
236
208
377
818
462
468
470
480
205
212
281
352
496
470
307
904
288
160
200
247
36
32
52
113
517
331
130
743
356
146
762
637
349
350
354
497
507
621
635
648
668
909
1080
1465
692
699
2329
304
2254
599
146
2735
315
2850
463
405
438
115
245
364
366
372
376
546
498
577
206
758
547
842
1274
560
5174
1614
124
392
518
144
194
307
310
314
514
546
842
730
392
304
184
185
187
32
29
169
124
274
105
394
414
173
333
171
282
291
329
340
463
347
160
162
1069
277
869
275
715
643
601
983
444
852
877
1488
1066
346
513
2083
576
1981
304
203
205
418
354
515
530
645
608
753
1481
860
1119
1180
597
210
177
427
364
200
202
203
321
218
220
226
473
533
481
421
424
629
471
639
3492
1010
349
372
386
392
492
492
500
532
5128
536
427
646
166
849
897
394
1102
536
1287
737
780
3250
247
292
1761
2160
256
375
1401
459
467
2055
2144
165
165
168
178
642
215
357
379
2078
3714
3355
3446
3149
3762
4533
4733
346
351
351
352
353
355
360
372
487
584
136
621
712
732
226
235
242
831
246
310
937
426
1078
516
235
741
125
979
830
352
473
593
719
723
937
100
127
212
268
586
290
383
341
705
577
345
463
360
465
479
492
587
235
278
826
844
862
119
198
983
276
156
637
265
503
215
217
130
170
329
270
161
244
247
248
252
154
337
587
518
352
355
356
417
468
922
591
294
1814
564
171
315
1384
1355
544
369
460
694
193
194
212
218
287
346
358
628
451
543
599
678
504
628
31
31
147
512
213
213
125
129
227
134
412
901
194
56
23
118
381
1080
346
279
249
1443
422
850
54
55
414
308
338
258
389
142
197
160
169
160
236
263
330
273
411
257
590
349
354
480
598
525
830
263
275
357
467
473
286
630
529
803
817
255
256
387
932
432
193
245
478
612
281
257
144
346
442
476
160
169
171
195
201
212
271
272
615
347
353
366
370
374
464
478
482
506
537
558
598
617
329
421
1085
479
246
772
243
328
465
2763
351
826
377
394
475
574
161
788
252
266
184
1126
118
906
558
552
474
145
558
559
591
136
675
694
816
1030
1270
459
377
670
290
346
352
358
591
328
696
770
118
152
183
1316
248
473
474
1346
258
260
277
410
66
436
766
823
1807
954
1068
1116
1195
644
725
1135
217
2159
767
384
697
3183
343
350
357
360
364
366
396
398
398
399
407
423
76
477
511
532
533
537
546
568
576
577
606
628
644
657
673
679
707
887
1053
1072
1097
1186
1263
339
530
955
1824
384
523
564
121
2522
125
126
131
134
143
146
192
199
215
245
247
268
277
341
702
588
378
400
234
312
416
514
213
693
745
804
896
253
1392
205
417
434
186
560
725
416
653
393
663
976
1045
1150
352
464
612
347
239
127
256
414
526
3197
165
11897
121
225
223
267
290
840
216
491
117
122
160
204
441
163
130
150
119
202
131
130
134
231
224
179
180
186
462
255
784
367
427
436
43
331
669
97
97
403
135
483
255
677
201
628
1004
405
341
204
437
1060
401
407
500
505
507
161
160
950
249
204
210
112
115
334
465
198
220
195
4035
508
194
597
27
25
3366
48
3426
103
215
136
3883
328
4357
975
179
165
166
262
273
289
345
506
781
215
257
267
168
170
159
329
743
525
634
310
420
212
854
50
216
25
31
379
81
585
502
356
463
476
595
710
712
113
165
96
563
196
449
271
713
314
308
324
467
304
182
418
314
160
992
167
125
260
127
134
275
313
359
394
120
121
200
281
406
215
334
163
464
464
507
1039
1022
1866
834
346
3167
268
3897
355
269
447
680
899
5071
338
435
684
620
627
950
2589
339
350
351
8430
468
124
1952
214
710
368
4941
232
126
105
206
3667
1777
191
3934
7322
641
427
705
811
243
474
210
249
219
206
276
341
711
824
741
404
601
922
334
560
388
517
636
645
3649
920
2117
588
351
445
400
534
824
8067
932
635
415
998
249
654
590
212
130
133
469
1171
588
465
878
470
953
641
777
561
316
1113
423
540
291
331
118
167
330
354
171
230
232
238
296
543
424
1207
1016
527
326
431
417
864
421
321
194
195
840
143
342
313
213
262
587
296
204
169
248
251
137
141
144
158
198
236
285
327
338
366
367
415
507
534
549
300
1135
418
1437
966
318
187
96
24
584
291
473
879
45
31
139
315
330
130
176
415
415
113
156
330
254
200
377
189
190
192
196
197
198
245
248
248
256
569
322
346
357
394
305
457
540
581
645
411
464
347
192
269
355
452
57
56
185
320
131
187
416
149
330
255
143
159
251
252
258
238
261
263
338
318
325
424
445
339
855
445
789
195
158
202
235
196
195
706
491
369
211
650
395
434
413
712
326
334
353
320
254
272
181
340
343
500
233
356
395
591
1668
310
420
1426
3362
1862
804
409
412
187
203
1279
306
216
381
170
253
294
601
278
279
808
511
621
626
755
268
426
796
1050
673
356
1282
1572
872
2045
389
6593
508
11097
645
426
300
503
127
409
554
408
419
603
293
314
600
521
348
465
605
2243
550
182
78
326
1429
2289
186
206
220
366
379
390
418
653
749
763
1582
137
198
614
257
359
820
381
524
600
151
155
214
648
651
620
1774
366
520
650
226
878
682
258
1058
385
395
1224
522
535
636
731
257
860
3377
889
899
280
3417
440
1384
1397
309
410
226
684
1090
160
403
1408
201
599
357
1207
1345
265
393
529
404
466
216
321
402
517
534
196
193
163
171
172
765
243
308
258
862
1190
213
130
248
254
506
2038
1812
410
144
890
470
536
591
284
267
509
479
408
382
335
1197
760
526
247
765
672
40634
476
730
268
364
260
314
317
480
500
539
419
606
221
234
564
302
511
311
379
467
477
874
900
658
1056
637
350
1212
577
360
452
103
117
469
477
292
414
520
319
440
129
698
798
338
1135
725
648
416
1260
347
418
1289
196
211
221
227
228
378
391
626
593
639
334
432
537
567
668
605
639
422
207
207
274
288
931
437
476
1140
611
927
590
936
352
729
326
569
654
508
562
372
382
384
385
394
406
343
344
351
578
597
641
738
554
854
722
950
1260
302
359
1957
2007
1914
2378
4224
4345
4223
205
199
640
6017
459
471
185
215
218
228
1461
646
698
4877
882
346
333
329
559
796
483
549
197
2874
332
1478
1056
244
124
420
606
312
188
329
67450
198
124
126
127
135
136
140
144
145
146
223
272
380
286
511
352
328
344
311
420
972
250
244
504
543
1018
910
335
267
687
423
63
23
55
321
322
641
346
148
758
591
357
186
252
315
580
445
415
421
412
188
392
756
246
317
125
302
244
582
585
144
288
154
161
164
168
169
170
165
168
171
339
208
208
654
257
259
368
312
345
478
217
616
531
421
766
773
856
897
905
1012
1023
1409
259
194
113
302
640
382
196
186
193
198
199
247
258
308
196
334
341
525
731
584
192
143
346
347
945
200
425
244
757
351
406
275
408
365
118
153
156
157
455
327
328
334
429
544
748
963
154
115
115
120
172
242
285
447
438
247
257
327
162
199
942
178
383
458
470
268
184
185
319
329
703
346
447
521
654
661
668
774
595
259
714
1193
299
143
140
769
796
383
204
138
204
393
545
320
328
429
436
1138
417
136
341
231
295
148
153
157
393
298
609
228
379
462
2990
173
254
357
184
315
427
844
328
318
347
188
182
330
336
340
340
350
354
382
386
387
390
401
408
433
452
456
458
461
464
521
542
563
575
578
581
663
528
712
715
766
767
775
510
798
802
849
1006
988
1428
1473
1612
1701
1740
1742
1775
1785
1797
1914
1843
1900
1631
1958
1975
604
2015
2186
2287
2318
2322
2339
2369
1136
373
2168
2424
2566
2607
2700
2781
2805
260
123
815
818
3215
883
920
243
248
262
3443
3574
1255
363
146
191
3960
165
248
126
127
259
260
422
617
691
32
348
35
341
394
755
600
185
192
312
317
674
58
23
2155
263
264
265
350
446
630
3685
198
191
383
1175
371
676
1537
463
143
148
732
199
116
126
243
253
555
282
356
158
396
356
366
3834
556
124
851
3455
3503
142
228
435
3141
3626
496
3984
732
224
449
484
259
12114
195
130
139
177
179
234
430
734
431
435
536
553
310
315
244
761
189
535
637
244
315
887
287
23
25
477
70
338
198
334
169
170
223
289
444
55
33
1873
311
315
585
585
452
471
343
812
419
492
213
272
366
399
444
683
242
354
1253
386
3245
485
347
226
477
722
349
361
458
336
817
680
354
176
179
183
185
188
202
259
338
400
437
709
245
287
819
12986
142
447
669
380
637
342
547
316
761
818
422
416
586
402
1432
124
124
129
364
468
193
676
331
417
509
317
130
883
789
247
320
329
145
195
328
142
152
156
115
118
196
203
256
200
359
428
332
335
170
130
133
174
270
416
750
534
663
154
390
117
119
120
168
344
370
386
1297
693
318
185
253
188
231
354
457
18287
169
185
188
241
252
262
321
480
496
517
518
608
927
657
247
264
107
380
355
185
142
349
253
463
414
580
191
141
439
379
191
152
264
276
938
347
348
349
588
694
935
1275
516
5032
583
1071
576
341
216
331
218
228
232
424
318
211
213
215
342
176
418
332
335
336
551
442
447
282
57
60
1031
1148
1198
830
23
31
42
58
70
119
300
281
354
361
124
91
246
132
110
520
434
305
166
43
33
159
355
435
219
394
255
131
178
220
242
272
310
370
412
543
2598
536
2053
787
254
3433
345
681
711
807
463
822
785
263
335
354
313
827
1228
900
941
623
810
594
597
840
1361
348
376
386
292
676
3050
227
178
1294
4274
313
3555
168
603
112
281
286
125
224
561
168
167
315
194
55
26
69
72
540
317
546
1706
732
452
460
563
571
302
587
595
695
711
728
743
198
521
889
306
1032
178
1310
1340
1381
449
760
1898
1900
2107
364
158
2463
194
377
248
507
43
54
378
213
258
872
925
404
253
230
679
276
498
245
249
244
192
571
345
281
223
304
1181
826
171
166
124
123
125
583
27
269
104
464
265
306
233
117
118
119
169
219
236
329
387
464
451
42
31
41
57
93
116
427
549
199
169
218
475
320
1613
464
761
819
316
398
350
313
251
264
333
58
104
193
556
1908
352
561
6368
702
128
39
168
1497
471
539
980
417
553
838
491
280
2776
342
335
349
351
354
454
457
448
575
819
352
359
3572
1208
1269
3637
232
268
349
355
474
14279
302
363
126
177
479
227
200
4601
472
413
224
256
124
126
215
184
192
197
198
258
347
351
384
805
491
553
446
393
302
893
328
333
334
1033
502
505
365
576
152
693
758
805
573
854
487
327
277
523
515
1306
504
729
301
667
186
804
348
815
449
934
130
174
485
1335
457
834
1672
343
131
693
545
177
1072
141
580
57
1448
1594
372
188
577
208
496
371
353
1030
1091
1292
870
4782
152
118
2560
269
153
94
105
183
210
429
276
270
339
1622
392
327
660
196
329
208
211
282
470
413
413
447
457
898
1180
8122
267
831
135
138
153
159
171
226
263
294
308
347
425
431
470
487
495
511
212
1392
640
201
206
210
878
322
581
340
223
167
109
317
113
146
264
1180
169
125
313
621
617
477
282
286
122
384
118
474
184
454
443
251
341
346
591
168
342
259
124
323
355
415
595
836
111
195
238
232
114
383
476
119
281
745
525
695
448
452
460
606
416
412
416
74
35
252
477
1225
1235
299
316
317
329
1536
643
429
503
741
1299
682
711
194
112
153
411
245
346
471
124
75
27
31
37
106
720
268
198
191
195
442
444
528
533
542
548
710
835
836
873
771
901
991
88
1017
367
31
32
41
1046
94
106
589
1183
1186
186
192
193
1242
220
266
1321
252
1988
178
189
1715
200
212
190
625
256
300
348
588
484
2322
576
599
608
693
2493
311
3127
371
204
120
585
176
229
160
325
351
321
226
229
425
758
506
593
412
1020
940
570
440
459
331
557
796
1009
740
577
347
347
352
358
360
364
367
372
470
484
493
528
488
700
173
293
968
1106
283
1156
1212
784
377
381
723
428
861
983
318
322
324
343
353
354
361
471
580
581
623
1487
733
314
758
854
117
945
295
320
346
418
424
573
347
585
692
305
512
518
668
134
348
33
37
359
361
362
54
57
95
226
310
829
596
1235
245
774
141
910
1045
1067
247
1202
152
195
200
292
358
827
595
399
175
1180
609
23
37
196
167
204
268
171
481
722
795
406
341
162
187
195
236
240
253
274
279
285
304
316
330
339
354
363
373
443
515
517
598
533
612
450
46
208
762
154
191
259
351
1342
310
312
524
620
638
689
958
969
346
588
694
1079
212
307
182
129
50
35
279
114
122
130
132
142
160
171
187
192
222
262
273
279
537
374
406
419
400
137
189
193
500
562
821
55
1614
366
880
359
361
372
475
484
490
510
2241
638
639
715
577
997
1077
545
545
1891
2105
1827
347
759
3025
599
329
248
249
3584
3946
316
318
319
329
7755
1030
419
515
6703
501
680
2596
421
3032
261
3388
3703
174
3766
140
146
151
329
362
578
839
1203
1455
1638
195
1794
130
148
154
235
253
258
300
331
382
2279
5417
2469
434
778
275
1462
21053
529
897
516
518
934
509
291
345
8122
224
167
355
178
264
272
1055
14237
595
535
142
142
320
424
540
55
287
33
64
73
112
785
141
144
152
196
886
160
449
276
44
47
48
67
79
83
96
264
275
282
293
318
390
398
519
528
22
68
597
244
1090
843
412
166
300
749
55
407
75
840
300
50
323
189
315
658
676
252
322
441
456
168
132
133
432
443
504
35
33
1049
328
407
337
665
677
172
160
192
229
241
284
304
227
243
259
293
297
370
414
541
29
50
93
114
124
131
138
152
163
212
232
314
580
608
623
1134
691
801
809
219
334
354
1476
57
547
462
3244
118
207
525
284
472
472
125
227
132
135
138
167
227
581
238
356
1218
450
242
412
340
442
564
577
698
709
812
449
453
454
844
283
649
135
387
307
638
1756
1364
571
573
340
29
22
1064
1014
339
415
245
256
418
430
504
308
331
243
282
296
356
361
560
567
836
809
124
46
33
41
49
53
75
91
109
120
353
494
76
38
45
47
409
472
1364
300
302
307
307
145
426
611
192
696
313
1099
699
576
552
458
631
204
129
213
423
337
339
427
443
450
537
540
568
667
681
774
867
129
130
124
321
124
323
326
338
342
356
422
447
456
568
589
704
752
778
865
356
371
375
936
1106
1276
756
453
1468
405
563
379
476
359
312
199
1009
538
670
581
245
255
256
258
341
196
175
603
700
757
418
878
372
379
492
450
857
263
444
538
245
536
592
990
481
335
329
248
213
258
55
46
168
751
179
257
539
318
326
336
344
348
438
446
453
454
458
654
674
1050
751
550
1006
443
445
692
462
688
427
380
425
129
150
153
154
163
168
176
187
198
221
238
254
417
420
477
687
817
480
343
347
364
380
503
625
711
726
756
760
847
870
1310
962
981
437
198
1362
570
1768
742
770
144
184
106
33
35
36
146
236
107
22
349
414
538
272
320
431
2015
2392
130
511
263
262
263
364
537
911
45
47
307
577
124
756
345
538
938
413
165
168
1254
586
347
225
224
1101
481
317
317
249
608
149
752
867
970
1111
803
458
696
214
218
319
191
255
293
61
22
23
43
57
88
47
39
1742
598
340
345
413
557
244
819
340
254
534
1283
452
612
318
661
669
995
649
1205
418
310
219
129
377
1265
477
354
415
696
128
128
134
140
142
189
213
953
272
308
2517
2530
586
1576
347
348
274
3598
495
417
423
151
197
343
688
343
422
246
331
346
579
213
296
344
353
357
158
319
1689
173
472
1206
792
385
598
340
714
555
321
429
536
332
334
334
415
341
214
134
135
407
168
513
262
267
373
343
431
956
202
205
207
342
271
209
636
278
415
200
218
229
266
953
288
291
354
358
457
481
536
703
458
735
736
1099
283
177
187
198
223
251
263
270
306
365
367
396
410
433
451
678
757
952
1162
341
203
532
455
927
717
349
168
678
871
215
218
269
423
341
687
324
441
287
288
299
313
388
417
666
524
608
814
818
241
366
908
939
258
1143
342
458
464
274
415
107
423
420
197
211
269
271
285
288
296
316
317
458
492
713
1113
976
421
590
1125
959
1857
547
904
125
124
98
133
355
361
362
477
839
840
580
201
585
449
634
443
627
223
168
298
407
203
848
206
210
277
364
483
498
166
602
182
234
236
237
845
691
649
457
854
304
730
583
330
346
369
373
484
487
488
249
250
353
611
614
237
634
305
153
158
169
180
224
241
264
901
280
321
312
318
336
352
368
376
408
423
454
476
534
540
547
553
1711
1241
1331
1351
1440
2119
1592
1593
1618
1704
1753
1865
1915
1888
2136
2134
396
2171
2248
2271
2460
369
2551
486
497
511
620
2841
2957
342
3230
3260
1100
1282
364
3486
726
4420
633
417
419
305
311
703
729
1060
951
1229
328
161
97
101
104
246
150
580
262
234
111
474
173
176
185
238
300
304
308
410
411
266
552
265
261
134
136
169
180
197
262
320
341
486
490
907
492
354
356
358
359
661
607
1849
96
97
101
132
161
1601
534
594
445
446
444
425
547
1920
1571
1846
3489
4672
823
625
340
310
319
324
407
419
423
426
436
731
744
124
128
134
135
137
139
140
179
186
262
322
502
166
257
173
304
256
423
512
416
251
328
593
530
186
342
250
575
942
94
204
239
244
168
124
136
138
217
231
235
592
342
309
95
333
432
446
167
466
885
385
994
450
747
448
443
446
597
602
466
458
487
1048
341
474
392
714
267
684
268
1431
346
832
347
343
249
268
689
316
321
220
1086
744
346
489
95
779
555
2130
916
168
577
260
211
174
340
617
445
535
722
1132
22
24
47
75
173
189
482
265
267
624
415
323
823
4527
981
207
211
492
567
1921
633
242
968
984
651
352
1141
459
454
577
353
698
471
352
329
342
504
535
608
668
788
857
1128
323
417
848
1098
515
527
541
349
842
442
1295
196
471
326
248
254
442
517
593
604
604
894
346
347
361
604
709
1092
1354
453
597
603
754
1196
169
96
100
175
243
271
2605
1986
289
291
298
777
1424
1258
1736
2134
340
337
413
581
334
5217
1169
3443
3994
859
250
347
138
95
108
141
144
204
224
246
256
297
693
10586
340
591
905
264
279
285
285
294
302
369
405
460
472
553
595
745
846
906
944
1257
1343
1249
658
443
305
323
325
326
446
431
536
789
648
653
358
872
876
336
341
349
970
572
825
447
940
1124
287
1157
457
466
921
537
691
743
291
311
103
1183
305
444
742
262
827
591
745
1363
263
1143
471
585
693
1068
821
451
132
557
185
202
205
1526
313
315
411
459
495
627
2056
469
261
267
269
1532
448
1868
678
807
590
340
903
711
348
601
610
711
832
458
639
1115
1263
362
648
387
392
206
632
348
730
978
361
367
374
471
473
478
510
512
650
654
654
1604
446
865
1780
1122
1127
405
431
1386
639
401
314
316
2006
706
652
536
484
376
204
209
414
281
478
704
577
463
976
626
347
452
640
927
262
264
1078
941
666
1407
3607
819
1064
314
515
1041
755
266
247
142
342
267
268
275
284
290
279
296
378
392
220
416
371
397
399
486
522
345
534
401
541
605
614
423
652
1552
715
743
859
835
852
943
1281
1384
408
345
204
573
699
202
580
267
348
429
1164
604
266
510
341
446
269
835
196
201
1308
974
334
217
220
400
263
339
344
347
160
160
332
798
718
285
390
476
486
674
347
205
218
222
227
229
230
287
289
295
300
347
445
488
659
682
646
286
263
536
329
334
335
251
446
448
530
1039
394
1297
382
355
477
461
357
347
351
388
217
257
690
190
148
150
155
198
355
250
143
144
33
250
244
192
582
401
713
465
245
471
263
369
381
381
385
348
352
354
478
501
426
505
444
604
639
650
604
865
631
951
1043
580
1342
328
341
341
446
446
451
782
385
1456
1081
352
377
386
396
399
401
435
460
465
473
477
487
499
525
528
545
561
567
579
583
599
623
682
688
699
711
745
809
837
967
1061
1242
1370
1420
1474
1654
1646
1663
1706
1719
100
132
167
1859
1894
1908
1911
1966
1968
1996
2024
1804
2075
2075
2078
2275
2363
2481
2494
2498
472
758
2815
2887
2960
3250
719
3449
3559
3588
3594
3765
451
225
260
355
288
444
446
453
459
367
378
482
4648
676
728
920
1050
1533
317
199
240
446
307
133
348
176
179
266
270
632
420
421
472
421
357
358
361
366
472
479
480
848
264
613
166
513
169
463
357
534
249
261
543
371
444
583
540
628
646
704
813
435
932
1027
216
500
171
503
279
348
256
340
740
327
440
132
268
275
965
392
353
573
239
359
470
428
722
518
692
473
584
352
358
263
329
719
729
171
151
593
1273
261
392
246
254
762
888
271
285
350
421
194
342
314
186
245
415
313
213
129
218
366
719
700
274
95
170
218
163
470
217
197
356
359
362
362
396
722
165
973
513
583
386
383
408
398
344
496
238
243
791
207
490
223
325
709
1163
637
662
78
27
30
36
37
306
229
194
141
313
145
315
470
541
1174
510
356
244
538
726
740
554
142
150
156
436
453
491
520
212
546
33
128
132
201
905
327
456
782
749
420
185
311
262
529
351
341
281
202
246
160
350
142
441
475
337
426
317
820
389
328
346
353
355
162
247
171
390
174
273
361
328
764
344
1303
576
343
358
362
482
272
607
689
837
1214
1277
1268
473
316
1077
355
470
319
470
596
645
1107
319
425
864
1482
170
125
133
176
712
229
848
355
247
184
191
387
443
595
413
838
333
275
334
352
597
270
247
274
142
145
299
550
142
293
555
165
385
893
379
184
537
318
1344
217
355
841
1117
191
197
676
250
337
573
424
588
340
342
142
407
55
25
27
36
87
94
308
311
472
622
485
289
400
401
487
490
935
990
167
167
930
341
31
33
33
42
48
86
99
254
264
357
693
693
621
413
274
559
352
356
465
722
646
738
310
1127
343
49
37
339
347
666
886
368
208
209
217
260
277
285
316
418
655
826
56
661
74
106
116
125
133
170
180
243
285
320
350
351
1397
455
474
1841
680
889
2086
2201
2274
1353
587
1973
3299
538
539
5972
2894
581
857
248
21
33
184
759
838
573
226
341
282
645
282
346
353
408
3160
691
344
1053
111
1375
79
80
83
147
220
663
1714
2998
1637
173
176
177
189
190
220
228
236
197
334
387
393
397
448
469
505
541
242
583
832
679
431
963
501
463
413
773
551
694
284
375
146
252
407
319
185
203
262
274
339
345
290
487
506
608
642
679
492
638
1324
615
167
191
278
458
563
1015
1179
625
353
1965
585
31
33
730
312
535
968
1057
440
315
326
526
377
186
381
557
896
346
843
1070
279
279
197
198
199
347
686
335
700
356
328
352
598
335
561
346
350
352
331
32
27
49
138
481
46
34
49
101
109
166
290
447
482
483
409
304
306
311
325
420
420
252
185
193
627
748
754
480
1038
352
357
367
482
485
597
610
849
471
280
825
349
355
597
707
708
169
126
172
214
1081
351
953
333
160
467
523
197
338
304
305
201
270
276
346
586
246
250
403
336
720
308
1329
586
351
470
707
316
201
203
205
337
386
417
456
484
530
664
257
185
279
161
221
440
447
217
184
272
317
234
661
167
688
592
266
198
586
715
849
1078
745
310
268
592
196
582
1816
466
312
630
329
444
388
678
218
217
347
143
497
143
142
248
778
666
652
722
621
333
215
216
276
290
333
338
364
425
780
406
408
263
411
350
481
644
346
417
585
244
337
419
589
1306
347
346
416
246
143
143
152
698
952
512
1165
28
73
108
516
385
513
597
184
191
254
262
341
398
455
532
388
1100
670
786
991
1109
382
188
836
359
2775
347
349
1082
402
238
650
1160
255
259
330
352
359
436
456
669
742
783
800
464
347
267
376
186
704
640
830
597
608
730
953
1337
1479
957
844
120
122
181
246
264
270
340
206
750
347
495
594
141
353
251
250
720
352
444
451
470
657
661
525
844
271
834
1103
866
250
323
706
519
253
246
316
385
254
419
241
851
506
864
6072
199
470
239
573
416
310
312
425
430
901
965
1108
1516
322
321
593
386
319
512
741
491
240
245
246
487
752
413
244
255
356
505
584
624
701
886
46
32
239
325
326
406
334
244
380
384
450
334
328
415
744
443
22
22
854
238
649
387
392
394
395
517
1033
252
1194
247
328
264
290
197
299
314
392
393
400
509
512
689
384
835
836
896
197
198
917
614
357
419
829
2530
312
322
3381
456
320
242
188
380
470
263
554
335
329
297
527
466
468
688
650
584
2691
578
419
653
468
1192
362
183
131
134
164
259
347
479
593
3340
184
840
377
12042
1279
665
451
571
440
264
697
660
343
393
538
517
520
1110
658
1216
851
1186
619
943
265
346
620
496
1711
303
394
496
702
1001
323
1033
319
390
459
705
345
464
586
695
942
779
820
301
361
447
150
728
833
1059
1081
1134
1231
1081
387
585
475
196
635
377
570
66
45
278
582
327
43
34
29
97
538
351
355
828
649
659
737
626
742
1062
280
47
77
207
413
592
648
311
367
412
496
374
407
431
788
535
304
1393
312
3782
311
3050
48
1624
308
314
385
301
623
6363
697
185
187
795
169
252
314
1643
4082
4151
2694
246
1896
3494
440
852
474
1982
165
3152
713
406
491
332
4672
254
306
451
1344
2351
123
219
335
310
449
279
368
375
597
446
462
709
396
1350
1177
118
256
257
258
262
118
343
353
428
453
498
519
525
680
895
12767
318
322
329
451
913
148
151
970
975
1058
510
649
667
1582
335
340
346
455
519
524
665
3871
747
29050
132
903
447
309
743
1049
517
112
116
191
361
409
480
304
243
516
151
404
336
476
106
444
262
151
238
243
510
583
313
191
252
313
243
159
728
134
972
332
541
524
526
169
212
290
164
212
491
203
208
209
441
416
185
187
254
119
120
121
129
172
225
232
252
258
407
304
466
134
177
745
248
255
512
131
176
325
1044
314
185
321
453
424
1250
623
539
382
622
747
315
344
395
403
313
429
583
532
739
748
943
184
189
190
256
260
346
203
707
505
442
354
593
262
585
1539
1019
263
605
726
749
313
314
320
366
337
338
454
460
537
548
555
561
833
990
1240
1212
818
437
736
412
425
427
670
2283
134
290
161
638
355
232
467
435
459
290
291
373
373
375
375
386
463
954
959
1101
34
53
1432
305
1309
594
341
367
459
463
580
1147
352
136
137
176
998
1463
418
407
877
619
3408
1079
352
472
474
480
587
597
512
304
309
325
421
429
540
1221
1248
248
206
120
325
513
106
106
109
112
113
157
163
171
237
267
285
600
502
416
162
166
171
357
468
592
843
125
131
488
323
133
154
199
205
231
244
245
257
263
242
279
415
487
131
325
161
133
266
22539
415
95
407
188
193
197
251
315
365
421
1252
455
411
577
712
240
244
330
425
280
1078
1292
268
223
146
149
783
415
471
1480
465
754
1173
166
123
202
319
509
160
340
207
341
329
250
257
260
347
415
433
705
795
1013
482
1429
202
204
631
122
128
132
141
165
167
180
207
223
224
256
263
292
307
322
390
403
708
728
870
245
249
412
184
196
311
319
335
390
271
455
262
270
272
201
206
831
942
2530
170
312
185
186
514
402
630
207
743
336
344
350
828
425
273
217
444
590
594
328
332
564
1578
804
553
338
664
679
789
911
537
319
319
747
262
626
690
1053
649
263
356
128
141
149
176
189
204
226
247
286
541
370
405
643
474
772
123
126
172
227
169
184
127
170
219
585
644
470
424
646
836
329
1292
900
142
199
419
124
124
129
785
263
145
183
111
207
230
296
318
167
164
316
455
349
363
367
486
491
572
668
592
716
1161
1333
627
196
402
422
318
323
329
334
425
550
874
999
1006
343
184
448
200
201
219
226
248
268
287
317
345
367
372
393
504
523
566
620
841
844
1014
376
186
411
808
142
340
251
256
1417
533
185
322
173
186
130
142
149
190
198
549
229
257
328
291
291
312
266
574
152
156
760
1401
572
345
469
690
696
819
167
337
350
474
465
599
725
224
253
704
216
267
1620
312
350
311
187
190
316
384
575
343
351
352
352
361
365
368
374
486
496
497
576
598
602
701
147
107
108
839
153
409
1299
1599
1059
193
143
149
158
212
253
253
260
298
468
759
2613
511
428
344
126
169
175
469
484
1843
893
952
357
476
1429
911
145
678
344
606
557
426
427
449
529
447
863
577
342
808
1168
167
173
185
210
231
242
252
316
357
437
282
296
434
638
663
632
1009
364
1338
811
341
118
161
341
342
1159
163
399
315
303
310
621
1441
470
344
201
459
832
369
370
375
479
481
610
1410
808
340
247
255
271
330
339
379
409
468
522
225
347
247
195
198
204
214
252
268
275
339
378
398
571
597
625
302
251
172
572
213
129
804
176
356
922
166
175
176
283
363
417
489
Tue May  3 20:19:07 EDT 2016
