Waf: Entering directory `/home/flaviojr123/reproduce-red/build'
Waf: Leaving directory `/home/flaviojr123/reproduce-red/build'
Build commands will be stored in build/compile_commands.json
'build' finished successfully (0.632s)
Load generated: 937766 bps
Number of response times recorded: 21587
25
24
30
24
24
24
24
25
25
25
49
33
33
40
41
138
58
58
66
73
161
91
120
184
160
256
378
336
241
411
481
449
211
253
120
560
411
171
321
276
433
168
417
181
160
757
103
240
433
201
337
378
199
817
450
328
320
320
336
336
239
379
401
217
277
277
277
300
521
198
883
645
270
312
19
368
369
369
325
18
324
324
324
325
37
258
673
162
162
432
43
18
379
379
379
461
162
641
561
561
396
433
180
408
553
463
241
276
505
715
257
645
646
281
193
401
157
595
180
631
631
513
649
649
689
121
776
49
198
241
241
25
541
542
520
418
41
42
277
649
830
758
58
758
758
156
156
192
74
553
75
91
601
192
631
307
307
307
307
25
865
261
18
438
300
300
300
24
24
884
885
30
322
156
156
257
708
43
43
49
259
199
313
313
241
1014
1016
208
25
259
258
259
259
409
410
300
265
48
261
240
463
1010
449
345
345
380
313
301
512
324
470
1083
471
210
161
365
344
430
448
1137
614
258
258
432
240
862
1191
541
201
776
1346
462
517
518
201
530
276
1641
716
716
701
701
362
603
604
211
817
120
300
257
457
818
259
649
138
691
295
322
201
211
785
379
300
460
258
337
776
90
902
913
715
257
331
530
336
397
471
192
312
1024
362
877
438
253
231
231
800
517
431
641
517
152
323
561
324
323
323
432
342
342
192
581
517
530
416
264
409
126
1082
301
19
337
337
208
362
526
18
24
24
31
209
256
256
256
257
115
416
200
62
62
336
603
433
307
307
400
343
343
343
343
343
330
312
313
312
689
601
156
156
157
1023
385
121
121
541
199
199
397
281
209
342
457
342
458
449
449
776
265
1010
265
266
266
785
681
344
1346
201
261
261
641
1028
241
138
438
439
439
439
439
261
457
120
330
331
313
370
348
431
572
573
573
521
830
398
785
408
757
433
417
139
139
139
139
139
799
544
121
738
584
464
464
464
686
686
571
438
185
185
186
401
505
758
438
716
621
1035
231
232
240
465
385
571
400
120
120
120
120
120
120
121
121
121
121
277
121
121
278
278
456
501
898
800
800
362
597
408
160
160
161
162
162
162
324
325
378
1407
201
201
201
202
342
343
370
370
501
241
400
400
344
336
394
321
469
240
337
281
283
74
456
456
192
277
41
151
324
954
320
321
321
364
364
366
556
402
409
404
405
180
378
160
90
90
300
300
372
372
372
571
471
1024
631
729
444
120
438
1203
325
342
813
313
484
974
325
231
259
259
481
400
211
686
301
192
234
902
464
120
321
199
786
561
326
1045
391
520
600
401
385
386
439
621
449
364
281
449
300
234
108
108
416
312
505
271
230
231
231
322
501
501
144
193
193
722
408
420
514
31
198
201
1042
373
24
31
1486
257
1300
1302
1011
1011
24
690
649
601
43
265
57
24
19
19
25
25
26
26
25
25
25
25
25
31
32
322
1029
1029
235
38
42
42
51
471
49
643
62
331
69
67
74
301
313
313
1486
701
349
704
202
24
1142
25
253
253
253
253
253
33
33
42
42
541
541
417
463
58
192
66
1023
968
547
55
120
625
258
258
258
259
259
259
259
259
312
438
337
337
1143
757
673
19
20
241
26
530
32
448
38
545
170
342
649
57
58
63
64
1002
372
547
1720
345
421
421
422
379
18
241
259
1372
18
18
121
523
25
102
601
31
201
883
521
585
471
627
43
314
282
1142
161
431
432
461
505
505
506
497
497
497
321
974
520
258
730
630
591
561
239
930
313
313
801
160
621
449
216
547
308
1089
604
604
605
343
300
300
301
321
270
258
938
571
301
501
1046
281
33
759
690
690
282
745
469
930
24
1514
449
401
401
756
606
57
391
457
312
505
844
264
548
313
313
348
649
1499
343
192
738
870
501
689
685
103
240
202
373
348
470
343
343
343
343
461
241
601
707
520
603
102
416
345
136
457
217
171
265
324
246
201
673
314
314
239
240
847
259
259
259
259
259
276
276
276
276
422
324
321
349
696
342
342
232
578
578
211
417
501
418
418
418
345
1348
345
690
1191
344
115
577
468
903
502
410
464
313
409
457
466
466
466
401
456
642
1011
522
522
522
522
522
523
601
1771
138
905
256
126
246
313
786
115
115
417
153
431
312
552
582
582
553
570
626
431
191
380
156
571
544
277
470
258
1490
156
914
914
521
323
433
621
730
730
731
241
201
501
163
306
306
421
1043
707
448
690
300
1136
246
246
246
306
306
257
300
949
1754
300
541
401
799
431
261
261
261
575
253
161
180
1142
649
863
258
457
411
336
216
974
1070
834
416
325
493
493
301
530
408
571
258
281
697
300
301
211
1137
1037
400
321
471
253
1147
833
729
121
401
898
740
344
246
246
163
457
391
162
1254
1200
162
518
336
325
271
1770
91
313
162
648
136
697
613
541
571
320
282
336
163
601
151
151
649
320
103
349
234
182
813
463
270
313
137
300
120
120
271
325
417
342
501
325
272
325
481
344
380
323
397
123
123
453
277
241
242
242
242
321
1031
138
432
325
500
562
469
229
203
204
162
325
348
322
323
102
760
234
283
284
422
171
403
745
115
160
794
433
520
465
156
231
231
231
151
121
201
603
205
163
433
884
401
229
690
241
253
508
404
306
90
464
704
121
121
121
121
121
324
90
90
433
90
90
90
604
32
33
169
401
41
41
41
563
564
120
321
932
120
649
301
301
301
369
121
121
324
324
613
180
562
109
201
161
702
542
181
253
209
401
401
1371
200
421
401
401
401
402
463
650
650
313
138
138
138
391
715
725
184
184
282
271
282
217
697
501
502
502
372
231
180
241
91
324
601
540
562
139
576
301
300
403
281
401
336
685
254
785
211
885
312
642
785
496
120
258
277
400
241
241
265
401
230
160
448
181
501
301
120
866
300
108
342
1010
150
923
465
300
152
817
281
348
271
803
368
644
481
301
456
456
329
198
253
814
19
323
300
19
730
25
260
433
120
523
401
402
402
799
120
336
471
362
716
953
323
336
121
108
785
661
740
191
404
801
203
1003
869
90
301
212
301
302
464
211
339
339
339
501
502
127
1488
448
241
241
242
457
457
342
500
271
301
138
277
120
305
246
253
217
401
402
704
397
325
325
368
575
120
501
216
926
349
349
126
673
509
401
401
217
169
391
163
409
1010
501
501
502
502
502
139
246
501
460
126
702
1516
584
265
626
602
161
813
564
902
185
466
162
342
342
19
121
27
163
32
601
602
602
803
193
1136
199
241
162
162
162
163
163
163
163
163
163
163
163
164
164
164
164
164
164
164
164
164
164
164
165
165
409
350
350
91
198
602
271
271
582
582
264
785
268
161
673
342
217
217
217
218
219
219
219
219
219
219
198
219
701
181
241
448
802
160
271
271
272
272
120
275
758
903
702
498
466
466
466
698
601
571
571
545
545
562
871
336
337
337
216
802
456
300
327
327
327
193
329
301
570
121
154
744
381
381
382
383
383
383
391
256
417
489
560
138
449
1103
464
1261
995
658
435
436
436
313
571
488
489
217
325
321
368
439
813
489
362
490
795
2138
344
331
344
385
740
102
1003
126
561
561
542
544
120
336
336
545
802
240
240
241
241
241
241
241
242
242
242
242
242
243
243
243
345
66
136
344
336
24
1004
449
271
271
138
1023
42
600
300
300
301
301
66
320
320
320
321
321
323
521
323
323
323
323
323
324
324
324
185
184
801
258
584
380
914
914
673
674
1048
432
139
267
898
234
524
199
401
401
402
402
403
313
404
404
405
406
407
408
253
253
345
277
379
313
931
265
423
259
1029
246
246
246
247
247
1163
561
561
323
138
348
115
257
496
241
496
481
516
483
484
1035
486
487
108
138
1300
254
662
503
379
379
417
417
326
153
758
259
299
331
371
1227
332
234
369
184
185
185
449
328
329
329
449
329
342
342
343
582
562
140
193
566
568
1003
568
673
860
241
120
258
258
432
582
334
121
160
410
193
268
431
505
282
145
401
217
644
646
647
648
651
463
463
457
457
458
201
307
931
258
345
324
442
622
230
1227
785
929
802
261
1397
944
581
493
494
796
199
199
625
625
625
686
530
722
722
120
120
120
120
726
246
109
257
731
731
241
416
501
542
502
259
259
259
259
259
259
337
259
192
234
235
235
345
312
276
431
180
180
145
439
199
571
571
571
571
572
572
265
151
575
161
381
365
807
810
812
192
729
362
345
345
346
313
313
109
33
265
601
602
602
418
583
259
24
265
775
32
145
90
109
338
1698
40
41
885
323
685
685
686
687
160
511
800
181
181
73
391
432
145
157
432
673
401
31
905
1396
201
817
19
181
181
181
740
740
740
571
833
277
630
402
795
321
869
649
518
518
518
518
519
800
1348
731
281
561
254
349
25
307
460
802
313
240
645
621
32
32
625
313
313
241
376
377
40
41
589
604
348
900
326
57
416
1010
344
862
253
144
541
259
399
1461
581
363
582
902
448
1235
470
580
387
690
707
246
602
136
754
501
120
120
306
581
739
461
300
301
109
1028
229
649
343
344
257
257
777
937
517
541
103
103
103
103
449
120
258
571
276
408
864
114
115
457
457
815
192
252
385
153
90
938
456
230
570
256
949
337
1256
715
229
449
449
282
572
572
573
930
400
337
312
182
659
461
581
581
212
680
571
343
461
257
325
202
397
953
348
349
465
139
139
336
259
259
259
657
685
553
185
185
456
561
1136
201
151
232
120
540
953
513
673
673
673
673
458
801
801
377
277
449
561
312
312
685
325
802
282
1038
190
198
432
432
715
433
306
343
343
121
422
241
283
283
284
731
581
834
431
150
34
241
255
1133
518
518
914
320
202
115
115
156
325
41
377
378
1569
243
465
2218
986
521
1009
409
409
410
410
161
217
217
172
331
472
585
1046
160
282
282
581
412
271
271
271
424
303
937
193
690
521
156
156
156
814
814
201
201
258
624
321
254
321
603
503
103
258
368
566
342
342
331
820
242
209
546
2064
409
409
324
324
120
385
544
443
379
380
511
338
1118
692
2436
729
485
505
450
68
594
336
470
456
456
342
342
181
181
704
575
41
837
685
307
366
1147
674
367
566
230
230
201
348
209
185
540
160
244
570
2598
2599
565
259
259
259
259
259
240
651
348
800
218
115
243
348
138
303
1027
1037
584
1162
306
306
306
306
306
343
282
156
156
156
464
465
465
465
397
524
345
121
161
139
685
120
571
301
181
252
707
343
368
281
869
185
185
431
397
500
581
212
1011
409
409
497
690
336
201
160
581
581
581
162
282
685
282
799
108
120
463
126
517
241
90
144
322
597
431
431
1491
336
1492
511
137
325
511
181
679
448
511
321
953
953
603
201
517
604
181
1032
572
161
1033
863
253
253
862
613
614
102
729
312
471
330
300
300
300
342
813
201
470
690
362
337
1184
301
485
397
255
205
1023
337
400
209
312
127
794
1142
562
1028
1028
1261
1365
1366
1367
421
1226
776
929
271
650
650
201
258
502
269
126
457
922
277
1023
758
758
344
344
345
379
187
327
163
431
417
206
152
897
866
145
145
145
312
313
313
313
674
190
517
314
282
801
521
745
237
237
238
238
181
241
409
603
604
419
2063
715
871
902
300
265
521
681
1395
325
325
325
325
613
463
29
180
180
18
157
157
780
433
433
433
433
785
504
504
198
198
800
301
301
449
730
313
342
342
342
342
342
835
323
201
869
939
408
408
408
408
409
409
409
802
665
108
409
457
139
139
544
758
501
501
161
332
337
307
185
185
1394
571
160
201
461
461
336
336
336
1980
108
108
232
232
230
544
548
866
2217
103
449
449
701
137
137
456
324
324
259
411
448
200
160
680
681
581
322
300
240
200
431
231
937
235
2273
330
431
818
120
631
160
361
463
412
456
500
258
953
329
785
785
898
198
271
257
24
19
25
25
198
198
198
198
897
1091
547
50
344
321
1022
449
151
344
264
581
464
464
421
685
139
1226
378
200
121
1123
541
151
397
1303
401
182
431
312
817
138
138
138
1362
325
325
331
161
501
501
776
306
252
252
397
241
57
601
160
385
1498
259
1601
731
662
342
66
469
306
108
776
258
258
511
253
312
1009
796
256
241
181
409
127
127
258
331
199
253
331
585
212
212
348
1123
1002
193
277
1305
511
121
430
431
1614
681
685
517
139
201
423
120
265
256
385
264
264
449
373
866
231
231
331
200
200
201
330
817
120
120
121
121
161
91
372
323
324
201
202
463
463
1002
777
241
241
114
282
282
257
529
231
1121
120
681
344
363
584
1121
115
402
372
138
138
596
229
1226
729
1022
268
24
201
394
496
795
24
277
31
32
361
73
282
590
362
345
817
199
1462
561
181
181
431
1316
1317
230
163
649
241
161
1955
1046
301
301
397
545
252
198
283
361
362
162
162
322
701
421
422
433
231
681
25
24
603
30
336
1142
776
324
282
282
625
754
432
300
321
323
344
1366
90
336
240
241
241
541
241
241
241
198
620
342
397
321
321
321
324
376
37
211
18
1464
24
603
301
401
401
865
121
463
1614
163
402
199
364
265
265
306
217
218
218
561
265
342
342
690
373
271
729
642
326
449
241
529
1465
300
265
571
464
465
456
457
457
723
723
321
18
19
530
531
532
409
561
439
439
439
439
439
439
439
440
440
489
322
368
601
597
216
201
585
544
673
120
785
409
585
585
586
578
652
336
336
336
157
430
342
397
701
448
448
449
449
732
385
581
560
561
256
321
409
260
464
337
193
192
673
449
1025
271
235
785
601
321
561
469
193
1256
1171
799
738
465
813
673
1009
234
234
1316
1318
1002
312
571
448
241
464
41
449
1122
379
510
24
24
121
40
1464
1464
120
120
1023
468
120
241
1413
348
1609
1225
457
417
342
342
697
300
156
337
312
422
145
1136
457
680
773
481
686
252
144
501
737
1714
345
208
664
464
504
366
253
256
256
326
553
782
379
379
379
729
300
258
448
505
505
506
506
506
211
570
276
397
631
631
632
241
168
553
571
757
758
337
337
1046
685
380
400
1009
378
240
799
762
561
561
561
167
167
273
402
142
25
497
220
1035
241
261
468
468
469
674
521
57
323
139
25
25
25
282
329
33
33
41
41
41
41
42
42
317
66
161
185
384
1265
1514
342
192
870
120
120
120
492
470
1391
372
416
312
312
313
385
586
313
121
417
417
391
391
391
90
90
90
1867
344
521
521
521
521
521
323
342
511
540
312
1769
626
621
185
378
730
621
621
438
438
782
372
306
938
408
408
1462
170
372
372
372
372
464
570
378
897
103
103
103
103
689
137
321
336
205
601
621
438
438
438
745
192
241
336
397
412
913
801
465
465
465
400
869
449
584
161
1082
198
126
571
448
201
400
953
198
601
697
698
300
650
169
200
216
253
463
199
199
199
401
705
324
265
504
1023
450
331
300
300
300
300
271
271
271
571
400
1491
258
1162
258
1010
253
253
198
1316
325
325
433
320
927
516
400
1461
259
259
259
198
541
345
457
1609
431
120
953
397
25
300
24
758
120
431
108
231
241
208
344
689
974
604
604
180
181
1348
156
208
1028
152
258
323
313
401
33
470
41
49
74
953
382
345
229
185
300
300
300
300
301
301
301
301
114
138
400
401
258
184
190
229
500
502
267
331
409
409
409
601
601
602
547
201
701
701
701
702
379
198
198
198
198
344
265
802
160
331
160
331
331
331
257
487
776
198
201
277
162
163
1010
192
469
377
321
603
630
323
282
282
282
282
48
49
721
578
376
471
344
241
241
138
431
673
301
659
321
139
401
324
161
232
481
181
182
182
183
183
183
184
184
184
184
731
157
66
66
241
243
243
244
244
244
325
942
457
303
303
304
304
450
362
363
365
160
862
257
208
423
423
423
425
161
509
484
485
486
192
192
121
614
161
545
120
257
211
603
604
438
438
365
185
431
258
91
121
380
456
457
457
449
994
463
584
584
585
182
649
156
212
449
571
273
192
198
199
199
393
270
344
511
192
1250
415
799
430
372
257
257
397
397
715
464
464
449
620
620
728
1316
415
560
571
731
578
834
241
277
603
460
456
834
121
342
342
342
343
343
185
505
201
201
201
201
201
456
457
312
438
438
258
138
1900
561
120
571
571
230
342
673
253
685
817
461
457
457
785
321
321
795
799
217
802
231
876
256
271
138
264
231
231
277
271
162
282
348
217
301
685
321
325
200
462
1028
276
276
276
276
276
277
277
462
277
277
277
277
554
368
370
370
370
370
246
201
685
139
300
817
461
462
462
463
463
138
378
471
342
342
801
553
554
555
1608
1370
324
758
416
645
645
646
647
647
416
328
738
739
739
127
410
411
151
102
829
832
378
813
90
90
90
331
103
103
103
922
121
121
924
754
799
137
330
929
480
211
239
685
1108
521
379
264
265
199
282
241
241
331
331
331
397
321
261
541
463
253
401
401
91
1028
463
344
163
1346
156
156
464
631
561
662
596
180
336
161
241
642
432
256
259
259
259
259
259
270
120
120
120
136
433
336
469
217
157
281
256
102
102
102
103
431
507
378
137
257
383
171
120
282
156
156
234
162
162
192
448
581
261
261
271
271
281
343
449
376
240
410
697
267
385
433
283
471
313
192
522
180
574
247
247
231
301
320
701
329
217
138
411
411
974
312
482
1225
271
193
193
231
57
754
41
782
323
300
621
162
120
216
108
160
241
121
282
160
151
181
988
545
120
545
256
90
160
160
705
144
342
282
681
681
682
201
281
108
108
109
109
109
109
241
193
193
145
181
181
181
217
218
253
290
745
681
327
328
385
260
343
343
348
264
883
541
685
153
1023
431
300
544
198
114
114
313
153
153
153
416
306
685
408
408
365
191
211
331
229
229
211
259
465
342
344
1501
168
345
383
416
253
409
505
312
211
211
211
1638
541
501
701
517
49
126
126
127
127
127
295
449
24
25
25
168
169
169
169
338
66
210
211
211
604
463
18
253
56
56
312
313
313
313
313
314
295
295
295
296
757
731
192
192
337
1909
509
33
421
24
380
32
33
776
41
198
65
66
884
90
91
817
508
418
521
522
522
522
522
522
401
1136
32
181
181
817
818
108
1226
41
626
626
626
501
501
1082
729
731
731
312
312
834
1600
402
217
801
160
520
521
504
1462
624
560
271
342
343
343
343
344
344
344
344
344
411
729
456
457
458
458
757
209
571
571
571
572
572
181
573
561
482
883
883
246
685
686
686
687
687
687
156
156
156
1009
180
180
180
180
209
201
201
800
800
261
916
571
418
401
674
657
1029
1029
1030
1030
785
561
1142
342
240
201
1257
342
320
320
379
271
768
1146
271
953
162
162
162
162
162
162
242
301
343
343
877
216
217
313
120
1602
271
271
271
161
458
162
163
1348
379
180
271
571
433
434
152
300
487
306
379
685
289
433
434
217
417
417
417
438
652
800
800
501
169
920
1042
253
914
1190
584
307
681
289
409
247
731
730
817
505
306
306
306
306
2043
312
312
938
877
877
300
324
939
500
246
738
422
1024
541
252
378
300
180
1316
121
817
877
561
368
185
337
324
461
160
411
138
162
234
184
1567
449
1610
1611
198
344
336
336
163
200
581
336
336
246
1756
257
439
439
1009
329
198
448
848
544
545
120
1090
410
411
585
201
192
865
391
198
331
120
1262
201
731
731
553
560
282
431
517
199
1362
460
464
464
877
331
571
581
1268
867
258
258
696
369
402
277
277
277
277
461
799
464
461
929
229
108
510
848
324
324
324
324
325
325
325
138
729
456
1907
1046
114
114
115
432
433
433
433
153
191
191
571
685
258
343
343
184
649
231
306
649
362
382
300
757
758
758
758
759
571
573
581
408
581
501
344
866
686
686
162
813
256
800
800
433
433
163
501
82
432
25
217
49
50
541
541
66
325
348
348
348
90
271
193
193
431
136
1029
401
257
257
349
349
799
322
322
322
757
501
300
581
581
465
1251
449
601
324
336
515
239
344
343
802
432
246
541
697
642
1251
431
902
121
541
541
205
312
312
312
121
771
161
161
1046
122
1299
757
270
1262
323
397
1023
625
1768
163
561
443
181
974
1687
1082
138
576
185
1082
265
785
522
180
438
378
378
156
504
505
505
336
401
530
261
481
631
313
757
431
438
401
796
456
585
585
585
585
321
420
1009
520
240
731
731
732
511
300
241
342
344
1010
342
198
877
877
180
180
180
240
240
313
313
313
313
126
1024
561
1388
1262
306
300
199
421
342
541
421
169
578
313
522
522
522
408
626
1317
898
181
324
324
325
325
325
701
463
510
312
313
313
663
432
433
337
240
416
416
416
417
417
417
938
385
541
541
542
542
409
581
517
521
521
521
522
522
522
160
649
421
545
307
307
307
192
161
434
542
561
409
409
409
729
730
730
258
259
259
259
259
866
867
529
348
348
385
344
344
345
345
345
1355
162
270
560
431
431
939
408
517
163
717
604
604
324
818
545
1146
1301
920
163
401
775
776
777
778
1409
662
253
126
434
953
300
300
246
408
265
597
312
1277
753
312
530
329
343
368
313
313
313
313
256
409
801
1498
494
417
321
902
575
576
644
457
521
522
659
626
321
192
180
520
231
342
342
181
181
181
182
182
553
282
449
241
241
241
242
848
939
456
646
301
301
301
302
302
302
1069
649
578
1002
1043
571
120
646
482
482
483
483
120
241
313
554
545
1028
323
325
496
433
401
138
240
461
542
312
312
649
650
650
192
373
373
373
408
374
758
276
497
540
369
312
621
622
622
622
622
974
974
417
745
745
302
521
90
870
871
313
313
313
120
301
1299
642
818
417
421
121
1146
234
1118
1119
521
312
300
1243
1244
757
240
362
306
306
306
511
331
258
684
193
589
1170
109
481
198
108
338
144
258
181
252
306
330
320
253
126
126
337
409
253
511
439
440
421
517
531
505
1357
613
613
2520
379
192
1022
521
1148
715
685
757
416
465
732
259
193
193
193
589
257
754
321
321
312
313
324
324
313
313
313
313
313
161
252
514
514
348
349
417
337
1226
1182
431
465
522
541
541
631
281
581
799
471
928
758
833
1011
1142
841
930
300
162
926
848
1046
1046
270
565
1252
163
757
282
241
685
1142
1518
377
321
601
200
240
241
565
120
707
379
343
120
707
913
201
457
241
241
162
162
456
282
216
448
1002
1042
481
685
799
800
571
240
240
799
795
313
320
320
321
561
198
199
199
199
199
156
385
1143
265
265
265
342
433
679
625
331
332
332
641
641
457
191
336
337
321
192
456
156
156
785
464
464
385
260
114
208
368
121
897
324
313
631
385
192
192
662
365
366
342
257
252
312
400
613
201
701
522
276
120
120
449
362
701
160
378
378
379
120
337
306
400
301
321
504
505
505
200
685
866
401
438
33
24
481
772
300
300
631
799
571
501
136
757
301
301
145
1190
401
401
401
883
108
108
108
161
344
795
121
325
145
161
181
181
501
342
342
300
300
301
343
274
217
1009
120
301
289
601
602
400
401
401
401
162
162
457
326
327
198
198
120
200
192
584
258
281
398
571
571
136
161
368
192
431
103
103
1252
701
137
137
137
198
171
799
456
258
205
205
785
1328
138
403
903
138
265
1002
368
369
342
259
578
1022
345
345
271
802
432
432
448
120
518
518
162
157
605
605
121
307
1407
690
320
409
923
400
500
512
323
1083
685
785
803
438
378
281
139
139
139
139
139
470
185
185
902
231
232
232
301
722
277
277
278
324
325
201
161
344
324
324
370
417
417
462
1023
379
401
581
448
481
241
257
505
505
505
506
506
2705
501
631
631
632
431
231
192
659
348
349
758
184
320
320
300
270
465
211
385
884
885
565
139
185
581
163
163
231
282
283
1023
1010
150
260
217
325
324
697
1190
1136
1137
460
1138
282
157
157
471
631
813
505
1262
1264
338
281
471
602
160
324
231
649
168
753
120
120
121
431
342
160
181
523
139
848
379
324
421
151
505
361
211
324
258
323
1134
343
343
343
343
343
343
561
300
570
324
324
457
457
457
458
458
458
458
542
433
433
571
729
369
571
686
342
342
343
463
649
401
417
800
456
448
603
690
570
192
217
1037
1028
1028
1030
417
368
975
312
331
259
162
192
344
802
800
776
521
938
730
730
337
241
312
1372
1299
120
369
369
799
337
198
728
729
938
180
120
624
161
554
300
368
241
336
625
431
409
1042
253
432
421
625
1147
369
211
461
571
662
231
408
136
324
325
325
325
626
626
114
433
544
137
172
108
231
239
258
342
300
445
120
1042
343
439
291
1016
33
258
570
571
24
953
866
320
301
301
201
432
231
1200
150
276
401
802
193
193
193
501
501
217
321
439
348
273
303
276
276
162
450
451
334
585
585
208
369
605
433
201
462
658
462
731
731
731
731
501
120
120
157
157
157
157
157
120
500
561
521
209
210
707
261
262
1003
647
313
314
314
281
366
366
738
419
580
300
300
801
156
411
336
1169
922
416
417
240
156
680
814
706
673
649
240
160
521
216
470
408
121
121
161
161
163
256
481
348
348
241
151
321
282
325
313
325
464
757
580
580
408
541
272
162
345
697
114
108
680
145
145
432
1462
271
866
460
913
345
200
126
382
993
127
372
161
517
517
560
201
7717
277
211
1147
604
120
180
201
161
690
439
439
439
264
265
265
91
541
121
160
180
571
553
300
198
241
571
449
731
361
504
361
324
662
621
877
433
433
433
331
161
456
1024
120
120
570
401
649
378
201
201
201
277
450
1170
1170
240
241
241
456
57
370
115
33
66
866
74
403
800
401
256
276
276
630
523
258
231
306
368
368
1082
267
267
738
1142
561
320
211
259
259
259
259
571
323
1035
306
345
346
430
802
169
258
432
138
505
518
296
230
231
368
402
336
277
337
338
729
604
604
1028
323
501
613
259
259
259
259
259
259
260
260
260
260
345
345
345
346
346
346
346
346
346
210
431
201
645
431
431
431
432
432
433
433
431
518
312
271
276
541
690
690
691
692
438
778
200
161
863
115
264
379
949
834
114
241
282
902
265
265
265
1042
328
522
501
530
830
513
331
246
865
596
312
230
300
300
300
300
300
672
193
192
400
401
401
264
139
449
321
330
331
500
500
461
1643
1170
313
313
192
192
137
601
463
217
337
385
312
520
144
258
481
577
578
578
234
642
922
313
313
470
391
417
417
321
731
737
785
401
547
481
281
464
730
3083
465
641
641
471
336
324
241
281
938
264
362
301
343
348
330
541
379
240
240
571
264
139
162
331
217
217
1024
1023
258
271
271
481
184
184
184
230
729
433
277
277
757
323
487
411
345
120
121
151
258
416
241
246
212
242
411
160
521
328
796
300
410
411
180
456
493
449
246
345
241
483
282
344
312
1023
378
561
938
342
336
501
501
345
345
1315
336
432
379
518
518
300
505
603
604
605
799
380
691
729
776
162
162
378
217
271
271
470
799
1234
433
581
488
378
596
138
397
457
256
198
231
660
271
193
581
216
144
162
942
109
271
120
457
757
120
487
920
702
201
201
342
231
565
209
378
324
409
344
504
504
571
230
277
277
282
324
151
376
325
325
325
258
120
471
433
433
508
522
686
331
801
431
260
570
541
521
433
198
431
230
337
261
1023
137
1261
138
136
432
344
336
540
541
571
259
308
109
628
126
108
438
438
625
463
463
603
258
689
253
326
198
138
331
1042
876
208
397
258
160
277
585
1034
261
161
501
258
281
794
344
345
259
801
432
432
518
431
208
604
324
690
690
300
689
690
690
401
601
862
510
501
365
324
601
801
728
1010
307
801
501
409
409
198
902
342
264
265
511
511
511
161
337
331
673
1512
613
471
1462
161
300
121
201
32
24
25
33
241
41
49
58
342
74
281
74
90
253
253
253
336
362
662
337
200
673
24
673
348
348
348
349
349
349
349
400
41
662
421
421
421
421
422
581
465
438
438
471
581
673
185
675
675
336
331
277
785
261
400
813
813
814
815
815
730
731
753
379
201
493
231
560
156
578
929
929
930
933
232
883
1012
160
1046
1047
1048
201
1023
1023
417
281
256
320
1170
555
556
108
505
630
410
631
658
385
433
799
247
561
398
312
1395
496
1027
271
138
342
601
1262
162
162
162
400
377
231
571
521
372
300
757
497
345
400
571
571
49
421
24
32
621
500
842
57
470
1608
252
252
348
336
342
300
300
301
296
776
300
198
758
168
601
601
457
802
264
449
264
1002
136
929
321
321
560
198
385
265
342
397
757
348
571
301
91
1202
324
151
180
378
378
240
348
785
342
362
271
464
217
136
481
481
571
240
697
488
722
522
483
120
205
182
161
201
362
273
241
402
301
724
421
801
802
241
246
730
281
449
553
115
121
153
153
153
161
161
191
191
191
201
230
465
271
108
267
511
307
322
322
344
345
345
108
336
144
144
162
162
422
368
493
448
448
306
571
580
300
785
277
300
438
715
138
342
300
342
456
401
300
378
501
331
556
300
198
504
584
369
456
151
813
216
601
121
276
162
163
163
163
163
265
379
368
216
217
217
1203
460
901
198
883
884
552
433
434
121
90
1001
325
517
697
1462
589
162
162
162
163
312
217
217
217
270
271
505
658
253
434
501
337
516
517
400
596
652
283
481
422
256
377
378
378
378
378
504
504
505
505
472
472
472
566
566
567
481
674
674
674
257
833
660
661
758
601
843
930
480
481
481
240
849
702
926
943
401
348
348
348
585
464
465
153
191
697
108
438
277
306
301
499
449
185
185
1162
399
328
323
300
144
193
400
181
246
247
385
254
193
181
24
449
49
342
817
144
601
658
658
550
1001
701
336
336
126
126
513
504
1486
185
253
253
457
295
673
400
231
231
685
496
800
897
504
241
241
281
321
685
401
517
481
481
913
589
403
253
869
109
256
337
216
517
521
421
201
180
603
505
163
163
164
164
164
164
165
165
165
165
165
165
165
165
217
217
218
219
219
219
219
219
220
220
221
221
271
273
273
273
274
274
385
674
325
326
326
329
330
241
380
383
384
386
435
440
441
456
402
490
491
491
120
121
492
492
496
161
161
520
544
547
549
550
550
201
597
601
241
1012
654
657
411
277
402
343
343
525
246
457
571
277
301
800
800
800
241
328
1028
1143
416
703
120
247
1258
411
201
398
235
420
281
312
108
217
253
229
2165
400
169
522
216
2328
126
156
344
300
271
940
1042
481
541
562
517
324
325
649
401
514
433
690
776
337
108
701
571
649
649
324
181
449
336
337
866
157
342
156
505
701
1130
397
160
330
120
121
161
471
162
201
120
163
241
120
120
201
216
201
160
163
163
163
362
362
321
217
271
325
120
379
380
417
488
201
411
312
482
520
328
240
697
625
160
464
217
493
361
201
601
184
253
729
581
465
641
1354
493
370
501
240
241
241
241
241
108
645
379
570
108
521
401
162
162
163
163
163
156
481
217
271
271
272
986
169
343
343
343
343
343
126
722
457
489
458
803
702
571
571
572
882
685
686
575
507
829
331
281
914
400
120
198
1029
253
378
25
323
18
1142
1143
68
69
108
109
109
109
109
109
109
145
145
145
138
181
182
254
255
457
365
291
540
328
328
323
901
398
401
349
156
416
416
1002
582
211
571
464
883
192
649
168
685
685
234
505
192
193
193
281
1136
866
235
170
121
121
121
862
1262
161
161
813
385
328
103
242
463
505
578
421
258
259
247
345
345
707
264
431
465
465
465
465
517
518
604
581
1136
24
814
814
211
56
126
201
625
168
168
211
277
121
757
337
379
732
184
184
277
156
416
369
753
102
253
1511
758
103
108
137
137
500
541
171
171
206
472
282
274
253
337
300
421
253
422
422
422
799
362
401
505
506
589
589
674
289
759
759
561
343
843
562
313
411
320
400
312
673
246
520
191
493
673
721
673
321
672
321
307
161
343
438
241
336
336
565
1035
281
365
192
448
257
180
421
481
258
385
673
408
261
673
376
542
511
510
252
252
673
241
241
241
242
541
336
336
162
162
521
322
580
217
603
41
401
401
402
402
402
402
402
63
326
171
307
307
40
41
589
564
564
409
324
324
49
673
315
488
32
645
1022
432
349
349
349
349
631
725
424
613
190
434
256
716
126
127
966
191
530
1316
757
193
1684
342
920
378
866
1128
324
324
324
505
198
385
325
541
217
1149
649
156
162
377
571
270
504
156
865
208
541
799
282
336
596
1262
760
324
331
456
201
902
362
897
261
442
191
974
126
261
1022
191
191
1303
126
127
701
109
169
631
369
324
324
306
306
307
433
433
369
300
409
421
422
289
541
511
511
649
368
379
613
757
460
370
701
416
817
818
631
679
379
649
1022
156
157
157
163
261
325
418
470
397
283
649
561
377
377
377
313
181
471
331
108
108
108
396
397
144
180
216
715
401
416
848
301
697
481
265
180
1988
48
25
25
41
41
41
430
217
91
361
198
198
301
715
578
330
331
216
561
575
345
575
193
193
530
337
596
120
662
349
685
385
471
729
401
258
120
411
282
1046
362
706
348
282
282
282
448
448
201
258
259
259
259
259
259
114
376
657
464
464
400
114
115
471
471
570
431
432
191
191
565
127
685
306
660
605
300
799
126
126
126
126
753
690
737
169
848
776
778
253
942
1121
1046
949
422
422
1142
1162
1036
1395
144
109
145
181
253
922
362
939
234
701
511
306
401
729
649
253
662
521
217
198
449
201
565
432
216
120
321
160
161
161
162
162
163
336
24
192
283
19
321
25
31
50
377
379
483
400
471
471
565
241
200
32
120
25
108
41
160
57
74
161
848
401
271
201
108
565
270
802
283
283
198
377
377
471
649
198
505
595
584
602
642
199
199
378
433
433
331
192
192
192
256
256
348
580
500
596
493
457
348
348
465
465
342
343
343
121
472
581
120
259
570
571
571
571
521
2212
813
814
326
1316
324
930
822
799
344
799
162
914
313
313
1163
417
378
246
162
343
343
581
378
1396
625
457
457
457
553
247
247
162
329
379
412
686
799
800
576
505
658
658
331
914
553
198
199
265
342
331
438
463
456
560
33
25
25
25
42
50
75
1152
585
144
109
109
685
337
690
218
218
449
449
450
254
326
327
561
561
562
562
562
378
1024
481
674
1170
786
786
456
103
898
715
378
378
342
102
102
1123
306
861
581
200
1462
1141
121
121
348
348
162
462
241
241
242
282
169
581
126
126
511
24
24
24
25
25
33
33
33
41
42
50
58
59
59
59
325
67
210
74
74
75
100
253
253
253
369
199
757
1142
380
362
307
409
1046
160
253
281
169
321
505
505
411
216
145
181
928
256
40
24
25
1010
49
492
577
257
257
257
257
321
321
401
1515
421
460
181
241
241
301
301
361
758
277
877
369
369
369
801
300
461
554
438
120
589
830
91
91
121
1142
151
152
182
182
182
212
242
601
272
273
545
342
57
24
24
417
32
281
90
362
200
408
541
281
43
120
120
312
49
181
799
281
253
540
1226
308
102
421
192
273
261
120
185
156
156
257
211
208
575
418
421
260
138
312
156
210
210
277
246
601
410
401
525
731
185
201
247
416
505
385
411
509
501
540
362
438
193
417
265
504
561
449
325
198
199
199
199
199
199
265
265
685
834
336
649
464
646
596
343
663
306
570
1461
571
199
306
306
461
408
408
409
553
511
511
511
511
511
902
754
461
649
361
800
139
185
662
1106
282
180
277
278
240
324
601
470
432
432
1228
757
421
540
416
41
32
48
169
217
65
66
378
913
277
126
973
504
505
470
270
630
631
157
342
625
368
432
457
366
366
1010
33
32
685
325
800
433
1389
541
1515
631
1257
342
1370
241
273
121
121
161
202
137
242
57
211
24
457
403
630
169
484
471
433
400
241
271
570
324
138
201
201
163
163
163
163
324
301
301
216
218
218
471
271
271
271
272
272
272
185
432
326
326
231
343
379
277
434
49
145
25
489
433
597
144
757
180
342
342
342
325
800
258
799
1082
345
701
1141
331
365
300
200
493
191
730
157
121
121
330
209
209
866
114
685
241
246
321
229
121
200
200
802
201
457
902
731
258
136
300
757
136
300
313
258
259
589
431
169
391
604
604
210
252
421
547
379
240
757
336
181
385
313
253
192
603
241
421
120
325
799
578
883
642
648
431
729
439
416
434
102
456
323
325
325
325
325
325
1081
137
433
433
433
433
240
438
323
199
325
842
228
729
1034
115
115
866
198
198
421
264
252
1142
330
331
258
344
603
1300
312
258
336
417
1131
336
230
282
376
185
648
300
379
470
1169
301
301
630
156
181
283
378
144
144
145
145
377
181
253
313
290
378
379
630
585
585
436
505
974
757
417
325
754
320
193
193
193
193
257
257
258
161
321
321
322
322
385
386
386
160
160
257
450
450
457
520
417
515
865
578
320
192
707
342
342
343
276
457
457
457
401
523
571
571
264
799
685
649
161
199
241
397
160
342
342
1028
198
738
731
302
631
456
456
517
201
246
570
382
416
160
114
2024
247
247
571
1009
378
65
431
33
33
504
504
231
198
729
1296
342
343
138
378
378
362
625
199
457
265
265
504
259
313
313
326
464
417
521
883
1028
729
529
161
701
449
201
938
300
378
256
324
257
1900
501
596
163
192
504
902
449
151
577
121
379
529
685
421
397
257
162
180
162
192
457
361
424
795
324
37
18
18
18
241
241
68
75
1388
160
312
433
417
417
157
157
157
417
261
261
313
417
416
417
685
313
312
312
312
312
312
391
417
730
469
342
342
342
342
120
520
520
520
521
108
120
684
457
90
91
625
625
234
108
938
161
151
151
152
121
235
235
571
571
181
729
729
212
1042
242
243
243
521
302
834
391
333
200
799
469
938
757
457
90
729
626
90
91
91
91
572
1028
120
181
211
241
37
31
43
312
313
313
313
799
800
800
544
217
417
417
417
801
1028
625
625
379
488
300
162
216
391
681
613
379
417
877
234
1262
570
306
400
312
312
312
312
416
417
1002
439
343
625
625
521
585
301
421
624
625
553
463
729
729
198
276
276
276
276
336
336
449
369
1024
1299
461
193
193
553
553
321
433
1608
707
708
408
300
816
57
231
57
138
409
409
409
323
511
253
865
641
757
702
682
252
324
324
937
1022
504
648
642
1226
701
433
433
433
649
500
438
541
1408
521
649
565
325
257
625
631
1001
401
192
282
282
325
974
601
376
385
541
301
241
281
866
565
731
863
578
659
160
241
240
153
301
264
264
331
190
271
1010
541
162
1136
342
108
181
1002
342
342
541
685
799
211
191
211
241
901
305
138
192
138
184
185
185
230
231
231
277
323
323
541
259
115
324
152
258
267
770
523
161
411
328
385
378
1142
321
379
300
571
300
161
601
757
801
120
650
501
323
163
400
1136
380
127
277
192
200
469
121
192
161
256
256
256
241
241
438
507
1002
312
330
545
1002
265
331
397
397
732
878
449
701
432
192
192
192
256
330
757
1317
369
1462
1225
433
2024
541
772
662
974
737
865
830
1300
198
897
198
265
198
631
211
264
168
199
199
211
114
378
378
246
115
115
115
115
138
153
153
154
154
154
191
191
192
192
192
257
230
267
370
631
631
139
246
596
596
637
384
384
570
336
460
461
256
139
385
1009
416
198
1136
822
416
571
198
500
253
300
200
121
161
201
505
1347
685
342
501
342
331
621
343
301
301
301
198
264
337
401
201
501
501
501
312
372
271
343
601
231
1027
281
270
312
277
416
589
456
913
461
1142
1372
833
342
344
685
570
152
379
163
163
163
163
163
163
217
271
338
126
489
489
180
596
598
181
399
757
784
180
246
378
379
417
247
157
757
156
156
156
497
208
260
260
313
729
1516
372
685
162
432
649
342
239
325
230
380
139
205
185
185
277
1082
324
463
1082
160
410
193
241
362
256
501
342
575
103
1226
171
411
541
277
946
161
139
328
156
231
161
260
324
802
504
281
120
715
462
509
312
649
433
181
253
201
216
505
313
313
313
120
160
160
264
336
336
417
417
417
631
163
217
521
272
199
325
326
884
331
547
543
606
865
653
234
234
596
313
313
365
390
469
210
547
369
627
627
501
169
313
239
704
704
393
184
1568
862
300
274
395
379
301
161
504
120
433
231
331
360
745
500
198
252
2980
323
631
321
253
253
253
372
401
421
501
256
1036
320
160
729
114
685
513
121
759
283
283
283
283
842
191
377
312
471
471
471
323
321
566
138
138
138
184
230
230
849
415
267
504
396
115
115
1225
191
192
229
230
230
184
121
267
268
268
1252
199
306
649
345
120
139
190
482
325
115
432
153
153
180
757
541
541
306
649
431
1395
757
758
1136
258
913
349
430
465
516
234
1300
184
581
581
139
234
813
432
247
1046
799
258
703
253
258
258
126
492
345
649
431
432
604
553
185
521
863
138
321
540
1127
1209
192
241
160
256
321
321
321
180
180
201
240
737
281
300
433
301
321
869
201
361
120
120
379
120
201
201
160
649
525
937
127
241
241
169
169
169
211
211
321
442
162
381
577
139
621
163
457
432
138
138
271
380
380
90
416
369
488
993
151
151
462
337
430
799
1028
241
242
541
571
333
334
685
461
757
345
259
342
621
431
200
625
625
377
685
231
430
362
240
138
282
1009
161
737
1028
1143
336
673
337
1366
252
252
252
336
420
420
561
307
802
505
589
785
306
368
139
300
300
300
1010
842
408
408
511
277
199
613
247
715
701
265
246
600
902
938
396
738
330
313
521
986
685
570
449
590
115
82
160
342
252
252
252
252
252
321
120
321
571
385
120
160
321
256
758
758
463
1027
361
841
121
121
121
122
122
122
122
122
161
162
162
163
163
163
202
202
203
203
203
203
204
198
242
243
1012
282
324
324
328
331
364
364
402
345
486
488
121
247
247
247
608
430
585
150
411
412
344
295
210
259
259
259
259
259
259
259
259
259
259
259
260
260
260
365
345
345
346
346
346
346
127
127
127
127
169
170
170
431
432
433
433
295
212
212
212
212
212
438
253
253
253
254
823
518
519
201
192
330
261
604
381
381
382
584
121
121
692
201
193
199
199
241
241
776
295
501
281
115
126
402
511
953
1198
114
114
332
1023
300
342
645
707
277
306
200
1296
1301
1313
409
601
397
510
510
511
511
512
198
882
613
715
818
369
441
198
799
153
241
198
114
114
403
190
521
184
281
231
139
185
312
121
231
571
138
545
649
416
342
342
342
324
151
571
571
90
90
121
151
181
217
212
302
364
216
301
953
631
500
301
1225
1225
937
378
602
661
282
601
230
192
162
313
604
231
151
90
120
325
312
258
323
231
508
271
449
416
417
417
1262
139
139
138
521
185
231
232
277
277
277
278
625
324
325
370
345
1252
416
378
321
834
556
138
650
193
301
648
138
379
1251
517
300
91
673
601
90
90
630
649
336
401
328
505
160
328
160
160
121
161
241
321
443
505
231
378
378
138
416
757
508
138
301
729
231
180
180
241
1388
581
938
348
348
348
336
1395
321
505
192
517
323
400
258
281
185
345
120
323
200
462
160
277
601
862
241
90
570
121
731
756
343
277
438
571
139
685
585
313
571
731
731
631
581
877
877
877
312
342
1023
481
348
181
685
301
501
300
300
400
400
517
575
258
258
258
517
603
603
740
785
336
313
561
258
786
138
259
703
231
431
431
517
689
348
625
349
114
465
465
152
24
19
25
31
50
697
417
145
813
235
391
144
234
234
431
1396
258
416
152
938
180
342
416
456
267
343
421
1131
1121
200
121
282
282
376
902
300
300
300
300
301
301
301
301
301
401
401
1256
501
501
1037
602
1027
459
701
701
115
115
153
575
161
570
305
343
625
201
241
369
246
246
246
411
343
571
465
520
739
625
1908
921
277
184
416
258
312
312
1601
231
139
138
185
813
1018
277
929
345
234
431
517
312
1089
1512
313
313
313
313
348
465
312
312
416
258
729
145
937
619
181
603
191
325
259
180
180
180
180
240
361
241
673
121
121
121
121
161
161
161
463
201
241
757
403
337
264
1035
449
449
521
277
313
433
312
276
276
276
312
368
369
361
521
461
1123
552
553
553
240
645
830
681
264
1108
590
408
408
408
409
397
252
1388
545
545
545
336
336
681
681
150
505
817
817
91
91
91
91
91
91
121
151
151
673
953
954
1090
199
108
1226
1226
230
581
37
18
265
185
217
331
349
462
151
258
464
662
271
259
369
145
162
271
345
364
108
139
162
162
231
271
271
416
690
580
323
516
488
431
184
259
464
431
1747
517
776
571
369
321
342
276
192
192
192
461
257
553
321
385
385
449
380
603
465
162
216
231
259
259
138
345
185
185
431
230
348
348
313
276
277
337
415
90
114
91
91
91
91
91
91
91
252
312
580
151
151
151
151
151
114
181
863
211
212
212
813
273
521
521
521
393
625
507
729
729
730
488
465
589
162
1147
689
1046
368
258
259
323
345
345
345
345
345
345
345
581
181
431
185
180
369
369
604
217
217
253
461
348
103
776
435
465
646
102
1089
694
139
409
324
463
102
325
103
103
137
137
240
541
541
541
274
120
514
596
866
160
974
281
231
138
138
185
231
277
577
462
401
501
379
496
1152
281
217
730
162
162
162
701
216
201
246
270
260
575
740
209
729
283
994
109
108
108
108
144
145
180
181
181
217
505
115
580
114
253
323
191
198
848
541
416
331
324
324
697
541
256
281
121
192
193
193
201
257
257
321
321
321
321
321
525
385
450
450
120
120
121
121
121
121
411
161
161
161
161
161
514
515
201
114
90
241
241
242
281
281
282
91
114
322
488
707
411
411
464
488
431
379
348
300
32
685
49
465
258
397
117
217
581
301
301
301
301
198
502
502
502
502
271
601
602
602
571
90
91
702
702
121
151
151
181
212
191
1003
1004
1210
267
1205
771
513
513
24
24
32
301
180
344
320
361
259
321
457
431
120
151
578
456
272
343
913
481
260
41
336
24
180
181
241
301
361
365
336
336
482
522
757
561
733
505
138
325
325
330
231
18
19
199
199
25
37
378
378
265
463
464
974
430
662
883
517
276
230
258
185
276
276
231
180
277
324
240
241
241
509
231
301
301
379
421
181
230
553
216
457
776
723
271
271
421
571
120
540
181
488
799
361
180
525
505
541
541
649
378
542
631
757
258
501
344
431
41
400
57
448
701
153
115
115
902
153
153
449
191
229
305
344
57
25
33
33
33
49
58
58
66
138
139
139
336
500
692
37
55
336
144
144
144
49
24
33
33
42
49
58
58
58
66
83
253
253
501
862
126
306
253
601
430
307
409
198
511
1045
217
1303
870
265
716
216
818
818
324
325
349
433
465
581
698
361
745
241
1046
301
301
121
121
121
121
121
411
161
161
162
162
202
202
241
241
241
460
120
160
190
443
115
115
411
411
411
411
153
153
191
1628
383
740
740
829
301
372
150
1106
300
90
90
264
211
181
585
126
126
127
372
198
240
267
296
338
338
400
380
191
801
301
869
301
301
301
301
301
1107
542
730
730
501
601
1304
702
649
184
1002
138
324
324
325
325
601
433
433
541
541
801
865
867
813
975
260
348
801
1300
157
464
190
32
24
115
401
501
501
601
902
320
542
163
596
204
205
205
265
331
361
706
902
596
265
301
421
24
265
41
331
231
18
31
184
25
24
24
24
32
48
99
216
325
325
901
379
193
114
192
320
153
191
312
229
268
264
642
199
312
312
265
580
90
417
331
1002
729
521
625
241
321
729
349
312
120
417
680
521
521
697
362
409
1354
836
471
685
1460
343
457
432
613
1131
342
496
541
349
163
343
343
343
511
457
613
162
372
571
464
621
397
813
198
601
24
24
184
138
377
301
301
301
301
348
401
323
282
601
602
121
349
702
1868
470
90
120
150
571
181
211
659
847
847
801
457
342
907
541
241
401
342
231
544
421
139
138
138
602
601
74
32
324
649
799
902
300
301
301
301
401
401
501
401
802
802
300
1002
431
1199
281
107
41
32
33
1203
65
120
121
121
122
161
161
161
162
162
162
201
202
242
282
282
1634
460
216
444
553
869
456
689
268
271
114
114
153
191
191
181
229
229
229
342
343
372
306
40
25
343
382
180
621
342
869
168
338
1242
456
571
33
24
24
25
33
33
33
33
33
33
33
41
49
49
57
57
66
74
75
100
432
522
325
325
325
325
325
201
201
433
433
433
433
625
541
542
542
813
312
379
866
267
217
217
461
1083
325
191
380
276
581
542
799
342
126
253
300
397
199
199
199
151
90
90
90
120
150
151
201
541
211
348
601
553
41
241
33
267
41
49
58
82
160
324
114
114
731
348
229
229
201
344
344
416
120
757
121
737
509
216
282
417
162
730
230
271
369
511
271
162
511
306
456
510
283
900
408
342
342
431
323
192
138
138
302
321
90
385
565
114
603
115
191
301
433
180
90
570
91
324
325
432
433
62
19
902
31
457
457
1355
57
32
57
461
461
601
1082
312
312
160
448
416
368
521
276
460
281
685
830
921
1042
171
103
103
104
137
137
137
138
138
138
172
258
206
240
240
241
275
308
308
310
1235
799
481
481
300
689
301
814
361
162
300
301
401
401
162
400
501
471
348
264
208
300
282
400
696
199
208
501
631
331
145
108
378
312
216
217
345
928
1132
1000
259
259
162
162
138
184
938
102
102
102
239
239
446
372
409
373
312
201
324
277
540
120
210
267
417
417
127
127
276
41
24
325
325
32
32
211
368
368
153
153
253
1022
433
433
541
541
422
649
114
115
153
301
240
603
289
109
258
344
343
659
191
41
57
152
82
456
581
126
115
115
191
282
127
421
343
343
348
338
181
448
580
449
449
449
540
18
18
325
321
137
813
240
620
239
320
400
401
373
200
121
729
201
241
513
362
193
416
181
108
180
770
1042
305
362
379
300
191
265
181
365
459
431
264
261
258
258
258
365
180
431
517
604
690
342
324
481
663
1090
343
180
241
301
482
378
408
180
180
180
2020
865
378
1795
913
449
90
90
24
25
25
25
33
75
76
84
108
282
520
541
1142
25
18
417
56
411
324
324
324
324
324
325
325
433
730
540
541
246
848
866
138
757
32
25
57
866
575
184
126
324
126
1082
169
211
338
380
2044
138
685
139
312
185
409
409
553
545
114
114
681
421
368
368
521
344
161
49
33
465
481
1227
259
259
120
120
345
345
115
1142
431
517
348
190
690
1190
400
457
864
216
1038
1124
181
456
501
430
701
729
974
345
136
185
312
171
138
520
323
862
462
462
49
24
500
240
581
181
270
701
362
348
162
162
542
724
725
938
511
312
973
510
465
974
276
464
457
651
277
581
162
216
270
239
342
929
102
102
171
33
240
57
82
150
799
90
91
91
108
181
953
289
162
544
217
325
325
408
869
324
544
409
517
198
198
324
373
794
433
433
349
757
397
348
464
216
581
581
163
163
163
1206
217
271
271
272
246
326
326
434
246
247
328
329
1161
913
657
456
1028
261
156
156
156
208
261
365
365
866
324
325
649
757
758
365
342
974
201
261
342
343
343
343
343
343
295
400
457
457
127
127
361
571
572
572
241
241
685
686
800
464
465
466
914
1257
757
163
136
216
613
270
103
137
137
649
171
171
171
171
205
307
409
511
818
209
920
208
325
324
651
379
865
312
542
312
417
521
120
160
361
411
231
449
193
246
247
329
321
411
462
463
462
270
138
163
370
728
198
198
331
397
529
448
345
337
786
464
1225
861
379
181
349
90
150
162
545
102
488
230
102
349
162
163
163
205
217
217
1046
278
488
348
230
464
556
138
580
277
697
162
408
156
813
276
162
217
217
157
325
953
313
645
162
163
163
658
217
217
217
217
271
715
715
544
681
740
385
192
256
1354
501
385
312
312
127
126
501
625
817
231
771
171
102
323
136
544
256
239
1568
929
162
345
600
162
162
162
216
271
258
433
301
465
581
253
337
201
1262
328
200
240
231
246
247
138
138
138
329
329
151
411
323
323
323
90
504
630
329
432
328
328
325
325
325
325
325
325
325
325
325
325
192
575
449
434
376
541
312
649
650
650
321
321
321
758
758
417
974
580
565
1084
312
397
625
349
239
170
349
400
348
348
794
300
465
581
581
578
231
256
277
770
121
120
121
121
409
163
161
344
201
201
201
241
281
281
282
162
162
322
216
401
403
403
270
328
230
757
408
138
571
209
411
493
493
156
631
1036
121
90
90
90
120
120
799
150
181
729
363
313
324
432
198
199
199
162
331
162
547
488
235
501
300
601
300
325
342
324
342
328
216
247
247
247
247
247
247
247
163
1028
411
412
493
577
658
659
659
659
905
521
312
1035
416
324
520
258
230
323
323
180
421
496
511
372
697
1089
511
468
409
313
517
626
1046
782
431
259
259
241
345
431
258
160
517
342
689
191
229
456
382
192
514
579
408
521
313
416
681
156
659
208
313
348
324
156
522
471
324
418
464
464
660
660
449
626
760
162
320
270
621
191
1136
641
267
372
372
372
372
496
496
257
378
631
680
181
993
151
409
409
571
229
342
281
114
953
152
191
121
1089
160
201
241
382
1227
362
497
402
464
757
465
561
745
681
336
336
336
168
883
271
448
365
497
162
156
270
673
380
1278
465
1010
1235
1226
580
400
277
138
185
301
231
324
416
448
282
337
565
464
400
282
282
283
283
283
471
993
241
348
201
481
754
1084
373
373
373
848
1235
944
497
497
1037
621
883
321
953
746
870
994
348
1118
331
267
1491
366
465
199
265
267
267
156
397
659
1635
377
581
544
181
701
90
90
120
120
150
150
581
208
544
157
361
418
241
1002
361
1203
493
739
465
348
799
193
181
342
108
181
571
434
685
770
659
282
493
581
380
282
411
162
120
348
348
241
464
581
651
813
813
365
511
545
433
342
470
408
408
408
408
324
511
680
817
914
217
108
181
217
456
434
241
800
416
160
417
939
325
163
271
272
325
434
434
377
401
760
211
90
120
300
564
848
602
1002
271
580
300
121
349
349
120
379
150
465
416
312
575
416
1047
625
715
575
25
32
49
57
57
511
168
757
296
680
325
541
545
90
145
90
108
109
625
144
145
180
181
253
253
312
312
312
416
521
625
625
729
385
162
192
256
325
1046
464
581
185
138
470
312
109
377
377
377
377
108
181
217
217
312
253
625
848
729
580
217
2097
162
348
349
349
729
313
464
581
865
103
325
136
136
170
170
377
400
348
470
348
500
601
246
411
185
138
138
184
325
216
570
343
343
902
409
162
234
306
306
306
160
325
235
409
865
120
511
511
511
163
613
613
813
548
597
324
818
1001
1125
82
24
24
24
814
342
456
168
1609
126
501
400
171
102
601
137
137
137
701
274
1204
328
390
493
33
40
391
231
138
571
241
555
120
342
342
200
246
457
571
421
433
416
914
493
301
313
242
161
120
181
281
200
271
865
575
430
241
108
259
493
181
253
493
740
757
246
247
411
493
378
576
631
631
822
823
1010
757
988
757
369
324
324
324
184
1262
433
630
323
541
757
258
1136
517
320
30
31
321
240
541
361
121
121
122
122
122
122
122
122
241
162
201
202
203
242
242
282
282
283
324
322
323
363
403
511
974
306
306
511
400
185
581
138
301
170
401
205
696
379
1045
323
817
379
138
138
184
230
231
231
277
18
18
18
19
19
19
24
25
25
25
25
37
409
43
50
50
57
63
457
545
545
545
681
342
342
456
456
321
570
570
256
1226
456
1028
1499
258
37
18
799
603
949
544
240
260
276
408
409
157
433
361
277
342
571
461
817
596
456
513
571
571
570
571
385
1388
312
261
379
162
163
163
163
163
163
163
217
218
271
271
272
272
326
381
434
488
489
597
461
49
19
25
31
37
44
50
56
553
240
241
301
239
421
103
103
217
137
171
162
412
276
369
461
397
1015
199
265
265
461
324
276
25
18
43
49
1142
326
488
456
456
457
198
571
198
684
799
378
1028
378
1371
631
400
307
662
408
902
331
138
139
401
300
205
411
273
681
281
613
410
410
241
544
510
697
514
192
348
151
1102
91
91
121
300
300
501
701
602
180
625
235
198
18
205
25
37
102
265
205
274
308
102
171
461
460
460
43
321
37
49
120
205
102
102
102
102
136
136
171
204
239
239
320
321
162
161
385
163
181
325
380
151
302
320
193
257
321
321
322
160
201
362
410
321
192
575
577
31
18
24
654
102
170
171
312
625
987
411
514
192
256
385
449
513
501
510
624
25
24
24
24
24
24
25
25
25
25
25
25
25
25
25
25
32
32
33
34
34
40
41
41
41
41
42
42
42
50
58
59
59
73
76
547
84
90
91
307
493
409
802
313
313
901
417
312
246
645
522
469
469
547
730
276
276
276
939
860
553
1147
829
547
504
120
547
91
91
378
121
625
181
181
379
302
138
163
185
324
312
501
463
417
521
501
601
729
701
365
328
365
246
246
247
328
330
411
494
740
741
741
410
247
659
904
4942
247
283
283
408
385
658
464
715
348
348
461
1045
1163
553
645
410
247
329
33
24
49
81
385
192
192
193
321
321
321
321
729
385
386
449
312
312
312
312
706
416
520
521
581
729
937
938
348
201
120
697
576
246
328
580
390
697
469
547
514
385
883
256
321
379
379
391
348
306
432
547
626
348
307
464
409
409
410
512
581
614
160
362
716
265
813
813
818
160
201
373
281
974
331
1228
496
621
869
378
378
324
342
324
757
571
325
325
325
433
433
697
1515
348
49
24
41
581
438
344
258
1170
1170
1316
41
41
578
190
115
302
877
300
439
2368
649
300
324
400
401
372
701
324
324
324
325
541
541
757
1317
649
378
1082
505
1408
90
920
345
211
306
344
408
31
43
571
457
457
256
799
400
306
323
501
707
902
508
511
300
300
300
200
121
500
501
600
241
701
702
702
802
902
1102
913
151
90
271
800
1028
581
161
24
24
324
65
200
464
325
581
55
62
411
987
385
192
211
300
90
91
91
120
181
201
449
201
974
802
324
234
33
32
32
41
73
234
974
471
282
324
121
120
541
281
121
108
120
974
144
332
435
282
565
848
162
307
162
216
209
313
714
157
157
157
209
209
261
261
261
366
312
418
258
471
757
547
345
1430
449
328
193
193
757
25
24
40
41
49
49
49
74
329
438
409
217
162
162
162
438
408
379
597
24
74
208
261
24
57
541
324
325
432
649
649
1622
974
24
25
33
33
33
325
325
49
74
433
1300
649
348
974
163
216
324
241
814
456
31
31
36
49
342
602
685
378
281
379
160
180
902
108
145
267
300
301
281
401
229
160
601
561
702
801
1002
603
211
431
211
1009
547
431
504
234
431
505
603
590
674
541
180
181
324
324
301
91
422
90
91
91
258
541
541
121
121
121
577
151
151
151
180
181
241
243
272
272
272
724
281
273
313
430
234
102
517
1082
157
157
642
234
776
418
562
121
799
120
561
343
457
722
866
1028
430
501
432
511
258
258
258
431
400
401
306
601
603
181
276
108
542
277
216
433
313
312
200
391
121
121
704
722
342
240
320
201
120
120
229
362
403
501
482
1028
271
344
201
120
160
271
271
500
1329
313
234
306
312
328
431
247
402
434
421
300
120
180
180
201
431
301
301
361
361
300
488
543
139
372
369
565
121
283
120
377
377
377
377
377
621
745
565
162
660
162
542
259
1036
421
300
201
776
862
200
120
241
601
161
702
501
621
344
301
301
301
400
401
501
502
497
649
601
431
431
702
160
421
902
161
1003
433
120
121
161
161
542
201
201
403
404
443
470
156
156
261
771
121
121
121
121
417
200
470
241
883
362
201
281
603
345
201
443
378
378
378
258
258
362
505
430
431
431
603
757
862
1123
417
156
401
545
1898
240
320
114
344
191
408
408
409
409
229
544
545
545
258
259
517
681
681
345
431
431
431
321
604
431
201
313
402
209
209
689
377
862
282
647
277
754
372
271
282
282
282
282
282
377
217
481
471
471
471
471
471
271
379
380
659
660
660
240
488
621
753
848
258
258
689
121
361
542
180
180
240
240
241
33
41
361
421
421
201
120
342
241
313
342
157
240
306
161
799
715
721
306
511
401
715
715
400
432
325
325
325
325
325
325
325
883
673
433
433
433
434
649
542
701
649
650
650
114
1035
866
866
114
229
540
305
1083
217
1190
162
430
1009
270
1347
596
1122
402
259
449
120
258
505
344
378
378
379
505
505
631
631
561
1263
1388
400
902
300
325
181
108
540
399
432
433
649
570
324
325
240
432
433
433
343
343
343
541
541
541
541
180
180
649
457
571
571
686
379
975
975
800
368
321
277
434
1409
1412
1413
320
481
561
645
722
456
541
457
138
344
324
570
114
200
342
323
121
161
1627
201
201
216
281
322
322
325
325
325
433
433
433
434
541
650
866
974
685
343
325
282
200
200
259
540
1081
325
689
185
271
138
162
1034
256
571
1170
642
438
799
799
684
343
379
685
216
1028
324
184
520
185
325
313
115
1122
114
521
190
540
161
561
160
324
1300
785
543
362
362
325
433
434
488
595
336
448
385
192
463
199
265
331
331
331
144
108
290
325
430
120
457
120
160
241
281
282
342
776
230
139
161
1717
585
240
701
361
260
156
301
438
501
702
803
1102
571
342
342
343
456
457
458
458
458
571
571
572
686
1030
1143
1143
145
1257
108
267
115
115
191
229
229
408
603
409
180
345
785
417
421
312
560
625
102
729
205
938
274
1042
408
273
408
136
274
274
308
308
540
324
702
144
817
108
108
145
145
1010
545
342
817
1001
342
560
180
306
114
114
181
432
301
422
157
208
433
649
522
258
259
281
120
57
253
74
144
541
570
433
343
343
541
776
701
457
571
258
401
501
239
102
102
103
136
137
171
205
308
343
376
323
138
685
31
24
342
571
343
432
31
24
241
337
121
121
161
161
161
201
541
541
865
561
570
342
217
216
258
217
312
162
162
162
162
325
689
217
541
216
625
336
324
201
120
324
540
336
241
103
136
325
649
1121
541
108
24
24
40
41
184
73
100
185
523
201
120
120
160
160
160
160
161
161
201
201
282
441
362
402
403
1388
416
631
230
431
344
401
300
449
689
690
949
336
785
631
145
1009
1010
180
378
378
504
321
442
153
24
49
57
57
114
1262
300
542
216
601
205
153
114
114
114
229
273
400
331
337
501
463
513
184
560
138
139
139
139
1002
186
231
232
232
232
232
257
277
370
372
417
418
419
509
557
606
707
432
161
938
181
160
517
324
281
253
326
520
581
689
673
348
336
369
139
139
139
139
185
231
231
231
231
231
416
138
277
344
561
462
509
258
431
160
517
336
336
337
121
121
121
870
258
161
202
242
283
283
561
561
322
431
362
363
344
697
603
372
785
564
785
501
348
348
580
448
300
345
600
258
258
701
3082
344
430
431
517
603
457
862
862
914
785
704
631
337
312
391
1459
630
631
265
337
449
198
198
198
199
199
199
673
464
595
596
796
431
345
431
431
625
391
949
1118
201
372
241
324
324
541
974
200
121
701
161
201
241
312
362
363
301
401
401
313
342
120
120
161
201
241
342
282
322
1102
448
321
463
1010
199
199
398
398
464
481
529
662
1010
897
501
162
32
24
456
162
162
345
505
561
240
240
240
240
1001
320
320
378
401
561
32
775
25
913
883
1042
120
259
121
32
41
322
258
256
516
463
321
199
401
312
312
312
313
313
313
561
500
163
417
417
521
521
521
521
521
626
379
834
561
938
1355
378
378
571
241
241
240
320
120
456
561
799
372
276
501
344
497
120
553
161
501
604
701
138
902
903
1103
321
161
555
1296
1204
49
66
313
3032
833
833
349
465
465
465
697
321
814
758
321
1046
217
1162
162
325
256
401
193
264
1009
514
561
728
193
385
385
306
562
480
456
200
920
121
241
457
259
258
258
552
344
430
456
397
603
603
369
198
342
342
463
385
161
448
120
160
706
460
160
161
461
461
674
553
560
561
400
322
320
1169
301
185
336
257
257
321
322
322
322
386
601
449
449
451
451
451
515
578
585
643
644
25
18
18
24
431
561
430
138
603
922
277
156
324
157
240
461
461
401
561
830
560
344
258
603
19
18
18
24
24
37
37
62
685
1035
342
800
517
1162
342
192
570
277
501
320
138
193
300
300
300
257
151
321
501
272
571
192
193
193
193
193
193
193
257
257
257
258
342
342
343
343
343
343
321
257
938
385
457
457
457
90
570
571
571
571
571
515
515
192
193
193
193
193
578
579
580
121
257
257
257
181
644
321
321
321
321
322
313
256
799
799
799
800
385
772
332
431
192
193
193
193
193
579
257
257
257
1029
385
258
258
497
514
344
120
578
431
431
432
643
120
604
604
1090
461
372
776
948
276
408
336
349
869
348
18
50
561
813
898
343
456
461
1142
580
786
601
276
276
368
336
349
465
581
953
698
701
409
260
156
261
953
418
869
470
471
522
373
373
373
192
621
193
193
193
259
870
385
336
578
578
579
645
1242
708
1010
561
861
630
138
504
757
508
321
757
193
193
257
321
277
138
876
3676
277
584
585
210
462
211
295
185
731
139
630
277
1499
602
631
312
138
139
139
312
308
37
521
18
25
370
43
729
410
201
120
241
137
1023
799
239
580
348
456
930
560
337
449
211
561
562
127
127
169
169
674
211
211
211
1754
786
296
689
898
422
465
401
240
241
241
702
603
410
18
19
25
31
37
56
136
802
501
601
461
277
277
277
369
192
620
401
193
240
449
450
621
621
448
731
745
337
449
561
126
516
168
877
496
431
1234
345
373
776
561
127
126
689
320
785
481
330
336
448
265
258
331
331
332
397
408
464
785
785
431
681
953
281
120
198
201
953
1362
331
397
545
320
240
240
401
401
320
757
369
231
757
625
508
313
417
521
240
240
376
753
192
541
510
496
513
307
307
511
649
372
716
496
521
464
408
416
368
336
307
307
160
409
465
277
613
137
337
362
102
553
818
1279
313
504
362
108
108
181
181
217
290
521
625
631
631
631
369
276
461
461
342
1027
342
1106
456
457
450
343
343
343
343
343
343
343
192
457
458
571
321
799
385
686
686
449
513
800
1142
914
343
1029
560
571
416
1143
312
786
580
349
1234
816
681
681
456
256
457
192
800
553
276
277
482
300
645
738
481
646
722
470
276
283
283
461
848
200
201
403
1014
1042
277
277
277
369
801
385
938
321
401
681
545
681
1090
300
681
681
400
954
1090
430
928
259
264
431
1022
261
920
156
463
410
198
265
331
493
529
1035
258
431
613
241
138
258
259
456
281
431
408
690
556
541
919
685
276
540
817
277
373
103
953
102
102
102
102
136
461
461
496
368
620
922
276
555
993
139
185
185
185
185
277
324
370
370
171
914
136
170
239
342
342
342
456
571
377
282
920
517
659
408
510
240
258
240
241
241
241
241
517
320
321
402
402
481
481
562
562
642
497
802
456
372
1207
1514
41
24
32
621
621
409
745
571
306
685
799
631
24
25
25
25
25
25
25
34
34
41
58
58
58
59
59
67
75
1262
24
24
273
412
673
138
565
139
185
323
730
370
471
555
439
325
757
1010
731
283
504
540
306
470
511
1408
336
336
337
337
561
571
98
41
1010
456
673
201
120
201
241
241
282
403
561
443
483
102
372
456
102
102
171
205
373
603
497
621
420
870
799
253
253
253
253
253
337
337
338
421
421
422
506
506
506
590
681
759
1034
408
408
376
283
283
283
283
377
377
471
472
848
850
448
1037
1122
49
57
336
336
181
377
217
239
785
102
102
565
757
659
120
120
321
471
757
865
561
1122
151
301
90
120
240
240
241
620
511
421
621
306
306
373
373
373
408
497
622
622
471
496
336
745
57
41
744
282
121
377
336
120
471
1242
847
241
282
277
625
181
281
120
121
282
211
272
729
922
922
32
82
731
276
731
731
501
432
300
325
645
306
1002
409
323
511
614
571
271
818
151
508
283
342
342
343
180
108
685
376
372
799
799
800
362
361
621
1142
373
180
180
180
240
240
372
481
184
246
231
181
329
108
109
144
411
561
32
57
561
448
492
560
1010
799
313
500
342
306
456
416
416
571
156
336
913
511
802
902
1142
253
253
365
337
337
421
505
396
199
331
397
729
796
145
312
108
253
902
336
435
401
336
336
337
337
1042
500
561
561
401
126
126
1202
1234
1354
313
241
521
331
180
833
361
421
312
625
729
729
1485
253
136
181
799
103
103
137
137
171
501
470
342
156
156
300
313
313
417
470
521
408
801
501
511
264
613
397
337
1002
540
336
1136
564
785
757
378
331
283
631
198
658
247
247
328
329
329
329
329
329
329
329
848
411
411
411
411
277
1070
276
1356
416
261
331
261
264
541
432
416
421
457
171
323
102
102
102
103
103
136
137
137
137
137
171
171
171
172
206
240
274
307
309
342
342
342
842
1460
433
541
313
313
313
313
313
729
417
417
418
324
522
626
240
729
730
730
731
417
834
834
835
521
757
939
241
1355
337
252
323
420
138
376
323
253
181
471
553
461
138
180
139
264
180
240
199
306
103
136
170
501
716
799
230
138
343
541
1002
240
902
324
238
500
480
321
834
625
847
120
120
282
282
201
120
160
120
241
361
201
321
446
137
239
612
307
409
409
920
121
241
785
561
336
241
321
321
321
321
401
401
401
482
562
276
276
281
369
120
461
830
913
511
431
198
408
198
344
345
431
1028
497
662
571
645
171
102
341
368
1027
799
869
571
621
1490
1029
372
1372
497
869
869
522
331
156
331
463
662
300
276
433
300
501
324
301
553
571
571
571
799
471
137
685
102
239
368
460
565
277
461
461
120
120
1027
200
565
121
121
121
202
241
283
596
322
323
283
362
363
471
1461
596
630
585
373
580
379
379
379
379
505
349
372
372
372
496
231
745
138
184
230
993
993
1117
456
416
1615
343
312
313
571
457
342
127
162
126
126
210
325
496
651
1389
497
211
127
201
160
161
296
200
201
338
757
281
161
120
121
121
161
161
200
201
496
937
571
584
342
342
417
571
448
120
993
121
161
201
456
120
1028
121
121
121
121
121
121
121
121
121
122
122
122
161
161
161
162
162
162
162
561
201
201
202
202
202
202
202
203
203
684
242
243
321
282
323
324
799
403
1316
527
449
438
160
433
162
201
202
242
282
282
282
403
379
584
192
877
193
321
321
450
450
264
198
379
163
217
863
369
596
276
276
701
397
625
565
300
737
400
866
376
376
801
833
649
578
256
561
281
201
336
448
336
673
448
561
561
786
897
1122
264
794
198
331
331
323
321
185
192
257
321
321
385
514
706
342
343
603
258
258
431
801
517
689
301
264
160
120
231
685
138
231
231
728
277
555
376
151
90
282
282
1027
417
416
416
521
199
198
343
139
501
138
184
456
300
757
461
281
500
120
138
600
324
324
231
830
276
276
276
192
737
321
205
102
102
323
345
369
139
231
276
460
460
689
737
1106
50
18
24
24
37
49
49
76
432
41
33
33
41
41
57
1733
18
24
30
231
138
1009
277
138
757
139
185
757
379
379
379
505
505
505
631
103
757
341
431
185
258
138
184
430
256
192
776
400
861
902
256
321
385
621
271
271
241
162
90
90
91
91
91
91
120
121
121
121
121
121
121
121
121
151
151
181
211
212
379
994
368
1118
331
276
277
277
277
277
277
277
370
198
462
554
554
555
646
264
738
831
833
834
199
1016
1108
1112
282
2139
471
336
973
457
162
162
342
342
342
342
342
342
456
456
457
541
541
571
685
685
799
800
585
1371
463
1486
584
198
397
757
1024
138
1608
993
1755
884
231
198
231
231
869
596
449
521
561
312
312
785
103
324
170
625
631
396
199
378
397
758
597
597
728
757
265
198
330
630
231
184
378
1298
902
324
701
434
216
1023
501
438
439
585
585
300
400
345
600
379
256
193
193
1755
948
449
377
239
621
308
376
488
1262
162
162
497
497
621
57
25
25
25
216
34
34
42
42
51
58
58
60
60
67
67
68
77
83
84
271
345
138
139
278
517
324
416
584
542
421
217
216
1608
1242
372
994
277
620
544
462
409
301
400
270
163
163
163
163
217
218
272
272
272
326
379
380
488
489
170
273
570
120
201
565
1719
282
376
848
321
240
561
449
578
49
32
57
65
659
312
312
377
416
323
231
463
508
300
501
521
312
673
103
102
102
102
136
205
449
320
1362
1354
1122
408
408
481
545
681
953
954
372
1225
400
171
373
301
1636
1637
171
994
1256
261
613
156
156
156
209
261
313
722
306
685
511
321
481
431
580
516
348
320
385
68
18
231
231
277
578
408
321
306
513
185
264
138
138
184
184
1046
231
231
199
199
199
482
265
265
323
323
332
332
200
378
349
530
729
796
514
504
345
192
253
410
401
344
295
246
247
247
329
320
1262
834
493
575
658
561
336
560
673
620
18
19
50
501
497
300
673
43
30
901
336
336
265
198
529
728
265
198
43
19
19
25
43
56
63
75
649
324
757
120
90
91
91
121
151
212
272
44
18
30
625
3292
312
312
313
313
417
378
379
521
505
730
938
649
32
24
25
49
1251
645
324
461
198
830
198
376
345
660
336
258
1319
673
897
331
198
198
500
301
401
401
702
702
802
120
993
281
373
373
373
373
497
497
497
400
201
378
201
300
120
120
401
120
701
630
869
1262
431
621
571
344
342
342
342
471
295
126
378
913
338
471
378
592
504
504
505
673
631
1036
757
757
883
336
43
31
397
264
1389
331
322
241
442
504
883
449
463
199
336
265
448
560
560
561
561
795
745
372
1366
520
401
786
320
729
43
301
18
560
560
561
301
300
400
897
300
1316
264
331
438
271
217
217
37
37
701
380
381
434
544
301
301
301
301
401
709
760
501
501
701
702
702
702
1002
461
520
90
121
151
182
212
313
542
830
487
150
91
31
19
31
325
449
321
162
321
217
1122
216
18
24
25
77
541
457
253
126
169
169
150
211
295
259
18
31
182
393
150
799
121
271
162
281
217
120
241
324
198
151
198
241
271
325
449
257
630
401
757
901
11258
181
91
121
151
181
212
334
1169
1643
460
331
449
277
277
378
378
331
320
504
504
883
1135
231
139
185
185
231
231
365
365
365
757
368
464
276
631
1136
814
560
621
336
1747
993
324
325
433
433
433
415
649
139
139
139
139
139
185
870
278
361
324
416
180
1083
372
120
1300
211
257
385
1023
438
1010
378
505
505
49
25
883
883
121
1262
120
192
256
449
336
270
877
163
438
438
597
336
757
337
1148
449
561
160
674
161
504
41
49
49
631
542
136
103
103
137
171
172
172
205
205
239
993
745
771
241
301
642
630
1388
171
102
137
137
137
137
205
308
323
444
138
184
156
501
313
300
501
601
137
102
102
170
205
277
239
300
307
138
902
649
271
270
379
372
973
408
373
307
418
511
511
613
156
209
209
261
261
365
920
920
40
57
321
161
120
193
201
645
369
461
320
330
631
385
331
601
631
300
401
18
24
542
180
300
385
603
257
137
844
701
102
514
642
300
705
400
271
701
500
32
57
57
1103
504
379
379
379
505
505
505
631
758
794
1136
265
398
464
401
530
581
663
300
349
553
697
330
199
1009
265
265
1107
464
379
379
1002
631
632
300
757
758
1902
884
884
601
1142
1264
439
1390
457
457
457
571
685
1899
1023
800
401
300
300
502
702
702
902
120
378
281
348
378
378
379
631
884
1010
1046
799
439
342
438
397
929
322
198
729
200
645
348
463
313
313
313
313
313
368
417
417
460
570
522
522
626
645
730
730
343
829
1014
1043
1044
438
439
1024
209
1756
733
396
19
24
36
230
265
265
138
530
438
438
585
585
649
468
1023
235
1317
448
1608
757
342
308
561
561
1178
192
745
192
300
620
324
170
368
601
702
541
412
277
277
277
461
461
646
373
922
372
300
198
217
198
500
397
216
270
325
1023
601
401
731
883
160
1463
402
631
757
396
121
729
400
120
120
120
120
121
121
121
121
160
160
161
161
201
241
241
321
402
403
401
525
501
108
145
145
349
217
217
325
348
31
24
217
108
376
144
217
596
283
330
1043
240
241
241
321
321
321
401
401
481
482
562
563
642
642
722
126
964
127
260
157
157
209
462
313
313
366
673
184
184
379
449
542
31
56
1010
208
156
313
418
418
627
209
156
209
138
139
365
156
621
120
240
281
240
240
241
744
321
321
401
401
541
163
271
379
596
501
300
342
422
342
343
343
343
343
127
127
457
458
169
211
571
571
572
572
572
685
686
800
915
1029
1142
1143
1371
621
497
401
470
136
300
137
205
377
801
601
390
400
400
469
470
282
449
283
500
470
336
300
501
1002
897
449
312
235
235
391
469
782
2242
372
372
372
372
373
613
330
621
621
621
621
745
198
306
870
331
994
613
1118
561
1242
336
448
1616
659
240
974
321
471
401
324
300
738
301
276
276
313
1123
553
553
234
201
120
137
102
613
282
283
377
511
715
276
276
276
276
170
103
103
103
461
553
309
377
201
18
19
19
25
25
25
31
76
201
402
321
813
192
348
348
471
138
377
138
185
231
504
277
324
416
697
631
372
372
372
372
496
621
408
307
448
337
337
337
818
470
283
283
283
336
377
377
377
378
378
471
471
471
566
661
336
755
944
336
336
785
449
562
1321
281
160
785
786
200
241
241
1123
1348
281
281
942
448
400
521
336
300
848
313
942
673
785
625
301
1010
730
199
834
902
306
300
300
1103
400
306
307
600
529
1357
701
511
613
613
198
301
456
180
728
156
342
313
1506
301
301
301
302
302
401
401
401
402
502
502
502
502
502
502
469
703
234
802
802
904
1204
185
138
184
462
581
813
929
571
342
571
376
685
19
18
184
31
913
471
416
1372
1202
296
391
295
501
571
939
342
571
799
336
469
337
449
561
561
391
786
631
701
378
504
630
757
757
757
336
813
500
701
337
337
337
337
337
307
449
1389
401
561
562
673
674
674
580
306
306
786
787
408
898
898
510
1010
902
1123
659
1021
160
161
120
120
1228
282
282
282
571
377
483
659
456
685
205
136
240
273
161
300
301
301
301
301
400
401
401
501
501
502
702
802
1102
541
697
231
540
185
231
231
465
510
1122
336
336
409
409
449
511
511
511
614
201
645
300
501
701
264
199
301
331
282
530
401
282
756
501
883
415
185
565
283
620
456
1226
336
621
336
799
139
409
994
138
300
336
241
301
120
555
160
1235
757
496
379
379
379
379
379
505
505
631
471
757
745
240
869
1136
659
421
1010
786
160
161
378
504
33
24
673
1009
121
201
241
282
282
402
41
32
32
41
65
745
1406
372
325
496
497
745
758
168
571
508
138
471
138
282
470
471
565
448
1484
336
336
337
449
449
561
898
1347
301
57
139
300
41
449
276
785
82
24
897
241
120
120
120
120
120
121
121
121
121
121
121
122
160
161
161
161
161
161
162
162
201
202
202
202
203
203
241
241
242
242
242
281
282
283
600
322
404
523
301
785
321
192
448
1459
198
336
337
198
199
199
561
330
397
463
529
470
342
343
457
660
336
300
336
300
701
685
342
201
201
336
336
192
324
449
139
192
192
192
1371
138
385
277
277
323
514
432
415
1461
170
137
171
497
323
993
138
139
505
277
378
685
372
457
659
1135
1136
497
32
25
1028
753
160
160
273
308
372
508
231
323
621
564
283
283
471
565
565
282
377
496
372
1130
377
577
193
193
193
193
257
578
570
343
663
630
281
198
198
198
121
121
121
201
914
330
242
379
321
529
757
372
449
257
372
869
256
373
373
497
385
870
565
282
282
282
282
659
321
192
256
496
497
745
57
40
49
121
120
241
184
402
139
483
484
277
481
1044
324
192
323
847
193
193
193
193
193
193
193
194
194
194
194
259
259
321
322
323
323
324
324
325
387
388
388
388
388
449
450
451
452
453
283
516
377
579
580
581
471
707
772
775
1459
337
673
337
449
449
561
561
786
1123
401
448
282
721
282
282
673
321
192
449
348
1396
547
235
449
626
672
672
192
192
139
416
721
336
320
336
265
580
463
349
529
170
137
1046
1047
1163
1769
325
312
397
234
261
324
313
799
198
391
391
391
391
156
209
331
994
756
626
342
418
704
456
372
372
372
372
571
939
496
497
621
1190
342
571
745
372
102
103
1408
198
198
697
541
342
757
348
342
897
457
457
571
571
685
561
265
160
330
120
121
161
161
281
281
862
415
325
231
325
181
462
181
331
449
198
199
199
199
199
199
264
265
102
463
325
448
205
325
1794
565
265
199
199
289
217
181
464
162
729
927
256
192
256
256
257
449
745
753
283
784
496
565
136
103
240
275
308
309
283
281
470
241
337
336
336
108
448
561
181
897
898
497
620
377
162
1010
162
282
282
323
376
271
470
471
168
231
231
488
277
127
416
560
557
869
396
199
199
621
398
398
433
162
170
797
103
103
325
137
137
274
308
337
126
336
211
295
241
120
160
432
745
541
649
757
482
240
869
561
377
561
282
282
322
1023
120
160
584
578
385
1315
241
241
200
240
337
448
241
560
561
673
785
322
600
601
757
433
433
433
649
160
1300
121
161
241
48
25
281
200
276
139
161
216
277
160
271
488
162
379
540
433
201
160
325
324
786
336
336
973
1082
325
542
217
162
162
163
163
163
163
163
163
163
282
216
216
217
218
219
271
271
271
271
272
273
325
326
326
327
327
327
327
120
120
786
161
379
380
381
382
382
434
489
490
362
598
598
974
324
672
271
271
542
200
241
120
120
120
241
200
201
241
241
241
281
403
457
342
342
570
336
799
799
336
673
337
337
337
337
337
337
337
337
649
449
450
450
561
561
561
674
324
787
787
200
649
322
1123
1123
324
1347
540
448
337
449
449
571
561
674
786
621
180
877
180
570
372
439
757
324
324
324
216
1316
139
325
325
434
865
230
385
192
192
385
449
336
1346
2402
561
65
504
74
239
281
103
137
257
120
241
192
321
505
505
1136
641
1262
321
240
32
57
192
192
192
193
193
193
578
620
642
231
324
185
185
231
231
277
325
325
373
433
462
497
541
541
541
621
866
994
974
25
24
32
33
40
41
49
74
443
322
362
403
40
41
482
185
138
277
415
561
448
102
102
102
171
205
211
308
126
1102
300
300
32
401
33
571
571
168
127
127
127
127
127
127
169
169
211
212
254
254
254
401
380
378
240
198
505
361
199
264
265
265
265
331
332
397
398
398
884
463
463
160
596
121
121
481
161
241
242
282
282
797
362
264
300
199
372
300
401
281
121
373
571
342
258
457
344
344
431
913
370
138
184
415
756
448
1262
785
401
571
300
400
400
400
401
501
342
600
601
456
570
801
902
464
348
416
313
313
501
417
417
417
231
560
521
521
138
138
138
138
185
230
729
277
277
323
337
835
835
938
378
1101
1010
1510
349
697
603
1251
448
258
344
430
625
689
673
775
938
276
368
520
313
313
313
521
521
834
192
449
342
1142
1102
301
230
416
185
184
184
431
561
431
561
673
785
785
1010
1121
49
40
65
898
336
448
449
561
276
312
277
1009
417
461
521
553
449
336
336
449
449
416
561
561
938
216
217
1041
313
417
521
625
729
103
102
799
277
737
914
417
369
313
139
417
417
231
521
521
521
324
625
300
834
300
368
277
571
554
645
570
416
313
313
417
417
834
834
834
210
938
127
438
169
169
169
253
161
181
541
121
160
201
438
439
241
180
281
281
282
322
300
609
648
1023
865
561
301
401
421
320
241
241
776
136
482
562
205
722
343
603
501
300
344
258
259
208
156
157
431
431
553
312
276
777
949
460
469
501
860
136
103
500
171
171
206
206
274
180
620
241
625
301
416
482
417
417
417
521
521
521
745
746
870
835
834
939
246
1042
1118
1148
246
1252
281
138
321
138
184
312
649
312
521
312
1082
247
833
121
657
120
120
321
1044
862
400
258
185
138
415
345
258
258
259
345
430
431
603
603
689
689
690
776
645
276
247
456
738
246
246
246
328
325
411
411
493
235
240
571
324
336
685
234
823
240
985
988
336
481
160
121
561
208
295
169
211
261
431
1251
416
416
430
169
126
320
401
127
126
571
336
342
336
336
449
312
321
246
235
320
400
469
1069
439
876
1042
521
313
625
397
431
198
198
264
463
463
603
731
585
877
456
343
258
337
2407
431
461
461
785
553
553
802
830
114
201
153
300
241
659
547
722
282
234
235
235
312
313
391
391
240
547
548
625
560
416
541
337
337
162
449
562
562
803
786
596
1010
1010
1011
938
235
721
390
785
1348
258
431
603
690
231
277
229
419
1912
501
114
191
344
692
153
191
191
306
459
571
342
342
342
343
343
343
456
456
457
571
571
685
685
914
914
1142
152
153
153
344
500
329
330
501
198
702
575
530
1002
377
136
461
276
500
701
247
821
914
253
168
689
1370
603
494
630
410
657
379
379
505
505
884
198
265
331
530
701
601
300
400
300
301
301
501
701
701
799
231
342
342
343
184
456
456
456
457
571
571
685
493
411
258
258
883
883
701
301
301
401
501
501
457
127
246
168
168
571
571
571
1203
575
799
264
1028
199
265
265
265
331
464
464
530
596
663
330
32
673
49
265
265
1646
560
799
258
259
259
259
345
571
431
431
431
431
391
689
571
456
313
391
547
782
430
697
561
191
114
114
348
349
349
349
336
690
464
464
465
448
581
697
1163
1278
1280
456
342
1019
547
344
517
603
106
33
33
49
57
57
109
211
211
464
258
264
258
1041
312
596
729
553
276
276
521
625
729
833
337
211
295
301
90
121
302
601
521
433
324
416
833
190
115
115
115
115
153
153
191
192
192
230
268
344
729
345
115
152
625
603
499
41
33
33
41
57
65
833
162
313
380
258
300
210
603
231
126
168
400
230
1563
276
461
737
277
369
41
32
32
49
898
270
449
163
1010
139
300
138
336
301
369
343
336
336
336
276
368
32
342
102
24
460
561
561
673
785
785
377
1256
170
162
103
274
25
18
18
18
18
18
18
19
25
31
32
37
38
38
44
49
50
56
56
325
345
430
313
337
139
312
138
521
521
277
595
729
730
199
199
265
672
938
456
1042
571
553
230
139
185
231
232
276
323
324
296
737
126
337
500
685
337
401
24
336
37
74
802
684
368
276
369
461
461
461
553
409
1754
463
19
31
31
37
37
715
231
974
731
728
877
276
757
1901
102
171
343
757
325
433
343
342
342
342
571
571
1485
1001
301
301
401
401
408
701
306
306
409
920
673
449
570
461
276
553
553
1256
540
325
464
348
18
19
25
25
31
76
336
277
216
276
276
276
181
162
561
302
645
786
786
737
58
49
150
121
151
152
181
182
273
302
333
561
336
560
461
1121
1234
36
31
613
501
408
400
401
401
511
1014
501
601
715
702
160
802
121
31
18
56
1303
259
1406
258
300
306
501
139
241
397
138
184
184
184
198
240
920
930
401
554
348
348
1331
813
929
560
231
138
449
561
673
368
785
646
1459
336
701
160
362
501
673
1103
814
696
449
448
785
785
560
561
336
673
1347
24
24
24
24
33
41
82
448
337
561
336
138
138
785
370
462
1122
138
337
337
323
342
465
331
198
330
463
914
929
865
1487
1513
541
127
649
126
126
295
324
422
549
138
139
185
185
120
277
90
330
331
397
464
663
126
127
861
136
138
596
151
90
90
139
139
140
121
185
185
186
186
186
181
232
232
232
211
324
324
412
371
394
557
323
277
324
325
325
150
91
974
1300
200
121
198
161
161
162
201
242
242
282
282
282
198
484
649
343
120
200
336
974
402
684
561
1142
136
136
785
336
336
336
336
448
409
785
511
785
715
161
1347
321
1510
560
581
272
90
432
433
511
612
160
211
161
90
121
151
211
271
272
281
120
409
448
408
337
181
90
150
211
301
332
323
369
799
120
120
201
201
322
685
168
126
137
273
331
331
137
307
400
400
1002
401
168
171
300
102
127
400
400
400
501
501
273
600
1001
866
432
541
541
866
974
1082
211
90
120
121
395
210
126
127
448
380
336
449
561
799
231
138
342
456
342
156
156
261
313
417
785
570
336
571
457
785
799
570
349
348
348
348
581
698
813
1046
1162
1163
185
231
416
121
90
184
138
139
139
185
231
231
231
231
277
757
323
464
349
264
698
199
265
814
1082
120
365
241
209
365
157
208
366
231
470
138
574
628
794
369
198
530
449
241
91
1346
121
520
325
162
162
313
417
300
120
571
1203
121
571
231
138
138
138
138
138
138
138
184
231
312
369
380
555
557
162
391
469
487
301
433
701
324
324
324
432
430
417
157
540
418
156
604
408
690
777
313
433
1036
510
217
216
337
24
82
672
330
462
199
348
231
397
151
90
1746
517
775
348
168
323
127
253
230
139
461
1162
589
277
253
253
253
253
253
253
254
254
254
254
254
254
254
254
255
255
255
138
337
338
338
338
339
339
339
339
340
340
421
422
422
422
423
423
424
424
424
424
277
505
506
506
369
590
591
591
591
593
594
370
674
676
677
760
761
762
762
138
843
844
231
929
931
581
1010
415
508
348
348
464
57
2255
33
2423
2760
2844
1021
184
205
370
231
239
323
331
331
348
260
209
348
470
581
348
432
560
813
541
449
449
449
561
561
1010
126
127
127
127
169
211
685
380
211
342
342
342
343
126
126
457
571
571
295
685
799
914
1028
813
522
348
208
208
185
138
230
230
397
198
253
547
464
235
547
470
376
377
377
659
660
184
139
277
370
1395
349
581
697
48
814
33
41
41
41
74
1396
833
312
313
313
417
417
521
729
938
348
421
1252
168
181
181
181
127
348
349
301
302
302
465
422
338
581
543
603
604
813
400
966
1162
401
914
324
685
324
324
914
320
321
465
348
369
276
758
264
199
757
456
342
457
409
571
685
685
306
307
408
409
512
512
613
613
613
613
717
717
920
920
1023
1228
463
198
264
264
463
529
500
300
401
601
601
702
902
626
234
1095
301
300
300
300
300
400
401
501
501
324
701
432
391
313
431
391
321
259
259
861
320
1019
282
379
217
471
1291
461
185
138
271
162
162
216
216
520
313
324
758
730
439
585
585
585
731
731
731
877
878
461
276
331
198
584
210
295
585
585
731
731
877
877
1023
500
301
301
301
401
702
553
276
461
603
342
517
342
500
585
501
431
345
431
1023
689
276
1023
1387
416
1170
625
1042
230
139
139
139
139
139
185
231
231
232
232
232
277
464
555
1023
438
584
584
731
877
169
126
126
126
126
127
169
169
169
211
253
295
295
295
296
296
338
338
415
423
548
277
90
395
169
126
211
253
376
337
259
283
516
185
231
369
416
198
662
540
541
126
127
169
114
114
191
267
343
420
461
276
276
276
277
277
277
369
369
151
645
90
830
191
114
210
169
211
90
151
500
601
253
127
169
313
464
337
578
252
192
192
421
321
505
674
1041
758
1095
211
126
126
169
337
306
342
190
343
343
343
457
457
457
457
1373
369
501
922
801
115
24
41
343
276
799
342
1014
231
462
457
570
684
913
184
138
139
139
139
139
139
1371
277
115
581
459
348
348
348
349
349
465
581
581
581
581
696
813
814
814
1045
1512
229
114
114
974
448
324
324
697
24
32
41
58
66
541
464
277
400
449
561
865
321
343
785
1190
561
813
571
456
1602
1370
529
401
198
300
265
331
331
463
463
464
581
301
301
301
348
348
722
253
252
252
336
336
1045
384
504
505
460
1162
758
277
501
461
514
1010
646
400
336
234
560
391
571
541
271
913
264
199
199
265
265
265
331
397
463
662
301
300
301
400
401
500
501
501
501
501
501
1407
431
901
541
649
431
974
211
126
126
324
501
211
300
300
300
701
801
338
211
271
184
138
139
185
271
231
331
265
270
163
163
271
272
325
326
501
488
540
300
400
325
1346
258
449
431
603
330
331
460
1095
276
369
253
253
581
645
32
66
923
32
24
24
1045
337
540
126
126
168
295
337
325
541
324
408
168
348
168
169
408
253
295
381
422
423
508
465
1406
312
235
313
433
391
448
782
783
541
337
337
337
337
338
449
449
449
561
562
562
562
674
674
675
900
757
1011
1011
1236
757
1347
421
276
448
541
231
560
648
325
325
325
348
649
349
1300
785
321
257
321
561
589
674
336
337
785
301
600
701
561
420
253
1010
337
540
400
589
325
325
325
301
401
463
601
866
199
331
1002
1205
696
349
150
91
91
121
151
320
242
272
1717
303
401
342
368
276
234
391
277
276
126
211
547
181
373
108
144
144
181
235
361
264
436
372
372
496
199
621
685
1118
796
181
108
144
1141
1023
306
306
306
306
306
306
306
306
408
408
408
408
409
510
511
511
613
1124
1124
1081
324
120
121
201
541
324
210
325
127
127
127
127
127
169
169
170
211
212
212
253
254
254
296
297
297
381
465
466
461
276
368
1009
1626
320
561
631
192
504
504
276
578
757
1348
922
257
185
577
230
1299
324
324
570
504
571
505
840
156
156
156
156
157
157
157
157
208
209
209
209
261
261
262
313
313
313
365
418
914
342
1142
601
231
336
449
156
261
580
349
465
465
465
466
581
582
582
582
697
698
814
814
1046
1047
1278
231
231
369
200
121
121
121
121
121
121
1046
161
161
161
161
282
282
348
584
581
348
464
580
731
1010
448
448
673
400
321
321
481
1348
369
139
139
139
139
139
231
231
462
138
185
200
161
448
571
554
561
138
343
246
411
25
18
281
776
906
988
241
258
258
344
344
402
560
449
449
32
25
1010
241
240
264
65
25
42
42
42
49
57
60
65
66
66
74
77
84
85
100
120
198
198
199
199
331
331
332
397
398
246
728
731
181
863
246
91
411
272
501
400
400
1203
336
337
449
32
82
84
99
785
401
300
1234
500
481
331
330
400
121
120
160
160
200
369
645
336
337
276
277
201
120
201
201
217
162
56
62
541
541
649
488
974
216
216
276
276
368
379
488
865
256
193
324
460
541
865
578
324
241
240
1199
271
162
216
402
120
120
120
160
200
201
256
193
162
257
322
385
163
342
450
451
707
342
241
571
121
313
313
365
513
192
192
257
162
2620
162
180
216
461
8639
922
483
1234
160
200
120
120
649
261
361
433
627
542
697
581
431
1125
258
400
400
480
962
56
18
456
240
571
240
325
369
162
162
216
561
271
276
276
325
487
488
737
500
276
501
276
276
241
368
368
368
461
240
240
37
18
19
19
19
19
24
25
25
25
25
25
31
31
31
31
37
38
38
44
49
50
730
368
240
281
276
836
256
300
501
500
301
301
401
731
258
463
259
438
199
877
276
300
645
400
1203
300
300
261
400
501
601
261
560
1003
561
641
240
257
1124
577
882
799
343
115
229
883
343
185
138
246
323
246
438
877
40
24
344
603
603
862
480
561
904
181
181
181
181
181
301
361
421
722
570
325
270
571
181
1023
180
180
180
300
301
360
541
585
570
343
457
369
276
369
553
151
151
272
449
336
517
561
41
121
431
100
897
90
694
114
126
127
169
434
162
325
156
380
156
156
369
139
185
574
324
417
556
400
1102
184
462
802
722
385
193
229
267
449
336
336
337
448
561
673
673
785
898
1908
385
41
41
385
385
514
643
901
90
91
91
151
331
272
198
393
331
662
168
211
343
312
153
382
185
138
230
833
463
730
662
438
369
578
401
276
277
277
192
192
461
553
400
737
771
923
1015
865
649
276
139
185
278
324
371
416
757
433
185
369
507
168
295
126
191
114
114
114
114
114
152
190
191
267
382
185
192
185
231
323
415
431
449
517
198
397
930
348
348
348
464
465
581
697
697
697
813
813
228
115
521
465
520
580
330
199
331
331
463
794
152
114
152
295
126
211
295
211
295
507
397
330
501
365
500
522
331
553
463
276
336
672
337
337
337
337
337
561
673
786
898
1348
336
336
336
336
336
673
897
257
385
513
731
731
1462
561
336
336
336
448
448
521
416
192
256
329
585
246
584
584
730
56
41
191
114
191
191
306
265
330
463
267
152
411
328
575
401
300
300
501
701
801
575
328
246
493
576
210
400
127
401
601
930
348
517
529
775
331
201
120
160
201
898
560
198
897
199
199
199
265
331
1385
258
344
345
345
517
349
603
776
948
246
1045
625
575
729
448
229
337
337
337
581
114
449
561
562
344
673
348
898
521
1122
1348
1046
520
345
258
603
431
775
776
198
264
348
330
465
581
581
697
929
349
680
1162
18
19
31
408
201
200
817
603
344
336
673
18
56
322
160
681
138
185
408
508
168
953
211
265
264
264
397
264
431
199
697
348
185
776
230
185
138
138
138
138
138
331
625
199
199
199
199
265
331
417
211
126
126
168
211
252
295
252
127
127
345
258
344
776
258
259
259
258
259
259
259
259
259
259
259
345
345
345
345
345
345
345
431
431
431
604
689
689
777
777
777
862
948
198
198
198
914
397
199
265
464
530
913
109
108
211
90
1743
120
464
464
464
812
929
1395
91
241
241
120
1485
449
281
342
342
571
561
685
800
161
120
120
121
160
160
161
161
200
200
201
201
201
241
281
281
401
561
336
336
561
673
456
897
899
1010
1011
1348
1460
799
345
168
344
169
422
431
258
344
139
184
432
324
325
325
325
325
433
433
433
434
560
211
649
650
650
126
126
168
168
758
866
673
1192
1299
697
520
256
560
348
312
257
257
336
521
697
625
514
463
198
198
331
561
1370
336
571
581
348
581
697
813
345
603
775
1803
184
139
786
150
181
465
799
448
343
464
457
457
685
685
785
914
1142
138
138
184
151
90
120
120
201
281
282
322
161
361
685
1028
433
324
138
231
198
331
380
126
126
561
336
561
456
342
456
31
18
37
49
603
561
345
561
43
25
331
198
198
800
417
342
312
521
521
685
729
834
344
258
259
259
259
345
431
431
431
431
432
432
517
518
518
264
463
37
24
31
691
199
776
331
332
265
331
463
531
663
663
797
544
681
681
264
818
199
199
199
199
265
331
332
1091
463
464
596
1346
1909
449
120
561
786
321
472
108
331
561
336
336
336
336
672
997
402
561
240
456
457
685
685
800
1142
193
24
37
577
561
448
456
897
343
312
18
25
241
120
200
576
410
739
43
18
24
24
43
61
438
25
18
24
731
1316
331
198
331
193
337
256
256
448
448
1716
785
342
342
448
673
785
151
91
91
91
1009
151
151
152
212
1122
272
273
302
1371
561
331
336
198
198
198
264
264
265
265
330
331
331
331
397
397
464
785
529
596
230
185
193
577
449
336
799
343
571
127
295
571
596
198
198
198
198
198
198
198
199
199
265
342
330
330
331
331
331
331
331
456
530
531
571
729
799
864
913
277
138
323
331
198
264
257
330
397
185
321
449
184
192
323
257
257
450
1010
513
772
448
785
343
697
1461
385
464
913
192
580
369
139
185
231
277
462
323
139
369
160
201
321
91
241
151
90
90
121
151
151
151
379
465
162
348
580
929
584
439
1024
19
18
18
18
18
18
24
30
43
701
400
401
401
501
786
701
702
161
448
281
1204
32
24
24
1122
18
18
19
181
150
409
108
544
108
681
290
817
434
953
1089
1089
1089
380
560
162
785
49
24
561
561
337
561
785
230
416
561
210
211
449
449
506
400
24
18
401
877
438
336
337
216
253
325
126
348
211
211
380
380
349
349
349
349
349
465
465
466
466
581
697
814
815
930
930
931
1046
1280
321
256
513
545
408
408
408
145
544
680
362
121
90
144
109
400
401
331
595
362
108
108
144
145
181
362
1090
300
300
408
601
431
258
231
138
138
185
185
230
231
277
277
601
300
300
300
300
400
401
501
802
151
120
400
300
681
408
561
448
324
757
151
90
90
91
120
211
324
362
325
433
433
161
151
120
120
90
90
211
408
545
681
181
817
121
151
1634
785
336
813
813
90
90
577
193
193
257
449
450
450
400
