Waf: Entering directory `/nethome/gsrinagesh3/ns-allinone-3.24.1/ns-3.24.1/build'
Waf: Leaving directory `/nethome/gsrinagesh3/ns-allinone-3.24.1/ns-3.24.1/build'
Build commands will be stored in build/compile_commands.json
'build' finished successfully (5.364s)
Load generated: 768851 bps
Number of response times recorded: 20316
60
44
63
64
219
284
223
127
135
140
182
227
307
287
351
305
307
325
335
527
341
346
543
547
555
371
668
397
537
714
559
620
651
556
797
560
474
536
468
666
782
715
681
581
494
454
349
354
532
418
728
567
1122
655
569
486
693
548
739
810
568
469
1007
580
693
1119
434
662
777
589
571
793
550
1002
387
510
588
748
763
525
1589
608
546
555
447
433
1211
804
810
1639
811
1053
495
1917
1025
580
651
2066
1093
625
673
579
630
651
2233
2232
681
465
551
690
900
853
488
1044
1991
2092
769
1126
886
874
2541
2064
1730
462
1958
406
1905
2391
791
2020
1086
1677
2861
2831
1160
395
2436
1292
2556
622
1991
1190
503
2829
542
621
2378
1753
2456
1723
3146
816
2836
2048
2005
388
534
604
587
918
2999
2639
501
2379
477
2248
1616
597
764
2068
976
3380
3012
2103
2699
1044
1273
2610
2486
2658
547
566
801
2122
2505
3419
3431
2350
2437
666
798
3328
2111
544
3691
2852
1920
2248
2145
736
1983
2458
2296
1976
3761
3970
3605
2104
1868
2696
3372
2640
418
780
550
2747
416
3270
582
559
541
2492
678
2448
4313
786
3300
2491
2547
696
678
485
2599
3935
475
2948
3899
2082
878
681
3754
806
2689
1724
828
912
4473
2581
4004
2384
2409
4775
2445
3819
2234
5213
2662
4940
2508
4599
3975
2138
2347
586
3705
3746
535
5406
3847
985
3787
5688
3890
755
5154
2031
2546
3777
5555
2105
5324
3830
5317
4875
2221
2165
2646
3832
4716
2652
659
2745
3286
3969
3699
687
4383
2371
3381
3396
2164
2728
1100
2052
3289
3786
2843
2454
3541
3683
3336
5170
1050
533
2493
4194
656
4565
728
684
4075
2505
6500
3613
5482
5610
3696
6566
647
2610
6687
5637
663
2502
5557
3899
1713
1106
2217
5752
5708
952
2684
5527
2562
2554
6694
7189
4137
4594
787
2596
2854
3645
3757
4547
5197
5599
5760
4588
4793
2259
3773
5100
5141
2864
6682
673
6449
5109
3941
5820
4350
6079
5667
4943
5667
2712
2852
2500
7770
6651
5565
5700
7230
4361
2809
1004
3241
3864
5492
1763
5150
2759
6808
6564
2058
5940
913
3940
8142
5141
4811
7500
6584
6720
4515
5336
680
5661
7195
3724
4233
7581
2890
5117
4125
1953
5318
3800
8243
4222
4751
7776
7036
5289
2469
7828
6730
7002
5367
7396
4724
5697
5558
6717
4738
746
5515
7283
3715
785
4459
5710
2290
5472
9020
8151
6564
5766
3997
5881
1137
7659
2502
3769
5620
2667
5625
955
7067
6694
2783
6654
9314
2435
3052
5433
7147
3645
3997
2042
4748
1925
8948
4472
994
2014
4125
5801
2525
2805
8048
2929
6690
2926
7496
2466
5612
3626
3762
2915
3778
5740
7388
7261
5571
1764
3759
638
7018
7437
2757
5485
5518
4898
4231
8498
8580
5580
2305
6052
2700
7301
2141
10519
6626
3902
1789
4765
3633
9741
8923
3944
5380
2798
2689
10283
5448
4958
5665
6826
7847
8481
8363
5552
4033
6969
3594
9947
2382
3316
2664
3800
2607
3568
5776
2500
5018
2775
5788
3630
10065
7542
8688
4509
3997
8379
8156
3352
4800
2798
8551
2841
8080
11820
6885
7400
5628
5885
5763
6141
8885
5015
8348
5782
6745
8385
3271
10698
4499
5596
3898
7671
5060
8095
7241
7776
9074
5671
8784
5817
5844
6801
7461
10219
7445
9918
8645
6930
12835
8749
4200
7751
10213
5118
6974
8056
4773
4311
7590
9210
7127
5552
11993
5559
6090
11629
13042
5659
6912
8763
11613
7200
3957
8159
6512
13406
6670
10105
3874
9771
13619
7260
5577
5713
4142
6811
12482
6684
4934
5826
4876
8378
6152
5986
6031
9850
11036
6855
9743
6666
11763
12346
12095
6703
10099
6350
8837
8264
8342
4275
5670
12024
13763
3887
7025
7660
7307
7577
12440
10100
10074
11822
13177
8245
11799
5398
8883
7230
14006
9811
12804
11860
6755
12299
8184
11015
14529
10759
797
6957
3263
5112
9811
7507
5087
2232
5696
7568
14181
974
10863
6383
9853
8056
14359
10415
5951
11237
7175
11337
6861
8509
10830
8718
8285
10099
13575
14703
11027
5866
3250
5726
9792
8882
2097
6702
7020
9671
7607
5462
7697
6764
13657
10786
14479
2147
11200
943
12785
9708
6903
12908
8185
13257
10899
14915
8665
8810
10099
8615
14723
8334
12518
6911
9758
2406
10829
11293
7288
12182
6554
7308
15418
10148
11259
11630
2970
7003
11183
14461
10045
10291
7592
15624
7870
12174
11812
5703
14087
12036
11095
4290
15773
17109
11055
2182
11761
14472
5648
12790
8473
2841
7342
9890
4834
13996
13312
14964
11179
11497
9697
11545
10108
8252
9357
9845
4166
9058
15576
13204
7920
14215
5400
16456
7726
12943
9900
10326
9611
16444
9325
2669
10530
10081
14324
12887
17560
12548
12240
9351
12076
10831
12615
11529
10730
14803
16079
12159
18528
10713
5683
4380
5733
15548
5784
5787
15045
15466
16117
5293
11884
14811
6220
11265
9725
14792
13650
13445
13304
11674
5971
12099
13170
10379
2207
4150
14513
13208
5829
18956
9849
14448
15436
6859
14156
16842
9938
3914
14962
7712
14857
14111
10723
17441
9889
11952
11633
8949
12589
18765
11992
13767
12860
14004
12294
13072
10227
12627
5775
11794
10035
11857
5958
14592
5897
4949
12027
7259
10852
14942
10941
7034
14822
12922
19819
13686
18782
14208
2816
9913
13235
14689
11669
5756
3479
15090
15054
5985
11455
15752
16129
9319
12480
11412
12906
13385
12774
14859
14966
2143
15496
13777
4137
15685
12683
17440
7157
20413
20035
13733
11741
13685
7403
20389
8520
16244
994
15634
9849
11927
18079
7232
19630
8004
4951
12959
17850
14448
14020
5894
14862
13496
12743
7619
13887
11837
5652
11939
12579
1308
19251
17681
2901
20492
6276
9004
7318
5518
8961
17867
16725
18044
14243
12124
9324
14494
7860
17217
4298
7029
13001
5787
13527
5691
15237
5702
8134
7216
16439
7331
4005
12848
17644
14799
8549
16298
14678
15430
19810
10540
13940
7694
8351
14246
15280
7764
15363
16959
2858
15487
11452
2995
6673
11762
6267
7032
19502
7700
2982
2995
17366
6911
14554
8111
9832
15407
6914
15235
8847
19044
7025
19724
15792
13310
20204
18042
16155
8308
16372
8316
18157
14113
6233
8215
5968
21905
18261
17690
15247
19352
17185
15576
12651
8390
15556
1096
14061
20298
14128
13979
20985
17794
13050
6900
4391
16275
13899
13734
22197
18374
16317
17584
21170
13989
16282
7806
14947
11086
17645
16370
7131
9012
3242
19723
3064
5741
20649
16166
20156
18692
14792
6028
16222
24278
7776
8982
16993
16871
23036
15165
23726
8237
17588
11976
4785
3005
14317
16553
23602
17858
6684
15460
18666
14696
15166
12201
17836
16435
15096
9887
11954
18800
15767
6920
2938
2959
11986
5972
6861
17785
20522
14237
18152
10374
6138
6245
6729
12655
5931
6736
2712
20951
4927
15693
16813
21661
6409
19752
9203
14027
7024
902
5696
11441
16501
18050
19155
16423
20632
21849
5626
15795
2725
19036
17814
16803
16527
19227
19727
8729
11632
16565
11770
14947
17011
2761
11119
17811
23045
23850
11028
20559
19509
4314
21059
16526
11495
16364
17043
23962
15765
17224
19053
4037
23957
19822
22828
23007
3190
19534
15759
2754
4230
12357
9517
10969
19192
20971
8096
21391
6509
23803
5266
9968
17829
23550
17075
10432
22635
9871
4813
11321
17767
14932
17567
17574
20173
3925
23841
19688
25489
17664
18309
2664
18710
12737
20756
7254
14697
9923
19245
9056
13288
5830
9106
10725
11909
21895
14125
13323
17288
24722
17779
16405
15737
18606
18007
17959
17210
24053
11718
6684
15953
12848
21887
14928
25624
17403
16873
6267
20581
25919
8254
6513
7272
7142
23564
17599
26194
6004
1203
19316
24761
14945
13404
19735
2169
24013
20992
10330
9130
5863
12903
21362
25163
23976
6619
25819
26989
20041
5563
7007
19261
26100
26884
26560
19355
24012
27376
5753
5126
5702
28311
14410
12654
4304
21293
8729
5085
23778
5346
23170
19469
12079
8842
24732
19123
21549
14954
5078
2869
2856
7540
7029
24180
9399
22441
21317
7596
21244
17720
6882
11272
12977
12631
21169
26823
24999
21250
20304
9357
29309
14926
15620
20287
26960
5572
13001
22163
27704
24698
24549
20314
22785
1256
6121
1185
17289
20195
14185
16038
16118
11784
29614
5857
13253
23810
26174
21485
7043
10227
17566
3812
6161
20702
14418
14046
6010
21735
13466
23558
18219
16501
23918
21958
21669
15159
19096
11413
7036
24098
1039
7506
18474
28455
30293
25498
2953
4720
9684
11259
17752
23791
15077
27858
24669
7478
31252
5100
29800
5656
12319
5216
1155
9937
4279
8408
9215
20806
24132
11814
5851
24961
29309
24449
8737
16147
4803
18026
818
22308
23986
3972
24247
19565
24507
25229
18000
27291
24161
16136
24304
14824
10283
17835
3843
15843
29369
23576
25786
29641
15487
25031
28568
7279
25025
19221
6107
14481
27577
24077
23778
5933
17515
26881
25124
31001
16372
27382
17849
15963
28840
26626
11442
6882
916
23625
25678
24943
18241
7196
4251
27052
25426
30505
28297
4621
24665
29398
13608
14594
23709
31974
28979
19107
30785
16762
4268
6986
33560
23858
8500
19884
20802
24615
19497
29985
27302
10026
18788
8773
32484
19410
24973
27298
30555
26087
29141
29516
33656
15462
26560
11022
2574
7197
25897
1395
12097
30896
12203
10001
25550
5955
14484
31307
25692
25033
6741
32022
31043
16628
30975
15068
25269
25139
12728
24939
5925
26932
18941
2901
25907
19071
6369
19008
7907
27623
29689
25284
27817
6264
4335
9939
5628
31600
21185
18924
30148
19777
18701
26972
10354
32247
6717
13358
27310
7579
1746
28092
24682
15887
1694
30254
18307
27759
33991
7059
26940
6171
13833
26858
15000
14709
11297
24327
34910
19821
13680
24320
28830
18609
2998
26676
12712
22141
17597
1117
11445
1145
27547
6921
7598
21589
21092
14571
26832
13215
5812
33518
27020
3137
14336
20862
30716
28547
13276
13976
30526
27266
11831
27017
18393
27766
34174
19713
31002
28003
1319
6989
9899
25890
30935
27223
15879
26930
7141
2983
30814
9242
30722
5775
13095
23970
34908
33902
36928
7206
29664
4887
20234
11511
27267
2127
30921
999
30829
14857
21565
31512
29556
28283
7802
3868
10991
8798
872
22418
8760
3178
3996
6928
32328
9638
30783
30864
31817
30924
16601
30988
29722
5684
24993
19005
17641
30586
29599
15795
2899
28375
9898
28321
17836
17842
6659
16512
22372
26926
15003
21981
32074
25468
6204
4936
10411
22323
36423
31722
25304
30815
13266
2916
32917
38373
5075
18150
3112
8597
12098
3042
23242
32597
10507
17008
4215
14734
29730
35061
3913
6673
14055
16505
8823
27137
18835
31529
24555
23743
21154
15757
33228
35227
33332
22082
29846
2788
3055
11864
32022
14856
4193
4196
29126
2712
7134
15941
31712
28209
17729
25005
2808
4339
2955
8313
2935
27030
30968
4166
4540
5685
26949
15867
17972
23610
36908
31507
11261
25542
18363
9889
32463
13121
3129
21396
26982
36309
34223
19157
31640
16939
13146
25453
15726
34642
27220
24463
26100
22671
14839
20001
11502
12974
39794
35817
26099
13670
11599
37618
19512
22117
7393
5408
3874
6983
15779
23641
19176
27114
30065
18753
5374
5653
1250
11113
35203
34872
27063
5852
3737
17610
5407
31689
33790
18580
31273
38413
5900
23629
5904
18722
37389
5930
5941
34191
19651
33763
10195
8116
40714
35965
39947
16248
6976
9143
25221
11516
3807
30722
27330
22736
9674
24194
15051
7734
17172
18498
6179
35247
34125
23725
36002
37260
40278
35115
2735
31035
9577
38941
37189
23464
33836
22054
3645
22083
8419
11258
6885
26873
14745
33058
5753
31245
18517
15650
14947
34331
36453
16468
6853
22160
17744
26445
10172
28222
913
5822
3853
37983
2825
17452
5700
6987
33872
26798
1018
31871
18842
14004
15996
965
36286
19376
1228
21356
40366
39020
3880
37098
20430
9104
32912
38515
11317
18588
8298
37025
13378
6850
8025
8173
40263
8061
14669
15959
42692
7031
40858
33913
33437
9952
2802
819
9964
24711
34560
22614
4650
35333
9881
7285
25124
15425
40179
8729
7405
17599
2973
40486
35379
8904
7373
29237
37651
5773
8622
12913
23902
9015
9030
6247
37280
7521
6737
30037
6763
7558
31107
8393
3327
27385
4699
40607
9241
27852
6108
13093
17411
6987
2924
30669
22757
19048
26099
36815
32840
36621
18059
36750
4042
39720
39147
36137
10287
13146
18801
7865
25861
9824
4023
34802
9743
9774
3721
43091
3992
7843
34360
15159
7973
30963
18876
32168
19372
4264
35555
17322
8858
38846
32083
9420
36922
43528
23823
33861
32231
42830
3760
15791
37995
10404
19943
9070
3761
26370
6803
43592
9184
12465
43093
8468
12846
7030
39091
26125
24954
9764
8618
9473
7312
40966
14697
38229
6875
31332
25266
32979
3370
2778
31920
9303
9812
21652
37328
15439
9935
9904
4660
18263
30611
46416
26726
43739
42101
44604
7728
17883
28184
11328
22943
25123
11728
9766
26670
4886
11935
6015
27918
6036
40912
30738
5754
26907
16285
944
26765
9341
2748
38249
5944
1246
3259
27954
1305
41822
41913
2747
16512
11329
24474
1027
43854
12647
44224
7535
35359
16545
13379
1083
7018
43334
39796
12513
31143
21759
14658
41294
39818
42493
2782
12301
7319
34754
7346
4940
5929
26115
4068
39538
14969
40263
11534
6899
11835
39804
16887
47203
14224
2169
47862
7403
27252
13666
17933
7240
34732
5096
36843
12536
13779
22361
27423
13320
25059
41636
6804
6021
5993
39132
20364
12661
30932
34803
13306
5800
8495
15682
49234
40061
43694
39609
20017
1065
47313
19635
12476
19040
41761
45939
26411
43498
22345
32636
5606
24971
32853
26639
7324
14932
43870
11955
27981
27738
15664
44480
41475
44308
46292
14612
44181
45667
33502
5986
26776
1692
33304
6038
7469
6077
9817
15279
6122
14004
45256
26822
9154
38746
15147
12663
36395
36362
15267
11168
9241
9270
6494
10008
12997
22024
5729
9782
18015
37298
34143
42342
25478
22494
43853
48609
2999
3426
16268
49813
16276
10054
48480
43887
21666
15003
44289
14401
31398
6291
41482
31584
16690
15375
7009
2221
28548
4086
18724
39244
28010
11099
44609
6536
33911
44492
43989
15417
11278
44669
49431
7204
11538
25830
6014
4378
45935
37075
30260
33673
25730
11787
34119
11067
44503
38411
4197
47172
30962
48616
23789
43615
32830
12042
19770
836
17059
10030
30746
15800
1045
43031
2761
20559
31105
12757
24799
14845
21846
4336
35515
43461
44034
17938
30452
17969
48808
25000
9107
22226
8976
34515
37028
6604
4051
38111
40378
5115
31044
50815
49993
8556
25116
5613
32641
49312
25065
12604
16584
27723
46003
35249
16107
1091
13796
5054
9553
15846
7711
19312
44559
40633
47788
34778
18338
13854
22996
34034
48481
47765
33981
1048
19987
8560
20148
49511
40144
8913
5788
5669
2106
46485
19045
48063
15228
6517
3073
26289
38598
9201
7346
12833
11115
14720
12947
14788
46346
47704
2560
5789
26774
26936
5771
41277
20872
32741
18017
20915
32155
39807
5870
3048
9389
45836
22945
31083
32574
41869
10966
10373
16008
3083
23841
6813
7201
9653
49203
19643
14863
11808
5902
36045
22641
31113
47036
48269
23170
50905
19483
21119
10151
36657
55230
27193
21242
54320
21798
15007
34732
48144
2648
21947
47734
6236
40077
14076
21711
22080
32557
15204
51887
37033
33379
906
4078
3679
50621
28143
8223
5019
55453
4362
27649
28929
38711
10090
50903
14965
4597
10415
29247
24826
8338
49240
29249
33241
47542
32134
21789
46614
32410
41924
25043
9838
14795
42397
47527
41491
23899
51060
5218
9115
47932
17821
3050
45271
25073
52160
11156
51588
27943
10416
1843
5545
14137
17261
10744
22225
37409
1922
8075
23819
11714
52386
21841
7262
8796
14267
21568
3834
8787
11553
29561
22646
10034
24245
11708
36039
14849
4873
50828
52299
2454
11903
50927
14732
25279
4118
32397
29416
50178
4708
8849
47874
16949
7153
26676
51463
41042
915
31929
6781
41001
43810
21042
38150
12501
20448
29494
7046
1349
19368
7100
7062
22701
25243
40063
4061
45735
46273
43597
825
58210
7310
52747
58676
16269
3442
7373
7395
46716
8572
19284
25734
20047
25040
28003
44837
10210
26743
45441
16954
57593
30227
31947
9997
5979
47354
23970
998
1008
7594
25035
9183
31183
25206
58556
2913
53799
53564
7254
19098
20083
25668
10364
46272
3103
10409
27037
19425
11016
6930
35765
50481
21627
10109
46389
25352
50979
4515
41776
33763
11380
1026
20896
21282
2964
36438
28074
30126
31225
4119
14794
47006
26668
55989
25855
36865
4417
27749
28302
59515
12626
27476
51405
55642
6904
57898
26931
806
26043
13518
31343
24982
13574
23994
49995
50421
19301
60970
5262
35350
55321
21145
5693
59365
31066
11043
10401
29166
8149
8868
5748
62010
55329
27796
59718
15224
961
966
30740
49416
39652
61665
35230
8658
18566
3995
63313
10746
6052
5019
12335
6915
27498
29850
54911
13255
6119
37587
16072
35180
23163
57043
7324
27711
31716
13115
46201
49061
14343
59419
8754
60303
64157
46306
49776
30601
2632
24432
64600
7058
16163
41594
57647
13767
8201
9733
884
10140
18950
23461
13932
17419
43317
28242
1109
5071
60779
21001
942
53812
46567
9718
16656
29397
1460
59141
30979
16076
2998
975
28794
6871
6145
18672
4097
31075
42340
9879
2833
42364
17055
2841
41967
1811
11805
2669
62666
10162
8703
51699
17821
2989
1174
5894
28764
7340
12037
1065
9769
15662
31860
58838
19628
58240
53852
52088
32123
46296
13494
57658
6729
4665
4039
18396
11018
5641
8310
64653
7017
3113
49056
14997
32700
19257
1090
66725
2728
23122
3423
46607
21228
9509
26341
64253
16658
34604
14281
56573
11377
35324
33040
60239
7875
6938
18833
31709
2405
62883
17654
15495
7651
33765
60007
9835
13417
2271
31889
34030
2764
27307
44416
10094
31606
53692
32735
68111
8308
17354
23777
21357
28967
65645
2747
66590
24452
60946
3881
3891
66532
952
5993
56456
27951
937
32438
18363
6977
56218
14116
2794
4167
15343
6292
21427
48318
62219
5067
37543
1272
25268
4064
5953
5379
69140
29014
19145
3896
8859
35440
22157
9538
7460
3186
2798
67223
21762
13367
62073
33828
11837
66914
33868
6264
36955
65878
6182
2339
10013
67491
1995
26102
29413
14977
4032
29872
10184
25479
1028
22572
23231
3028
60095
52532
7387
11899
57441
9313
1292
5940
47265
29774
10919
54057
9968
32532
6869
5740
62834
69383
14934
14786
54417
55726
34787
62581
49749
58436
61857
3221
46711
70927
48424
45817
34330
36549
22444
11784
23184
12837
7439
1023
1030
2788
9129
14910
33487
8787
7479
6586
15868
39811
17864
64667
51767
5281
1678
2938
18524
49906
15387
71900
13516
1330
4767
11264
1648
44712
44644
22528
9328
38772
71944
68610
69057
58677
9012
49186
4416
22709
37977
1331
5927
17316
6939
5771
19569
925
31784
5222
3805
4724
72060
34974
3872
10675
22483
3976
10001
9013
3728
6526
11529
65620
10850
4214
37183
1053
72479
46994
9890
66174
31073
13130
57539
5990
59836
52661
6001
70466
67145
21860
38031
67737
39286
6964
29563
781
3961
15864
65724
65229
967
7253
10140
3044
65150
55781
16314
59897
41377
20870
63202
33408
10381
5582
2541
13502
9813
26695
10789
34142
68054
764
7195
14639
57491
1968
66822
2756
58729
20146
5908
5912
2225
3236
5855
62516
4528
5919
59348
14976
67372
11747
64234
34734
9146
64018
62265
26497
60675
31266
15211
75288
65963
26406
73021
11538
62356
9875
5345
43969
2602
40661
3887
24656
6106
742
2303
35540
1365
5103
30307
7270
6479
69677
69126
28511
7010
8727
48094
17265
11348
69975
41633
68162
68117
68644
54046
5743
4414
69631
8960
2896
4412
8322
5984
5992
53884
47052
16757
19288
7724
15029
10502
70366
69818
15360
72570
13023
6953
31862
3870
7888
17886
9993
75082
13126
27808
6954
23211
55462
10290
60192
71715
12726
780
12866
15509
62705
71430
74192
994
8012
3770
9617
4264
73704
43996
6921
65059
7684
65030
1286
38352
62342
73343
9888
19731
1313
55155
57341
4287
1394
42014
74773
26833
10226
48337
43089
4495
76094
9974
5442
2895
8068
63046
14148
2590
48304
5263
5281
2720
70235
5337
8406
40451
5194
11741
18540
2851
2864
29410
45945
7270
5604
6503
7988
21597
16205
8829
11949
64430
39798
6002
23671
4222
22377
6720
10887
5543
74556
39531
3822
6181
12779
70047
75439
73200
7691
11308
6004
1034
66705
11352
14059
15271
17654
38723
7185
6972
4630
6558
80750
3006
18471
10816
65785
10911
52451
7047
16031
9892
11188
19537
50863
9861
40452
5287
4239
37570
4039
2291
4518
7396
81216
4521
75093
75386
15155
2660
15731
7264
79883
6955
26307
47425
29172
25102
80053
49899
7712
67335
8766
74094
5863
7268
17810
8868
4684
9048
18651
16829
46123
1150
18392
5966
4053
63079
20658
9827
81462
4232
77921
11356
12501
12531
47131
10622
19061
31986
12852
16320
36131
4660
7106
19374
5271
4403
48248
27979
9980
78044
11858
21370
4159
47834
11595
22575
12910
61135
14786
15152
7749
60313
26172
2890
2351
6583
80955
77575
69347
2578
48346
11751
71913
25014
67840
6856
44298
7023
73188
80421
65861
6809
11362
4035
18060
14205
6241
71246
27109
17910
48600
14706
67562
3396
20192
48657
72346
7422
51577
23556
22125
57770
4327
22170
2308
5845
46010
18645
84046
6293
79706
17727
28677
2035
10106
16246
21254
6704
9449
82902
22148
7179
9803
38545
15001
11262
949
39362
2861
23195
6903
16949
6886
58043
3937
81471
81021
24519
3991
17008
13063
40591
1307
7040
9884
25278
4212
15688
79801
11538
7448
81663
6429
19283
961
24093
4281
6919
7012
9912
9970
11621
57907
10923
80908
5867
5867
8582
74846
5842
10411
39781
64197
49373
2876
79871
1371
72372
6461
7973
71082
3207
73370
82902
65080
16189
13304
30924
8895
4964
82532
20524
11922
53402
3769
4023
12986
15367
7054
78811
5855
3906
1645
87328
3375
2376
33230
70689
663
15125
61978
16543
49171
65790
3988
9844
16593
58778
22793
3082
6254
44527
4373
4031
14162
2960
7384
73229
54269
2609
21687
15110
2994
82009
16328
22157
6790
17396
16393
22434
83323
12806
8856
73467
4492
18932
55493
51263
14606
21436
87285
5548
52425
53104
13163
2924
25009
9826
74741
85159
28193
47769
2748
6776
15258
46628
7370
9821
6479
11883
28728
67221
16117
67135
6241
61858
1090
1099
29649
7920
18862
25640
40055
3950
23915
52419
10310
18504
1428
41401
3828
27775
5508
85492
56988
953
7265
58776
28454
17936
39820
7366
4301
72214
16642
8900
7583
2575
20658
9321
22629
31055
786
5758
11436
10356
42714
11924
78813
7993
11476
4087
7653
46244
87113
42499
88451
8099
26685
851
91758
24074
90863
26228
1646
68297
3532
42784
52986
7329
7164
2752
90231
52374
66693
26837
65465
15057
24939
7062
5690
6766
29955
2984
2777
95251
3946
36411
4499
20276
15652
22345
19687
64857
40582
74626
34390
92481
4163
6898
12871
95855
12069
93278
83554
2295
19149
19372
88991
93684
2577
17016
87790
23543
11571
14577
55953
91556
52529
77993
38066
25569
7631
94568
4060
60665
2830
5780
21300
83092
34262
13710
37970
83843
40284
31191
31843
84713
72664
2722
76025
4502
11493
10865
39613
20310
27572
6335
1032
5825
12174
90829
7353
5533
81871
9338
5947
19277
3769
25121
71436
23184
14843
762
901
3851
32008
27478
93628
11117
19881
21060
41048
1212
17726
6589
14094
8154
7037
8297
38151
91332
90760
24536
10209
10050
18486
18507
4343
92101
10515
58283
55525
57597
33696
16075
12361
76137
7033
6838
76931
12887
24194
5793
59429
2702
3834
30734
32951
22145
894
897
22156
14995
68586
12927
2764
86975
93042
31566
68605
34020
6387
16873
777
3425
10521
54712
27334
4576
65268
20970
2075
14495
40909
72623
88633
55531
13941
6835
23656
2496
10932
9043
25999
27763
2790
4346
8941
4372
8093
94024
76416
94262
7558
2993
30364
4866
49716
5346
33269
80059
5001
24031
15252
11827
54402
23778
94342
11914
76906
15098
37603
17966
89052
92575
10138
2770
75150
94317
10770
6272
9282
48305
3708
3899
39150
22157
8867
13028
6852
8931
97025
74683
1321
57592
8233
13037
57121
8701
10294
66472
10617
31008
29546
30181
16780
11966
33507
31114
100224
94551
1130
28213
6131
6153
51588
13736
9876
1165
16601
85385
16521
4054
39781
94138
4266
16615
2902
5523
37904
100130
11754
7227
3106
5297
6012
1261
20306
3175
34815
17591
50889
21035
37527
7541
8594
2995
9690
96176
84539
3748
35705
8906
8710
3806
23386
2743
5994
6798
71081
6087
8843
93791
2508
4208
35062
99919
5292
66473
78347
8379
56710
4289
18204
20636
45911
7007
2916
2918
18087
2749
73253
24793
72187
2757
30983
8575
22253
98710
69171
50398
3010
6245
12527
7043
4352
81266
13641
49077
11693
49679
5088
22494
995
97025
98326
2087
813
96291
2265
10985
7288
98575
9856
47390
8213
70978
3154
71030
13939
4206
18390
100962
43821
14458
86755
37204
19551
96787
99537
16195
945
8763
43370
97115
33912
10356
14948
7675
23980
77485
75330
5873
20921
4761
101071
1231
11698
88721
14857
1320
8874
1057
7395
12882
20742
40568
25833
15907
78178
11079
11084
44237
2568
4067
2577
36827
63578
7530
6653
14075
100555
6706
92004
12491
17842
13594
98084
5476
3764
5953
9296
2108
30265
1610
52315
10256
34054
4029
11693
50148
9018
14837
89936
16478
6153
5961
5967
96956
25415
7792
102653
2914
1065
95265
38103
64575
2768
60413
6469
88074
73919
45627
23468
967
5889
20725
62427
22699
1066
17307
4104
92845
4534
22535
948
30666
98372
34799
13601
102796
20192
92117
23748
97305
2895
2655
70897
97054
14057
8223
9703
18069
44041
23869
8716
4050
815
103005
6683
17692
4273
40778
81092
5813
12427
12055
8059
102621
105976
41538
41483
850
36095
98234
2581
108777
9012
109085
5683
6086
98866
105279
24494
26159
16780
2823
90271
12974
34473
35805
85036
5961
37003
9559
52605
41376
1091
76857
95743
28324
111323
95803
8181
48697
6021
45970
6072
1222
72580
108861
16379
10356
98032
10563
37105
70862
96051
102568
12827
15972
4834
99552
20797
6933
111150
106136
9055
106480
64663
14662
49887
1356
27798
5555
7347
78460
107151
13667
97942
14954
21495
52999
11841
14185
7557
44141
11696
12916
910
914
29508
90212
111654
6015
112839
11710
4109
3041
40873
108904
50016
21513
36567
1302
12343
12877
11088
98784
2834
59339
14097
28089
17898
25187
13694
93497
19049
79725
4911
37093
80612
19297
96060
3273
66285
47355
2792
74731
10784
36097
3861
27409
20050
10090
4744
50946
4149
6584
3228
79764
2354
4699
5925
21110
10772
4054
3784
8923
3942
72199
24384
109889
9224
110297
25117
13395
80173
44510
2963
2183
47082
14077
103211
21141
17966
68295
1059
2343
16138
22000
12405
2259
5990
110249
34668
5848
5618
1043
107555
10746
2794
50203
8011
42928
108201
5982
12141
7309
35581
10520
6383
39504
12387
98079
5593
6370
6840
6458
4028
10264
45942
5824
97222
5795
7749
6248
105165
1706
98049
112443
95598
8155
6417
3080
94286
7026
13591
21850
101180
6209
112540
3100
6984
6999
18349
22055
4296
6115
4076
10049
14344
3666
7309
18166
8294
18277
14094
23984
5938
112243
14979
8606
88575
11241
55624
42436
22463
115311
104946
3193
15194
2838
7116
2859
2931
19254
14875
30409
16991
4537
4045
10880
15336
5386
19769
6788
88598
52719
831
11430
12900
18976
18867
7841
2645
9859
36368
5659
24304
121746
16542
6126
7387
30714
926
1689
77875
105113
115958
12007
13345
14830
15608
2983
17902
88114
120833
64388
10434
1058
2896
941
11416
57260
5483
1243
11219
52895
16962
26841
6800
3146
6500
2917
6019
26947
1511
5938
2889
21683
27358
69640
3830
2542
3044
12176
10038
29390
25606
3226
5032
2924
25865
23849
38969
829
5812
12790
102781
20976
10500
898
5050
1057
106521
906
18385
12395
1055
122311
921
17907
13104
1823
107778
119218
98713
6466
12753
50802
120794
8495
33781
13026
22584
10576
83151
22069
5726
23020
12911
8743
57312
1255
60045
22538
39140
13648
1375
3359
4155
40248
14903
8822
56998
3101
109891
2568
59122
61533
5958
11869
3969
2839
107837
114626
3948
9892
1019
1038
118613
1323
21003
21004
4421
25336
5675
769
98643
11293
58663
122759
35276
15250
5292
4120
123344
5402
2932
127428
10479
55880
8851
2755
70537
100610
45431
9880
2528
6011
27949
7958
7165
15087
2348
11097
91682
11941
7896
126298
11694
4860
92161
6006
47801
123981
16981
15893
58076
11584
10891
128273
28410
4275
120941
7761
8365
846
83137
17313
2567
7549
23888
69149
31612
94837
18949
7315
2879
125830
12175
2957
103444
8657
35635
119050
93901
11794
108168
8590
8624
71048
17712
2101
24853
3996
123066
7113
19932
121303
4394
19130
2304
3226
5708
973
90966
10362
10308
2780
20189
56419
7563
35990
2725
13779
2873
65373
10211
60916
2784
5761
127623
27929
19668
5645
6125
8047
7137
57338
9672
7673
24882
17576
7692
6678
13291
26522
38611
788
8601
9164
63836
129474
2730
8414
10764
87900
1576
10870
19875
8782
13827
67401
27980
67934
61630
82461
69924
10299
25706
3602
4358
23828
2559
1279
2451
1087
3640
28263
7085
24786
8855
6733
835
5094
9702
35700
2136
12408
1113
10992
3791
3649
63648
834
115180
12188
4258
21051
22293
13616
801
6358
15966
5750
3942
5823
732
10020
107422
118149
659
2634
30566
13089
5907
6989
129898
2159
11822
5310
96272
7863
15799
8169
129290
6539
27464
6917
9558
61279
29061
2888
133631
8884
113121
8695
132568
123004
6759
2398
8022
16020
778
789
128210
2720
17943
3983
10258
16210
7158
38332
10538
24614
2748
4338
15069
1062
1424
12875
5406
2702
135398
3898
4579
15315
134580
31227
125692
7129
4205
4207
2703
4225
7291
30990
18709
4971
16257
118196
8616
66369
14921
4197
11705
4799
6097
25334
8904
108807
7444
11813
693
696
13991
5813
924
13250
2788
5227
2789
7786
14850
14238
74026
47759
26928
5309
9470
123278
2579
16295
25198
9960
63866
97343
127045
97969
39402
10055
6066
11869
1913
6209
126249
13209
8833
47421
6343
38986
37359
7056
10674
17049
4122
6199
77780
98634
17786
49138
37541
4339
9703
47578
8369
104272
7494
2862
4474
8359
4491
6899
9958
44250
9128
89609
118457
6488
32078
65680
22994
814
4576
4376
99279
2887
8812
67187
17972
5528
114047
23723
28257
5085
15717
7048
6203
9176
93802
5944
96238
6711
1373
34528
105718
14704
7023
37629
10559
5600
10722
4830
7235
1028
140247
5782
8142
2869
3844
95052
5936
24696
17398
35407
12164
29146
6085
8487
138816
2559
5803
54685
8711
6256
9462
6073
11087
941
6446
39099
16189
4480
967
117215
6599
28553
104918
6391
4860
76294
8550
627
951
5495
43602
7189
997
2456
2306
7042
55944
9660
78838
1318
15091
16412
82127
3336
9862
135395
95170
34722
7732
2388
7821
4260
127535
933
141815
2003
46716
2758
9815
8120
110835
9509
6425
7745
81075
2965
1041
88044
9987
4415
21255
35081
6880
10601
20277
2650
6870
7261
11922
9762
5718
94170
986
4302
9091
11046
132662
9084
8557
138155
4968
3914
14411
11257
14023
6174
11004
2664
9351
133329
69731
46375
16957
729
13473
709
89744
8632
4151
2347
9968
6009
3909
8316
16828
2765
19689
4062
12685
3728
4868
11929
1961
1965
2730
1248
891
93615
14886
726
9487
4631
2635
3783
5738
3797
11077
135073
5776
7083
2807
62089
126629
11302
19509
15377
80675
31125
1145
2950
6738
132724
5566
12895
6220
4341
137798
4274
2928
2945
882
16152
106636
4263
13198
35378
1228
8137
46598
5141
4172
1544
22008
1094
63572
47907
1368
11816
2751
2013
37459
4812
5785
3319
4215
17220
4600
10412
3976
2957
3715
4513
110036
3930
68470
9616
9544
2084
81982
14782
133792
8071
94013
6048
2156
87964
1069
8046
2912
2912
2922
961
12825
3884
1048
28496
83375
140276
116592
8537
29211
19598
846
2534
875
6929
109427
1010
21632
3921
106125
3496
116413
140595
6802
120704
36208
1367
4957
24590
44783
5614
110878
8070
38652
2866
1172
115842
114327
16940
4136
118889
5806
15626
6678
18547
7104
7016
15694
1328
4002
7302
18041
10240
146325
120576
8195
13698
886
4558
912
144698
7940
3870
13324
10034
2905
5154
6143
24139
5619
5848
8152
3758
82105
4724
12217
7783
53732
20186
2736
42372
112557
2264
7086
8181
9264
6780
138647
9876
2244
11037
6738
9125
33624
20585
103868
3974
14389
1052
17866
2265
4908
760
9263
789
14597
3844
4372
2909
4221
7727
6600
3188
674
5970
30348
2360
13196
2807
6148
7120
3595
42534
18719
137411
914
683
2174
9668
2749
21808
5811
103527
4022
1133
1154
10743
142334
65928
9756
151467
14446
9434
42668
10754
22706
154262
125951
3506
4031
1456
14889
141846
23815
76917
7743
3007
670
2145
14389
2729
21076
2682
11843
9933
71911
12711
16618
755
115156
8731
15166
96249
137906
9669
10588
19927
4392
3119
1028
38931
3203
3240
2864
6161
123508
3309
1208
1837
151052
31216
26117
144896
12980
810
28482
3501
14163
3564
3993
128733
6586
3756
913
12779
3872
3922
12838
7641
14707
2758
2759
15351
1026
93835
26652
902
26985
151965
4430
1245
5900
2933
775
14811
77494
4544
15922
3915
46963
2750
4217
13973
3188
97094
6220
11704
2718
154208
7589
37603
73935
34175
2640
14678
3120
149357
5231
11261
2083
10706
5934
10173
994
5105
25384
61342
157918
2232
27372
3752
12508
7260
819
32400
4384
4274
45431
2553
21225
2201
12518
12582
948
5843
778
14357
5784
4756
9864
4181
6846
6672
6657
6020
884
909
4154
4366
17022
5397
6375
1225
139513
1015
1308
23957
40759
5736
68460
2267
3631
17694
15049
5721
1035
3186
2499
143612
8923
14912
2719
1654
889
15936
34028
3229
22215
8473
50617
2908
2744
7143
7114
16312
88506
5695
2999
3198
4104
11887
5959
7109
92119
104216
18117
12985
40616
6922
2999
3894
8684
3952
11630
4582
27413
5953
7453
16069
791
9704
10177
8043
9700
4380
4213
8428
3979
967
13813
129338
65499
7501
919
3073
8743
6583
4682
29088
4905
3958
126701
10740
147526
2641
9280
96432
10830
36087
9079
947
30102
901
2537
9054
30489
4426
10603
9837
21734
3308
10656
3359
15883
20474
5918
88526
8561
24378
5975
6470
11328
21575
16878
891
2767
19125
11941
7064
2908
7107
10389
140462
920
6756
3235
25443
820
1465
7263
7009
7732
3828
11505
19062
876
4681
3781
11649
4025
2430
153761
7673
148531
986
12990
1001
4499
2851
8359
125905
8366
3612
2906
4635
41957
55777
34523
1119
26612
2910
118839
7601
13130
8685
2737
8745
76373
12929
128055
6156
8970
14851
13134
4960
4264
1032
4212
901
903
907
2402
12816
3793
9709
1115
1126
25373
4296
95570
3947
14987
2868
1427
6248
10171
736
12890
38371
10003
2890
11620
3955
15218
13727
148394
11761
80362
8859
26351
2188
12970
3877
3878
824
111438
834
14894
120630
50394
16492
2840
7765
9543
30680
816
2975
2995
5917
93807
2267
64998
5950
10481
3321
1123
15406
2636
12787
7323
3690
106844
6858
6232
42659
14282
1396
729
2559
12504
143927
50093
4066
950
36720
2535
28259
7111
7254
4052
18145
1258
4757
3168
5732
3374
1012
31512
4874
784
10563
1352
6009
4330
12957
10109
10168
14338
28988
8214
8718
17651
49771
8318
12847
20249
2893
8824
2979
701
9413
8665
8750
51936
15558
18073
9179
30915
3804
68693
174494
7612
5071
52489
3302
11839
11690
27592
6437
9933
966
16833
7094
1252
5709
21633
7282
5407
7310
5788
7372
779
3913
6665
4293
2774
2232
15827
5994
3797
9222
40528
737
16831
63750
18325
16613
4556
77934
12982
9072
8157
166574
9252
10879
131904
20764
8401
9927
808
30068
161688
166524
5787
3927
6807
90862
5533
9047
9049
1771
10617
4331
32414
11623
4090
94413
22969
8126
1001
15120
123790
9174
12943
168613
49565
72107
5751
1416
6233
2413
11729
22833
10580
953
1306
19297
13964
21537
5973
3803
3591
13460
13540
159882
1283
5787
9517
47773
4806
6263
164968
107816
14405
996
8564
3948
4234
127527
22315
4080
5013
7194
11068
13359
10528
6238
10000
11627
16175
11712
11313
36798
3077
51611
7259
763
980
1292
1294
36146
11137
10023
12935
2550
71265
21665
6796
7673
5951
15047
13630
2974
121185
162821
5872
71905
11248
16003
2730
4131
2555
14525
21777
45350
11071
80235
1657
166693
27990
27951
3032
15339
20206
3030
9774
27369
934
5774
182494
10371
10331
6158
11985
3767
15801
5222
110110
914
12016
5225
10094
732
6464
92167
985
5989
29693
31439
151134
4138
1014
4460
11069
2253
17352
31035
4586
50316
6153
27774
19660
13992
29432
11364
65856
5946
912
175355
7160
3891
2004
1261
2913
17031
6934
14335
5236
977
34512
150648
20162
5703
121358
4332
2816
50398
8643
16272
12739
19475
183994
1053
13031
2749
183790
8959
21057
9347
3015
1711
3748
21857
19706
12914
964
2533
10512
799
921
11747
12804
67147
9887
187454
3940
5705
16752
11879
836
1062
2713
3072
4621
35289
186216
10881
2334
32141
5834
5396
18951
6347
6284
1009
37484
5940
147655
186468
4078
33031
749
5950
18281
3893
17408
7960
6841
131636
183797
867
120472
21068
87304
13477
2828
4237
7194
10137
4420
188643
2028
6031
7511
45786
2717
4657
18417
5928
21986
992
48518
1255
105815
952
3546
3683
1298
105676
18883
3972
703
20475
30856
4247
4187
973
3741
18284
3221
1989
17829
4256
11720
8846
6588
6022
40020
5411
2352
18220
69461
3142
4948
5476
125831
11618
23437
185847
35365
6584
1895
3733
25079
162337
6459
951
108638
3626
3572
40875
9160
36680
4543
76179
94040
1616
5465
118128
7624
4427
5674
934
4092
6987
26301
185910
3922
13289
191686
8108
4250
966
2968
4070
5577
3058
38959
7456
5633
26068
4187
25933
8989
3238
41497
15306
6302
172043
9225
13173
23382
14296
3838
6500
186799
9208
6612
2846
3049
23165
4643
60491
3746
11268
6993
11814
119475
192897
15019
11761
188478
189487
6766
23643
780
2736
827
31950
4721
53884
899
901
5627
22724
906
8903
765
27856
1348
4562
77291
2747
16050
124783
30937
931
5706
12807
4205
77475
1411
5552
5794
6764
5570
10423
19496
730
5789
914
930
846
28178
987
191946
27428
98182
5133
9823
883
11966
1174
10542
6419
705
13797
2835
169398
25891
5010
6914
12685
1272
4924
6985
8686
38613
11406
5901
3800
4002
1265
9904
9904
6814
23142
799
2786
9526
31321
4301
163270
2716
10347
13280
18704
977
30873
23926
29998
61626
824
2918
1300
14016
164231
5376
165630
9541
14330
17850
185100
6545
14358
33774
3662
194398
1245
6673
14879
3949
33017
38472
885
5612
3943
3713
3987
8955
10045
5798
5745
24661
1802
32035
4512
20141
2730
4684
1148
723
5267
5308
77074
44799
4684
3041
9671
7113
2378
15463
900
103723
18802
776
783
844
50972
6242
17964
9059
12079
5493
199198
1311
3954
193404
928
13811
5959
12034
7157
2204
2661
7711
4475
1206
96030
8909
1222
1225
3970
6426
2734
2691
66879
4075
957
35364
20368
2187
14075
31027
11837
2967
2486
91969
6864
7314
78892
733
7516
1095
5386
30526
32568
3068
15133
23672
12741
7798
3749
5665
185349
4015
28258
113689
899
2940
2942
37141
38292
2945
32747
1509
4213
3976
8992
8219
1491
66627
7841
35891
992
917
124737
12315
6405
2397
2615
5776
2815
3729
49688
28503
44766
2844
3972
3639
14669
6645
788
2124
813
817
5151
3854
3887
2333
62631
8957
1640
1071
2406
5605
710
7210
7494
729
188190
13002
25804
1039
2713
195746
7165
202754
2164
180697
9773
2947
175232
5011
3786
920
4950
3341
51577
1126
4174
1135
5525
5023
2792
5483
2250
6952
5357
17059
931
3658
17213
873
4477
2061
5478
1200
2420
165328
107630
5750
1243
60724
3063
4066
6422
35487
1320
5932
88068
7278
3846
988
3129
165829
189916
181871
6235
895
11124
73290
7393
6400
6879
1200
56856
8182
673
2733
3843
2114
8031
3921
5241
5331
3003
2711
4428
873
5383
4287
1139
7299
3348
919
920
2849
123544
2733
3463
74053
25336
123342
3930
10667
3792
3797
2205
1263
3473
3907
4129
4165
4168
167831
28970
23895
4160
4160
12941
21245
5778
18493
3797
7439
2706
5647
35232
9353
4876
54881
1433
20618
2816
5926
5929
21852
1232
204103
5160
18378
10255
5175
5361
3802
21278
5636
5669
3692
956
5184
88350
8083
1102
924
15641
29281
2594
14751
2687
1537
6331
7035
13533
42990
669
15515
6228
16349
5518
15260
8304
16262
9497
6689
15062
7452
1404
3965
34331
9237
4923
6008
7124
11058
8145
867
7889
1961
5643
6208
1158
6932
6368
14211
9814
1316
4084
9922
7491
4424
24706
3652
10135
3116
67398
880
12242
211709
11899
1450
2703
6808
1842
4039
9180
5654
821
142104
1400
14846
20935
890
1139
759
194767
28391
28432
988
69681
2588
2671
867
2800
6624
2185
8957
2719
10173
59853
5753
7277
1111
11702
5767
25442
207384
14796
18857
52202
34367
79407
15474
208365
4218
717
11982
168270
4091
3923
11422
2875
2837
1136
11022
3718
2569
1160
793
5411
140309
2335
27635
111572
26978
16202
20631
6336
5688
11566
4878
33500
913
3755
16335
48005
13714
930
12344
138480
1460
207899
852
636
638
8103
665
19472
78815
2153
210511
181648
2555
1999
8045
935
5475
9732
10763
11787
4025
647
4180
3462
175311
3929
190931
62468
124866
11069
525
9743
749
759
2251
12658
10068
4098
1057
3300
2128
8758
48614
665
2591
1343
4836
47752
9238
12644
17027
2901
33730
46965
16449
4070
3219
11371
2652
14051
213327
2883
5186
828
2229
1905
3794
1771
2442
8378
144509
153622
30931
209238
127599
3793
2404
15615
3932
2123
2590
6998
15310
2693
4560
695
213654
5919
2920
7191
4186
2231
15740
33517
81616
643
3086
10790
9956
5332
16768
15658
3599
1100
3728
195727
4969
872
874
875
659
2448
1361
633
1959
3922
208213
4032
1171
4261
1458
861
5327
2734
4443
213435
540
10076
75818
4240
4247
4567
4079
3592
18874
14824
2345
588
751
50684
46405
1396
66067
2689
4898
189720
168471
1665
6823
2224
9719
18182
5931
30260
8203
19569
17725
1130
2679
1448
55419
11826
4090
6995
2894
19002
88616
942
928
1880
81502
867
73309
2131
861
167593
832
1273
6443
4435
64830
6988
3093
3813
4054
9490
2622
7229
810
4715
847
161017
4087
848
4125
3028
1364
829
8355
1159
14992
783
20431
858
163615
796
26126
850
5148
23347
8376
3884
2448
703
2432
635
6069
4959
211325
648
651
3699
776
780
917
781
782
10132
540
827
804
967
813
5510
48173
2761
14335
2176
11385
11307
1060
3543
9288
49590
5594
3149
5034
651
6288
2708
693
2794
18448
71981
221471
10659
6289
3842
1242
937
2327
9249
7026
6605
5745
2605
3566
602
603
2668
4180
793
197058
133941
31552
9672
156722
848
3311
12552
32512
15180
35540
6970
803
860
5588
9115
3888
7288
11634
3875
6538
4097
3949
632
638
2747
191174
585
7325
57025
853
6752
27999
8901
3842
4321
4568
6834
187883
4422
12768
4447
11541
3725
4900
4537
8381
975
79907
980
3595
12537
186151
94048
853
17697
741
5147
100606
6805
760
833
13216
45878
6660
943
5719
1076
1107
1120
1133
5659
1081
3757
7961
1248
8179
38177
2424
2457
1348
1355
1388
6076
4067
2655
220910
27167
4080
703
3894
2855
50701
10231
2334
13865
1964
882
15215
11353
22239
8802
788
791
4280
5757
2125
1207
7045
5464
2588
675
683
174935
728
3587
108975
3646
2587
5406
2729
873
2841
13102
4128
796
146045
125941
12215
3122
3279
716
4132
12453
2058
11686
43334
4489
31892
1334
2030
5734
3600
73707
9913
155563
20319
2092
13178
8557
8393
2826
2831
2841
4585
4345
4347
773
9979
2736
2943
865
5871
24309
3098
1225
629
10530
220766
3766
876
34570
2322
2942
883
15337
6595
9980
3190
691
10303
9925
4351
2587
2975
17593
8394
912
4632
2300
2551
4243
5962
3917
4319
6263
9183
776
10986
5574
9628
15469
3993
11278
5364
573
3243
4431
6726
11901
98712
3657
8348
3721
692
701
641
21357
904
15651
10362
862
7638
897
3760
4867
5915
1073
1080
2434
132346
3872
21781
1039
1469
1451
4678
3223
1936
2523
4755
4314
14080
1177
61783
11030
9791
2984
3317
2063
5626
5370
4070
5327
8495
5949
3720
1322
7576
896
2512
5711
7245
4214
210228
579
602
603
605
608
58570
16182
833
835
9738
2163
6323
10915
11665
1489
4446
6084
6588
32581
1242
1253
8448
238663
16462
12786
3126
6101
1493
3766
11663
881
888
3211
4594
3906
2602
906
25983
4011
11009
7278
5162
131420
2003
1181
870
871
1047
2202
2220
4545
2427
1154
1743
9756
2591
2027
33055
15586
1444
1963
4755
1862
799
4388
5419
1552
4167
2651
5744
27383
4532
900
5947
2638
3518
14655
1202
3969
1153
1179
5756
4309
2054
4255
2117
5693
1512
13265
9920
10071
22011
2237
82937
4286
45533
856
2547
13591
13228
4598
3079
3150
4613
238949
1424
3311
2460
6203
4893
45800
3655
7441
4223
228936
30746
5987
20008
3972
6810
4089
2606
839
10292
13728
5023
22806
3621
660
668
682
861
5185
109625
15042
4773
4094
889
4684
5039
589
808
7411
630
5602
1095
20770
5315
67769
55195
8343
10489
967
6311
1129
6195
895
896
5775
14042
7093
1188
1188
10729
3926
3016
1917
5373
1184
861
2278
2297
8364
2165
7172
13603
2213
18523
4143
4085
18614
53443
3297
12069
9965
1634
2581
10929
8257
7450
2918
3310
763
3778
213185
1206
2857
23984
3981
3662
4043
10785
12774
22300
8306
9667
788
643
797
19793
20979
4315
17488
23750
865
1241
204301
4408
10152
32034
35934
2633
3939
1139
5548
4897
32942
43078
2741
5434
661
14227
241873
621
2746
14769
9780
676
677
688
14835
722
732
2590
6067
11860
23892
791
969
810
2884
5872
8351
12998
91433
92213
1205
2632
6559
3678
70084
3769
1256
6078
249416
6936
2670
246181
2442
4077
5908
3219
3899
2464
791
12391
2281
5101
724
2474
4573
14410
911
4348
19922
2491
6861
2601
2683
2683
2684
1107
7615
18483
5214
1201
4324
2968
4884
4267
3900
18541
12489
3861
177952
915
3572
3774
3796
3780
3723
24760
3955
3960
966
6019
4685
13166
4088
17996
5432
4334
4351
5320
52224
1076
1089
95191
2815
102862
4572
3225
6241
2243
16813
4956
4131
1638
5049
14208
10980
5521
1151
5675
897
902
17157
10086
6535
4254
7862
3907
921
5272
3900
2869
3910
5877
5632
953
1596
194750
793
794
743
4313
1628
5987
17978
6073
845
22280
18116
15395
15426
8926
1373
1385
3623
4266
6731
5676
11367
20839
6688
4141
3198
24089
5272
1277
1279
5155
7041
23280
2908
7318
2152
7500
7630
1152
2401
2433
1320
945
8037
910
3918
3919
900
8398
10199
69617
4059
6028
6047
2091
4761
3958
9006
753
7437
11782
986
5225
9232
3662
753
85210
3045
14053
4685
7084
157538
8394
1080
1020
35676
11158
1398
4760
733
26382
656
659
12928
3889
24853
3678
6480
12929
90003
27171
8804
9456
14875
5556
8717
5242
11219
119926
4978
19529
249521
2789
31022
17832
786
6229
3710
3857
31877
1550
752
765
781
757
4112
982
10753
7396
13466
8053
1956
15886
26437
7835
1206
7591
12535
3883
1318
10123
193865
645
2585
6073
10104
805
3161
11748
2418
5081
1050
248955
7952
839
19011
2432
2580
14268
224193
4094
910
10051
2725
2716
8310
201115
10870
3995
16701
1472
3016
9089
758
8182
1525
1750
826
5093
263123
4324
828
1119
19571
249846
21321
1279
5742
1131
4136
7649
4304
4599
8012
111686
780
844
2737
55775
14623
6836
1124
14928
2661
15910
1409
4252
2436
5224
1927
5576
1471
3945
1181
26493
1085
2854
134649
4317
4283
5907
2562
4693
830
920
8087
901
27718
901
6907
505
1184
3744
7455
1443
23594
2721
1449
1206
101419
265705
888
898
141309
817
3779
17457
4148
1132
10668
27164
1048
4537
18951
5960
1228
1043
2779
5130
34053
1474
81188
233341
4516
1310
3804
2421
898
648
17817
22505
1774
70521
13197
622
2715
878
10491
10627
778
51199
38193
837
2194
60117
790
883
25709
4106
1198
1024
669
671
2879
1325
17794
3150
912
5866
9931
2298
4524
2780
6504
2120
1137
13519
3423
5364
3631
9921
2476
5282
9586
2577
32549
5024
4537
36320
775
11081
2775
3883
3896
683
19804
1876
618
619
620
3985
793
4396
866
174257
3350
22778
4617
1412
1034
1718
3706
2349
1099
1143
21661
14792
27870
2716
4137
2313
10200
886
701
22218
44519
2875
4194
2490
5652
7117
4619
908
3503
3946
4381
3625
269518
3653
894
1145
2495
16157
3772
2598
5504
1790
10624
811
813
910
2982
4299
2858
5424
1636
2554
5820
4710
8286
5129
2693
3652
3665
3767
4000
1271
261407
3615
4960
1058
3906
3925
2319
7337
939
2668
1137
2669
1159
2228
46174
1011
12334
4818
929
4823
5457
14278
5132
2371
7275
4061
1180
695
3680
3710
234106
240431
1519
2657
613
614
616
741
3797
8034
5483
9689
20966
1227
718
730
2671
174994
757
4169
174888
6081
997
1434
790
989
998
15255
1236
7765
806
813
654
7337
5787
2896
1085
667
5882
3129
8603
3569
272943
226922
29896
6236
886
893
902
7557
2750
3071
1114
258546
2663
48479
9822
2226
6857
3612
2631
15686
817
788
2454
587
549
2000
3363
776
784
2128
4039
2758
2313
948
2921
4237
642
644
3236
8521
3768
1085
3985
211523
935
3827
9200
3773
10097
4202
4719
3415
7212
25754
22454
2809
4331
3375
2389
5046
2593
3697
4758
4171
2775
2868
5928
9888
5938
3862
2759
8421
2801
6416
3171
3634
5325
4358
12690
2887
22184
5550
947
7843
135498
4869
1166
4147
1169
18176
5591
13611
791
4506
855
38527
7482
5558
6704
7222
1055
4598
35959
2637
8818
16445
1013
5695
2313
1312
767
4614
1291
1586
30585
3050
734
1038
822
5261
13635
1488
8146
2845
604
5462
3486
7533
5477
4883
4126
10205
781
5590
2434
783
1258
1037
7807
5096
2455
558
4006
5411
789
793
795
801
804
731
2397
11485
4116
14546
3769
3834
16135
2032
784
1822
808
1346
1355
2047
4167
2769
9722
2424
2185
4211
3272
1543
4883
271599
556
561
3736
750
10422
785
1273
8978
2061
38975
979
27332
24796
16223
11540
222937
1106
3694
4867
3432
32647
3706
18363
6719
3808
6790
10126
2805
9014
3779
1663
9007
661
610
5054
861
975
2551
5160
25928
2372
2626
1622
5119
804
2668
669
49515
4329
13544
4386
857
866
650
3796
6706
23945
1084
1107
12670
27240
3511
577
1048
1358
910
3789
3047
1510
1519
1547
2854
660
3624
790
35054
602
5572
14801
5640
1878
990
950
2934
5845
13240
741
584
585
591
1905
4784
737
738
740
968
643
46405
980
2809
5761
3924
752
747
4300
14654
4709
962
1604
864
1147
14219
1156
4382
3221
23611
668
9957
816
8015
3807
1609
15289
7370
658
2081
2498
884
188791
2526
2310
8132
2057
1228
3720
14062
890
2799
2805
1092
4137
1314
3770
4855
3921
751
4850
1345
938
38580
657
511
954
2582
5230
23656
674
560
5774
1086
3778
945
767
7598
6381
777
6324
692
2636
1339
9776
8017
803
1412
4915
1197
1239
288324
1033
4390
624
4174
572
2958
7017
1926
719
3411
1514
2348
700
700
709
13678
806
8850
677
2716
2952
4318
5629
758
588
8058
1107
1199
747
5920
6822
25878
765
735
745
751
884
1019
1913
25583
63417
1000
11470
2407
15178
5197
1926
3809
19985
1045
1789
519
6554
2552
2013
801
743
1159
822
1208
3550
1075
2825
3017
3909
3085
2989
1806
2648
9176
3207
238805
5938
22732
621
1331
2445
1061
15031
836
3784
914
3976
1086
10292
29993
4191
5973
12017
1141
1030
1031
1038
4400
1042
965
1010
6967
2289
3315
3320
1396
1401
1288
1156
883
1162
886
13988
5589
10885
1070
5747
462
1134
2203
5573
4532
2329
5973
964
2477
1334
756
760
8673
932
675
1014
1026
1031
656
657
550
554
567
8974
5965
34205
2786
5874
798
985
1648
2978
7062
1505
3730
6643
20483
3303
3789
2503
613
3668
3826
1741
1756
4422
1891
1982
2561
2443
2251
13753
3907
2759
8614
2412
2614
2701
3119
3137
2584
2614
11723
3440
11550
1048
764
8303
3049
11003
4366
240140
7800
1048
10057
2993
22146
3765
32665
2210
4370
2813
3824
5957
1853
1726
4195
2873
895
782
927
10364
301773
3951
878
9116
4173
882
817
751
1144
2322
1079
913
4522
595
591
610
1636
3762
832
6825
3450
25886
1196
5385
1275
6034
1347
1427
15053
726
2596
3800
796
5965
2642
48234
2081
2232
2261
2273
8879
284731
1998
3293
4234
2597
6757
1152
20003
748
6027
581
1083
11450
7382
582
8029
1016
4495
3569
4333
2872
3811
3763
3790
5604
3948
3977
4554
4519
3787
538
14921
4393
765
605
607
618
7709
4614
5495
697
1850
870
946
10904
1218
1120
749
3093
485
976
976
1034
14744
10697
608
5341
9668
1807
3107
6000
3577
10351
3086
9002
4010
10897
1227
2547
6513
470
476
1686
670
678
652
818
823
828
881
869
2955
2721
1232
8351
1296
3576
2708
5577
1596
27517
7805
436
3213
3584
540
545
25164
942
1129
2308
663
1366
991
4476
1409
973
149405
5038
525
527
4078
817
37854
729
1053
3904
865
1018
1829
721
14263
3729
8488
24841
10402
1521
315032
959
1843
18811
661
5428
8547
8195
497
959
592
606
693
8410
3687
4103
3494
801
485
486
936
945
3898
642
6070
680
925
959
1140
857
6964
670
674
1101
1639
1654
911
1252
20201
2686
792
820
1195
1761
1250
1107
1585
3809
633
637
314825
6579
3845
2355
1008
3629
515
1213
966
2529
2136
1423
1191
893
4490
3758
663
3073
5440
1020
819
2468
4066
3786
3370
5835
2614
911
3728
1103
12644
691
697
701
3187
758
757
3461
3537
5702
983
952
10079
3985
1207
1228
3492
19719
3628
634
3950
2389
707
3840
4603
909
869
5645
869
1952
1957
2279
2082
1295
3017
2209
1714
4307
4572
2495
16886
1734
2066
3480
2031
5171
2700
3578
6017
739
6060
10886
6685
3333
2219
11288
3981
529
22051
2453
45474
2489
5315
696
2880
957
2629
2676
1077
3023
1209
3761
3766
6749
3006
1014
5269
2654
3324
1945
3268
587
594
3315
607
3659
3669
3712
21067
3469
3072
2327
4451
945
52853
754
968
3819
3962
452
4254
4727
4187
13098
4092
1423
28882
3714
1043
632
604
4741
2615
770
232729
899
1326
808
810
691
5395
1141
5208
5762
3087
2576
5724
2783
5332
2924
7385
796
6638
534
535
1487
1424
608
3631
9678
3325
3422
851
14100
2306
3755
4077
8589
12553
6950
976
39521
789
10104
1858
5432
8093
2953
766
509
2280
696
3640
3659
2655
707
4327
889
515
697
3586
1192
12620
670
5501
6524
3682
3687
10092
3839
1898
4223
749
1308
1408
710
26485
6436
4976
683
1010
622
429
434
917
9919
811
701
14843
2248
1773
4606
437
569
1510
516
3597
2035
3393
1077
5576
15532
2599
477
753
775
766
1417
1000
805
6165
1273
1030
2868
1259
1483
564
703
3655
1745
1765
1946
6941
3056
4720
676
2204
2224
510
4468
2347
3674
5667
2619
4145
20500
950
1827
2755
4848
2534
2778
4030
4160
1390
2773
605
621
3202
1891
796
1453
4446
1028
14004
940
1119
3332
3643
3685
1900
1384
5182
3846
3847
707
4292
4033
4206
4436
4551
5608
1186
787
5841
5040
2748
599
13730
3712
2067
4887
1430
2656
984
5503
2051
5866
4065
3511
12236
3579
4662
6135
664
4579
4461
2990
6303
769
3812
695
6968
93200
1133
19413
1187
3944
2027
3321
1374
1037
1413
874
9795
9117
7112
4135
7330
5213
5092
4208
927
932
932
933
2499
8141
675
675
678
1746
6089
903
940
1730
9023
1155
1758
4022
6434
11276
1158
7200
714
717
579
579
839
859
751
941
3750
19825
1100
1102
1920
4206
1011
10216
1334
1357
1363
604
5784
2263
1056
12674
15149
1669
3166
5688
709
7078
663
2268
2164
1190
8139
3911
1080
3904
2439
1141
2483
2884
1527
10952
1550
720
759
3170
3975
769
450
578
586
3745
770
784
1301
3879
3894
984
998
3786
4168
2311
15110
12582
575
1683
1987
3801
11600
5471
2716
6089
2238
974
959
556
3409
422
12363
8528
2474
805
841
2581
1488
2770
1125
1131
5778
14884
1001
5907
1010
9040
28110
1404
836
840
2496
1715
1265
3263
7661
7760
8255
625
1501
725
943
6879
3156
1196
12419
1000
2598
5103
4309
80574
1228
1240
17008
6900
2837
4254
1686
2417
22192
5298
3165
2600
6508
758
8159
6780
42611
5258
1689
2378
2177
16745
1238
695
698
729
730
918
2487
4453
4015
437
904
920
927
954
973
10195
937
2921
1012
4823
2673
4602
3782
4487
10077
7874
782
673
518
899
46938
4606
48138
2471
1543
828
1948
2194
1999
3694
11814
6995
2207
606
607
2665
516
927
996
6183
749
50629
1104
895
393
2429
1395
2413
1204
5201
4238
3692
19788
8664
4124
1665
11822
954
638
1022
290794
4194
1482
940
768
31739
7506
4987
2868
4504
7005
10177
566
460
886
5972
10138
1108
3758
3589
1264
1163
8420
4113
5354
11019
454
645
5512
11910
3688
847
742
1125
1177
37758
6418
714
760
2146
2160
2168
1292
13513
2180
508
5369
1265
632
38692
787
2527
1000
543
4825
715
717
6280
624
1615
668
843
28291
617
1461
691
4372
620
696
6583
869
1475
20639
718
726
961
2069
2320
4694
2649
1627
1590
1593
70149
549
312
2392
417
420
3003
5531
568
5550
1804
3010
647
654
458
661
863
877
877
728
4790
1064
1064
1072
641
714
549
696
1176
2363
536
543
1878
1417
611
642
2403
764
3679
1915
955
627
15657
717
2053
488
489
499
21948
811
2912
1815
839
844
1150
3889
3550
28661
1897
1087
2012
1316
2851
3787
2645
1995
1169
461
726
755
500
72579
1480
2385
76913
932
7352
2742
2334
2416
658
661
666
667
670
1632
3653
6123
1134
16557
900
522
3545
1989
20022
471
1830
1625
1460
4252
1827
2843
5898
2902
360559
2625
41533
16915
2771
3641
3923
7827
464
1582
1266
3119
3371
498
3629
812
4374
676
2949
7025
7551
3856
5158
1020
548
551
553
559
2540
1475
1719
771
3722
447
28749
563
1084
1095
1033
497
501
3551
3857
3088
1005
797
4291
450
3044
6622
2845
628
634
635
648
752
1314
956
864
866
872
872
2104
952
1101
884
1077
2645
1301
3651
1342
511
8390
527
2163
1596
1205
2288
876
642
1960
2212
2260
471
483
487
491
508
510
519
526
542
548
11198
678
683
927
744
758
892
902
913
931
1321
990
5199
3560
3497
1656
674
3653
660
907
1911
14882
4006
2152
2523
761
2638
811
5309
1073
10408
1024
3140
3154
605
1755
1588
3518
1143
1713
2359
580
800
2368
3115
4056
1978
920
714
4295
931
933
6359
1343
450
3705
690
3019
736
905
1932
941
1097
1112
7017
672
744
701
5322
3648
1920
897
996
5530
5911
3707
4053
2359
4278
4191
718
1520
2046
6143
714
5708
3754
4653
2358
704
706
276536
3184
6735
1777
6866
11548
1054
3963
4199
3813
9848
11672
822
1560
1009
2025
1022
1802
3950
1910
4251
779
780
4092
431
649
649
656
10780
805
812
896
924
862
4076
1624
990
1016
4306
2883
9137
5179
2434
11684
4001
1755
5845
1946
3447
2490
750
716
721
1364
1031
3802
2596
3888
3745
2215
2171
1267
2538
3682
449
2136
516
521
1337
603
700
323598
568
3502
495
497
497
3654
756
3308
5497
821
1326
4091
770
1119
1048
2392
734
2719
1019
853
7556
935
580
607
1903
3293
1809
3274
1668
695
696
1039
662
2033
2053
930
14690
2331
2103
5270
779
1568
539
568
569
577
1378
733
1793
1053
6320
2861
3523
944
13690
10851
2881
1091
1072
1098
3414
1143
7567
8170
3729
1770
3661
448
653
1636
3464
3483
489
3573
747
22513
6757
684
3080
845
2578
5995
1096
10779
3937
2910
4917
3655
673
679
3511
320
2880
856
876
2756
4865
3169
606
2701
538
547
548
557
558
561
587
605
609
620
621
623
624
626
627
641
652
655
656
657
658
4493
803
819
821
845
845
667
1030
1047
2227
1070
1086
57750
1100
1111
1398
554
2411
1207
2267
4224
1302
469
181
183
395
8503
1485
412
8794
1766
408
414
429
432
3584
1856
5128
5146
1054
5074
1915
4190
642
2057
17098
2382
2275
2280
1148
2311
4652
1263
1137
2523
2580
688
3728
763
1789
852
11728
131510
3037
1206
3527
7695
8946
7574
2114
3560
3595
3598
1373
3653
8064
3665
3922
2333
5065
3822
3833
1331
1609
17198
4185
4200
2333
6521
2506
4403
4488
2867
4778
5565
446
675
1099
654
5353
1199
5402
3642
584
352991
7843
5633
678
740
1011
6168
714
715
722
723
726
734
741
748
752
766
770
568
569
3611
951
934
953
992
1008
502
2531
1131
1135
1145
381
8823
1299
1368
4820
4163
30171
211128
1649
4121
2376
2394
2122
2139
2553
2329
1509
5473
2455
22660
2414
1035
2860
963
3040
1448
526
419
3157
532
545
2902
2910
3058
9600
530
8679
827
2088
20291
3727
9126
440
3785
3785
9377
4028
2294
4176
3954
742
599
3466
4279
1341
4481
392548
973
201110
1044
4904
340055
5053
1026
4241
10576
7578
2405
490
1246
640
1033
1702
259476
1416
743
906
2626
1118
1110
872
1667
350
1114
1076
3086
643
647
654
479
1887
1118
841
506
508
389224
943
710
1037
549
949
896
631
1106
1118
391910
984
610
3990
1004
1598
1232
537
540
541
733
543
455
863
885
8881
1750
938
1033
422
527
779
2038
505
513
1919
662
1315
3260
703
750
1886
3508
608
662
911
1141
2661
448
5363
535
1302
6445
775
538
400069
2214
738
2719
530
777
599
530
696
973
721
1596
625
2212
682
1523
1806
854
1697
1250
997
929
1243
3042
1401
2220
1810
503
1259
1772
424
2694
1340
12749
2465
4983
4239
871
3697
5568
170298
1015
502
12903
585
3514
1391
540
4503
866
355727
410
594
375
547
3554
3985
400
409
413
582
584
599
602
433
448
978
238101
805
1961
2379
953
735
990
1278
824
2347
608
961
894
1991
1033
1273
2195
2175
683
817
804
2051
1411
897
2481
1321
2405
2836
2777
1428
2107
1432
1498
1484
30751
659
527
2876
518
523
525
494
3256
4018
1404
7569
1238
10090
2224
1394
431
4530
701
702
1760
1778
4084
2063
2760
5400
719
790
739
10062
19419
484
530
535
541
544
537
705
5294
780
1120
30953
937
6513
547
3641
1303
1913
1971
1788
607
1267
791
11234
2071
2133
632
2441
1004
235
236
238
437
249
2358
306
513
13477
2506
325
583
592
2537
2565
358
724
460
568
509
606
720
168104
351
395
978
460
191
8880
582
492
177
447
270
775
790
344
510
410
501
1285
2626
1022
999
1198
616
1343
535
1159
1282
1037
602
915
1625
356
719
924
945
789
1506
507
1036
717
599
1011
3216
826
801
722
846
1027
244
465
642
1056
1084
2825
712
1423
4574
330
1946
1038
965
1473
3659
902
520
354
1343
3627
685
2219
1646
568
936
708
1173
779
2301
646
598
603
608
613
616
1227
480
569
828
851
899
896
1124
1298
769
2051
1665
2234
1720
1911
2016
164
2669
294
296
501
416
417
231
723
529
345
351
353
557
1255
872
1040
986
957
1320
3947
1580
1292
501
1752
1283
763
776
2482
931
951
495
3898
3720
4084
332
841
530
523
3689
375
500
502
515
659
1171
586
1901
2603
1275
959
673
492
492
407
596
598
599
699
1423
891
7260
1114
1117
491
1358
6270
867
2864
789
1149
1335
1711
591
426087
566
561
426725
544
545
572
363
2464
1348
966
524
724
740
519
759
539
541
380
923
611
934
945
951
689
447
582
1303
1100
646
788
680
1874
1097
206
2051
1356
2565
209
439
534
1066
296
757
3174
443
474
712
362
890
890
464
468
469
1909
17662
855
1700
372
252
901
544
426899
999
1279
607
956
1216
1378
516
679
902
471
357
543
2503
752
6006
1635
872
1147
1152
1267
464
468
468
933
2179
611
796
930
2162
700
685
573
3334
182
183
184
185
988
286
317
330
347
350
412
354
358
575
2683
614
619
963
517
610
707
807
855
918
924
498
817
993
624
625
1023
1082
387
389
949
1328
1411
887
1403
399
275
975
125
673
325
177
1721
3714
444
884
568
409
223
2084
788
848
247
248
255
1273
2304
353
3188
1045
3437
205780
561
262
235
348
487
263
263
272
212
898
4692
269
760
1041
567
548
541
537
763
779
913
915
983
339573
465
494
478
187
188
189
1221
227
228
233
323
818
4116
512
1143
711
1264
1543
2148
1043
1028
314
1587
433
435
1879
129
131
442
597
597
734
381
412
383
394
396
401
941
829
842
701
3236
564
588
626
719
730
790
1068
12359
1216
865
498
621
1059
232
1142
1147
790
448
292
424
989
1507
406
337
571
584
851
2318
1308
2036
933
855
1718
2255
2472
3152
2171
254
364
936
821
152
262
392
4860
209
1019
469
526
673
492
634
509
971
411
369
662
1488
1057
462
6281
1155
521
527
527
528
551
662
843
668
30
55
740
953
389
2649
1288
362
361
849
220
326
847
397
266
1982
167
172
194
200
317
655
451
613
622
985
609
845
1308
616
844
836
826
862
382
650
653
4336
533
1116
369
760
442
454
660
671
802
819
857
1226
287397
240325
1431
884
1278
357
568
445
200
591
1017
305
541
777
285
286
327
530
385
626
686
708
338
947
457
461
570
659
670
352
353
215
413
442
163
94
700
557
473
192
697
413
210
505
538
966
203
214
255
207
352
259
312
187
519
266
620
690
249
88
715
880
126
128
154
313
191
298
835
890
398
427
454
508
130
870
647
760
315
505
366
295
56
553
624
627
462
143
144
148
148
218
232
233
249
270
1525
281
412
417
456
475
477
493
510
622
825
1318
230
1321
114
123
160
489
493
229
232
263
626
636
1557
590
1385
654
1207
839
858
366
380
206
1124
361
154
802
552
442
465
1302
615
658
552
730
650
763
647
799
709
872
777
744
387
1031
710
562
953
560
666
474
202
353
1289
374
4226
785
755
1225
722
412
331
338
340
543
472
477
462
1683
702
389
514
873
389
196
805
830
1133
2347
585
472
699
1124
104
1225
130
431
557
245
649
764
497
334
2169
3829
949
1765
370
1086
92
505
110
4789
1148
121
1149
399
211
212
365
454
352
357
362
723
728
546
801
792
1063
1121
1501
1357
60
500
332
1139
123
126
191
201
231
493
276
288
292
816
616
620
941
4776
2339
2520
861
1240
1106
786
76
227
231
232
136
603
1200
692
722
174
362
381
263
291
752
11402
258
163
555
68
79
97
147
159
314
330
347
342
406
10369
480
524
533
815
750
539
621
315
475
316
352
427
433
752
225
577
177
184
237
247
307
358
360
374
383
394
630
505
514
517
664
701
652
678
689
776
873
905
915
945
541
345
1125
713
1319
373
378
381
916
1355
364
501
334
654
658
456
643
743
1068
880
854
638
340
374
480
329
935
941
629
1414
1586
766
772
863
742
1412
344
1120
578
161
943
276
288
289
300
1352
396
485
788
561
708
256
265
268
342
343
346
380
97
236
280
435
467
478
182
167
631
637
704
1026
677
1147
672
289
252
316
320
332
341
356
366
500
390
393
414
418
419
452
456
816
526
878
551
552
561
586
588
595
626
514
706
710
715
745
751
767
599
782
787
793
802
830
847
848
873
887
906
542
544
920
932
1313
989
781
495
1009
1090
1108
1145
770
274
1299
1380
1383
1390
1578
1460
1592
1604
641
657
1695
1730
1731
751
2014
2036
1310
503
1231
2235
1028
2301
2311
2330
226
2381
272
2566
287
373
569
596
750
902
975
3221
3252
363
1298
376
1092
869
773
4226
3278
1175
2487
411
414
481
603
401
272
419
868
271
353
331
845
548
286
482
238
288
363
466
618
770
264
249
331
708
1382
207
529
161
454
820
843
534
930
1295
428
1058
34
60
667
888
1572
357
505
195
488
1116
286
276
733
270
365
241
273
279
342
361
453
407
2266
807
543
548
551
1210
594
855
836
1096
1549
648
2940
1620
1596
1712
1276
348
1795
1314
1235
119
1952
1959
821
539
212
839
191
1769
317
319
325
340
347
348
351
441
466
242
248
478
505
635
642
2215
350
785
376
942
1028
396
4778
1534
978
872
1701
333
575
479
644
3894
314
2550
625
2573
2692
709
2465
348
246
1978
2782
616
876
526
421
193
230
838
367
380
284
239
430
251
215
213
752
536
451
611
448
524
354
362
366
569
577
482
476
629
536
547
1264
892
1720
936
3928
708
637
1366
207
315
394
396
400
1159
1385
1107
614
281
320
322
902
945
353
355
579
428
3325
1036
2727
14427
541
322
327
3158
467
578
760
831
842
843
624
1061
1065
3570
584
263
265
404
421
458
484
520
621
947
11954
467
326
526
1453
329
333
337
338
339
340
444
1002
542
469
830
276
282
368
565
381
556
710
2278
3310
634
694
848
373
909
248
3728
1070
1168
578
1215
1260
1005
933
596
552
122
3361
372
387
411
416
374
425
429
436
438
451
453
462
471
498
509
510
530
575
644
645
649
651
694
716
733
784
800
813
831
559
562
582
887
901
910
920
929
965
996
440
1106
908
956
965
978
1336
1204
1440
1484
1500
1512
1263
1551
1557
1614
922
1646
604
1673
1696
1702
1452
482
1766
1799
413
800
1865
1868
1893
523
1686
544
243
387
2028
2031
320
495
2148
526
1897
2190
969
2296
767
2405
2427
2168
1020
2489
896
466
543
2650
1266
2340
337
536
1242
292
379
2952
385
602
487
501
354
3066
521
609
449
3307
847
869
889
467
1014
784
3376
3803
3874
768
772
426
535
250
379
317
418
202
250
641
275
298
174
1218
223
307
356
467
20226
598
779
444
319
323
324
324
332
343
353
720
852
467
467
534
309
558
229
887
690
288
289
291
297
401
406
253
871
333
546
366
370
371
380
436
206
627
1042
685
346
623
624
416
350
790
174
175
809
221
286
299
1324
438
319
304
346
314
124
250
318
516
344
404
371
799
406
886
361
721
456
1149
436
711
353
353
408
229
607
131
594
789
529
727
835
847
422
980
386
538
66
28
290
386
346
350
204
706
874
225
59
588
889
218
439
302
105
390
430
439
448
449
451
459
230
527
541
545
941
658
736
807
972
976
347
1097
1110
1132
441
1236
499
882
357
1411
1432
494
328
377
1899
848
785
597
630
799
283
1058
671
723
1922
415
146
2270
824
320
359
531
3636
4453
606
277
1117
258
348
768
879
701
272
3197
130
205
108
272
290
363
353
233
165
167
223
3736
257
295
299
300
641
541
412
1442
627
197
266
335
409
254
485
199
409
200
312
288
483
263
267
275
560
321
250
458
318
448
167
225
558
245
443
311
536
613
272
1380
449
776
545
845
517
518
1252
362
1275
1294
257
413
414
636
345
664
761
412
84
157
160
161
162
54
569
160
293
949
403
330
444
341
355
454
469
472
537
563
580
670
904
960
993
1015
162
119
379
539
45
160
408
418
530
549
457
662
668
946
958
964
350
290
896
465
263
346
258
216
357
794
596
755
629
580
383
910
210
55
40
1067
99
312
131
138
152
283
186
225
419
721
321
549
399
588
892
1260
952
119
39
61
820
462
395
583
683
2609
1115
1246
1018
274
320
321
206
244
250
278
357
357
54
439
42
559
272
527
338
436
444
861
594
595
1066
605
721
26
336
100
327
304
366
425
737
253
787
36
42
2296
109
145
376
427
321
319
181
197
198
204
211
1086
282
296
352
368
398
516
559
408
409
412
553
564
567
568
569
572
574
694
699
710
1120
1274
382
1474
498
490
509
74
1217
652
851
1018
514
659
826
1353
1365
811
390
416
1031
498
509
560
201
497
12773
428
349
553
573
39
30
67
346
167
463
387
394
536
252
348
216
221
386
188
262
707
656
965
711
65
58
61
126
335
170
171
1288
575
443
454
455
361
388
407
408
640
535
1351
647
680
685
755
907
918
100
1282
1140
108
1160
1182
1240
292
1621
463
339
635
187
119
670
162
253
337
340
346
443
563
591
593
597
598
449
842
302
1059
1124
314
1144
328
332
339
430
431
343
343
352
358
360
364
376
388
389
396
399
405
414
443
460
474
490
497
513
572
613
620
634
646
651
660
592
698
716
721
730
772
783
789
795
921
925
1000
1015
1060
1063
1110
1197
1093
1282
1320
1330
1429
1564
1637
1818
1755
1792
1834
268
1875
717
1935
124
127
2036
203
1093
877
2131
2198
1029
2421
2445
2681
94
341
96
828
256
261
262
271
273
274
451
641
780
829
476
495
498
587
1152
699
359
3124
28
30
197
248
159
472
248
203
407
322
240
333
408
488
336
743
268
788
1058
286
571
407
264
28
30
33
45
67
155
956
282
352
378
243
716
827
238
687
587
223
128
334
129
135
137
148
180
173
173
175
187
233
169
270
323
237
291
378
526
412
128
256
879
452
293
590
215
100
201
100
202
293
422
1489
553
286
287
267
266
267
346
166
464
173
537
825
171
286
578
311
263
313
314
442
359
519
540
541
639
557
151
858
759
766
109
119
147
360
163
181
204
210
213
213
242
266
967
304
320
327
356
268
1005
256
324
614
2488
1045
281
418
417
557
558
814
170
172
4382
339
135
133
318
319
207
180
1867
334
344
317
379
1496
348
234
336
495
506
517
524
386
722
350
720
570
941
558
7892
134
134
154
187
193
204
225
225
499
306
261
265
283
291
369
397
429
628
904
421
137
175
200
558
1247
125
183
239
706
282
178
516
425
584
261
241
119
147
149
160
176
182
200
220
234
244
280
292
355
496
916
574
483
441
576
577
411
685
383
283
788
343
166
309
409
468
623
466
366
940
41
62
827
69
77
93
117
127
456
465
484
467
149
978
627
1139
173
792
885
1516
913
341
1808
470
3262
273
168
503
390
96
92
393
399
408
409
412
507
509
515
628
531
1067
675
368
612
1222
1657
1298
167
309
229
304
307
591
535
505
452
601
383
280
599
569
368
369
695
822
892
253
165
138
662
415
473
238
426
593
165
329
3813
88
37
446
3555
455
462
596
598
425
772
341
911
668
229
297
756
1402
622
3460
760
574
994
3736
319
427
309
312
410
353
648
520
968
750
540
316
338
593
221
280
347
331
168
175
183
184
196
228
265
271
274
296
360
361
376
418
431
756
468
602
594
624
624
631
671
726
809
813
930
442
773
554
159
442
413
421
196
201
278
653
592
119
497
563
565
635
702
340
346
426
280
1089
561
295
657
475
675
764
287
289
1114
226
134
1608
518
2416
1143
446
450
453
453
458
465
466
642
650
355
425
427
733
660
996
461
883
892
1270
1317
1325
1132
847
305
287
3587
1042
2742
167
288
4299
173
176
1910
71
45
49
573
4888
3738
4210
527
516
426
893
1115
297
4098
423
428
850
1202
725
534
491
495
6271
679
685
560
563
567
780
954
771
1099
416
177
284
1703
305
196
199
200
214
214
237
254
263
375
398
287
1045
3064
632
361
7836
1270
1313
727
375
389
469
417
143
119
161
270
600
289
346
1833
1576
468
329
360
519
587
3836
449
374
388
240
847
1813
303
389
390
391
659
416
448
552
453
414
432
437
446
849
601
514
538
303
643
413
456
500
407
1229
477
638
782
486
393
394
524
2006
1143
1052
854
1089
748
632
561
1021
836
861
1143
974
419
1244
1254
1113
1406
368
366
367
566
635
842
1002
976
924
2016
367
756
314
920
1830
716
818
3625
643
1901
472
472
476
481
647
655
501
922
354
213
483
1964
2013
749
658
667
868
459
285
291
297
640
889
422
239
325
417
551
589
1069
1430
1038
386
507
404
685
1301
409
489
597
605
337
780
786
811
143
994
1016
448
1466
1190
665
1246
1019
742
744
1556
1511
1947
478
490
720
303
801
277
287
414
509
466
515
550
547
1275
312
493
313
314
319
566
424
439
647
1188
745
465
1148
599
628
607
612
614
619
859
1054
731
977
1670
844
3288
573
2446
499
815
478
594
301
960
802
492
1008
813
337
575
819
346
658
396
437
467
433
439
433
636
608
615
906
577
631
585
509
510
517
523
901
670
670
817
1072
1774
465
539
1873
408
1936
778
824
706
1120
332
660
228
388
352
504
3209
796
1279
1407
935
630
801
564
957
474
778
502
510
661
971
848
857
866
391
997
1009
1012
520
808
413
558
559
573
577
1017
598
448
781
783
797
803
814
1803
890
896
918
974
1338
951
1009
2265
996
1060
1132
139
194
709
266
2495
274
53
65
1259
130
218
245
1364
361
435
620
1629
646
710
2585
3128
715
3040
2560
373
375
1903
442
772
702
288
290
3856
453
670
293
4241
672
533
534
599
731
559
944
325
339
907
926
420
421
4325
520
314
480
1235
1314
600
493
1678
624
712
542
4366
2015
409
469
826
746
779
509
520
418
558
989
614
481
1683
893
878
499
405
1312
685
962
439
441
442
445
445
460
1255
790
847
1148
1470
1952
447
738
499
851
626
1692
714
508
284
313
1811
381
626
354
835
470
605
1001
448
591
314
397
225
228
232
234
237
251
349
459
360
366
368
370
501
1095
460
462
714
738
247
720
58118
172
102
314
173
423
1769
524
154
307
412
962
3320
319
511
228
390
294
463
914
370
365
485
282
1116
379
387
396
429
479
606
456
459
598
775
700
263
747
338
819
913
787
1100
691
1377
331
335
340
62188
397
1634
432
175
485
490
547
548
318
1813
773
3163
905
2026
465
579
174
224
363
2508
2374
202
23
22
35
58
420
198
206
223
224
374
304
486
896
554
474
789
969
247
184
194
257
107
326
198
576
376
130
414
272
581
338
238
264
400
262
504
270
509
688
721
524
533
197
669
271
905
919
1179
420
900
412
574
447
456
559
560
131
698
136
233
1061
349
167
328
217
335
707
335
731
197
209
337
347
356
363
165
493
95
713
363
1096
277
281
111
106
572
377
509
160
381
197
639
332
182
417
240
257
290
368
1444
474
630
465
465
466
476
781
791
988
499
1009
651
574
767
674
1655
773
163
191
294
299
310
372
1035
1066
1117
503
1192
570
708
1246
256
668
706
742
175
177
185
188
193
206
543
239
254
255
286
294
303
365
424
433
557
316
2602
2570
168
353
2308
382
300
218
1239
196
260
130
134
134
352
843
527
194
511
196
308
426
896
305
520
209
158
752
1048
214
124
228
246
254
303
312
354
215
453
461
533
541
139
502
457
200
131
403
365
1549
132
264
917
354
361
362
249
386
442
605
308
847
167
308
225
946
225
286
584
264
579
356
151
266
483
122
123
123
124
158
161
595
269
444
342
239
889
710
263
420
295
389
418
683
573
166
895
799
331
1012
859
1082
1508
917
1090
225
131
133
1154
105
110
114
193
306
307
200
1544
42
556
1231
626
635
650
792
802
806
807
746
973
1247
1239
1857
1706
1288
456
204
283
649
419
472
1870
291
4375
346
2095
287
446
2649
383
2053
3656
3681
976
3921
4030
4044
604
229
1155
184
726
695
231
363
294
220
482
762
877
543
8187
109
479
6888
962
3223
597
224
519
619
584
295
3418
346
166
119
120
1205
250
289
899
338
485
513
839
591
772
337
304
632
128
335
457
160
450
9487
767
194
198
210
247
249
259
272
278
285
331
381
155
414
102
106
118
507
511
527
738
110
94
704
94
105
131
138
140
239
178
343
1429
375
283
350
829
342
161
165
344
171
172
182
189
201
255
458
342
397
420
443
446
469
647
613
838
882
106
97
906
166
762
736
240
304
653
272
385
416
669
721
376
472
444
445
448
688
475
552
212
342
349
824
357
308
165
94
98
470
617
300
319
334
256
257
263
358
356
433
186
522
225
199
818
190
195
199
304
403
325
139
733
93
99
135
256
243
258
262
341
520
420
937
506
293
642
761
229
1147
165
166
167
168
171
185
227
245
248
270
284
347
353
364
377
282
285
371
696
186
259
250
704
1016
697
385
319
112
563
414
321
317
960
229
125
1200
341
1255
330
1001
264
130
133
134
179
712
445
255
342
511
435
123
180
713
384
861
509
443
684
170
246
329
553
142
149
174
666
483
552
396
398
405
408
430
878
1191
843
928
607
207
614
138
140
108
162
227
310
272
528
335
530
651
879
745
498
3870
3893
1043
1170
461
1270
968
1556
563
1229
1752
397
124
336
211
412
414
280
353
354
336
442
664
398
811
434
983
2471
6764
558
442
554
534
112
216
559
308
203
744
314
508
448
540
1202
676
638
408
782
305
10569
712
833
138
138
276
533
1039
1060
162
188
357
187
248
248
130
133
136
237
285
369
222
167
329
3440
285
222
347
346
439
574
581
594
674
687
798
1206
316
779
152
1454
449
187
209
188
347
358
445
471
513
599
592
597
624
752
448
755
895
95
197
242
142
144
475
172
119
232
335
118
206
206
547
287
348
304
132
133
443
350
383
390
667
940
621
568
886
554
805
874
885
149
1613
170
178
698
227
230
318
305
629
471
2419
357
297
151
200
228
232
573
245
271
281
336
345
369
440
509
511
581
1061
436
437
591
611
516
868
1304
943
325
419
421
694
604
690
724
640
697
516
305
654
660
471
974
676
820
844
864
1126
799
1620
594
475
480
483
1479
617
618
631
416
718
835
968
2442
2547
442
387
341
200
206
392
268
671
1501
368
500
505
1159
868
956
877
1192
248
339
117
597
902
675
733
1865
272
421
836
604
643
1445
707
944
585
589
262
1114
862
1415
994
1130
1654
1872
637
261
193
212
415
772
1025
1237
414
449
469
622
570
573
517
778
816
729
1154
1167
959
957
1034
1037
1030
3569
19572
1497
586
279
281
1931
1955
1979
1581
230
384
301
415
348
618
2373
476
2172
582
333
336
346
564
591
592
687
3204
921
1150
1289
170
531
226
265
321
510
216
474
442
272
197
589
597
404
188
1092
107
443
352
775
444
359
480
483
608
730
739
839
979
784
191
335
118
121
140
152
157
172
349
369
376
387
412
506
515
656
329
683
756
419
867
835
729
266
388
161
279
362
225
445
595
611
279
110
743
896
1086
1363
1228
1276
746
116
1052
292
1241
569
1537
229
241
248
178
331
349
410
575
589
880
1047
242
328
278
641
550
378
648
591
1160
471
601
598
700
240
492
137
142
145
147
609
392
513
602
1107
1120
1500
1218
765
723
1110
1479
326
353
361
363
429
328
559
718
433
119
855
119
2697
969
396
3889
728
1057
307
262
413
142
249
261
207
371
408
294
459
852
597
627
778
431
169
519
298
1189
1266
384
349
1225
166
322
420
628
316
582
319
266
486
1212
563
1679
641
537
354
633
2590
355
483
918
147
238
148
148
154
155
244
256
300
744
562
354
379
198
338
3507
278
145
153
205
190
192
227
326
349
427
463
734
146
114
116
124
499
633
195
244
260
265
494
517
1039
265
515
170
343
419
283
1903
472
230
1964
146
346
2109
147
845
453
343
199
742
745
750
753
11960
329
204
757
207
788
898
544
423
315
538
546
336
329
246
249
871
418
572
634
349
312
320
322
324
433
526
358
762
531
591
595
900
955
827
336
1192
246
329
330
504
415
511
314
721
1071
353
410
346
353
263
203
270
337
347
635
687
1392
835
632
1757
400
604
386
350
247
518
635
299
207
124
176
178
648
866
110
114
118
119
3571
144
147
154
334
263
225
403
268
190
469
632
550
117
728
314
197
185
143
586
937
194
128
217
756
393
428
708
319
1175
118
187
208
344
419
531
760
304
167
284
318
249
332
345
436
1701
440
700
304
264
264
266
288
295
359
368
899
381
391
456
500
1060
594
599
650
675
859
380
641
1154
410
406
583
307
424
624
657
751
683
947
119
122
159
596
342
442
167
516
515
380
473
354
355
638
955
585
119
206
386
305
407
249
591
222
445
302
217
601
391
196
725
546
289
173
188
192
237
262
294
306
313
345
418
466
1075
692
334
197
353
262
352
358
497
358
595
721
729
735
749
168
1164
185
320
130
224
146
195
342
482
413
864
821
598
580
583
583
681
1757
934
749
754
3617
797
2742
455
255
430
3571
436
608
407
674
7617
1219
198
246
1079
158
233
751
313
5668
478
535
349
227
435
411
166
1055
169
172
172
237
294
445
447
455
604
593
765
638
426
257
1064
148
185
1210
436
185
684
781
189
991
238
249
260
351
418
428
481
598
603
294
895
387
572
359
107
108
188
441
107
351
221
400
167
286
288
404
641
201
202
471
200
788
1457
311
372
341
132
196
325
326
445
153
534
316
283
973
1228
610
1571
864
567
1607
415
416
268
502
502
513
515
341
607
626
719
929
359
1490
394
450
207
204
407
422
788
634
302
941
806
181
106
342
210
443
282
428
555
310
335
631
119
161
667
639
574
590
333
164
332
415
1252
2039
414
311
419
266
983
417
459
426
315
825
221
755
131
744
356
604
715
226
107
197
267
152
202
220
221
1666
267
305
188
151
316
996
526
261
430
147
530
535
527
249
142
295
124
540
296
145
191
234
106
106
423
320
427
355
441
452
456
283
536
332
1498
197
1184
201
344
1403
265
443
445
2278
591
600
333
756
267
275
332
338
481
491
782
430
421
536
469
1613
804
363
990
540
1118
206
407
632
310
311
533
267
896
523
183
454
468
470
471
475
353
434
460
747
761
768
819
652
137
943
955
311
321
323
326
326
333
398
409
168
173
1096
788
455
236
1171
499
275
275
1215
664
687
448
914
942
1048
635
1362
2767
450
218
506
376
512
890
1617
489
251
158
118
252
305
316
378
429
184
442
486
122
119
742
581
471
361
690
251
259
263
265
275
278
289
290
302
305
324
335
345
547
360
362
368
374
470
478
481
488
491
501
508
512
521
573
594
597
628
666
667
709
724
740
751
854
910
910
911
964
911
988
1106
1164
1373
1416
1454
1525
1542
247
1597
1637
1668
1710
148
149
150
275
227
266
1943
419
2018
2054
2281
401
2184
2198
655
597
610
2420
2459
202
203
204
2878
3043
606
3290
3302
3345
1051
1032
450
262
830
404
168
227
232
235
400
956
338
635
377
475
594
400
170
625
358
166
226
426
142
526
559
563
567
144
679
611
1081
759
1118
877
577
475
196
266
754
422
315
613
326
779
654
438
872
585
1360
266
703
231
181
881
1361
337
560
687
920
1011
224
167
687
291
296
302
306
306
309
391
425
230
528
582
618
125
700
544
803
1074
541
1308
215
124
402
166
196
168
441
719
539
266
360
365
377
378
382
388
813
495
499
197
611
726
752
766
867
270
218
224
1237
227
406
1376
127
906
466
514
529
533
778
588
243
508
667
579
125
131
180
225
225
402
492
532
548
555
560
671
700
811
491
1123
315
312
447
1231
234
1263
123
313
371
385
395
226
217
226
1464
287
294
296
330
427
262
343
582
263
248
250
670
775
421
259
154
141
148
543
329
165
279
455
194
297
298
541
288
448
685
306
526
823
186
380
393
961
388
189
198
350
397
358
1357
547
590
550
1392
2292
770
269
257
277
266
269
391
469
488
549
533
655
764
791
828
855
3633
3698
514
130
131
223
333
165
197
197
170
131
1227
377
635
484
353
341
1092
371
373
374
381
385
637
642
245
730
183
862
940
963
1045
877
1130
1197
1216
276
1424
265
361
365
450
309
333
741
130
515
285
360
448
173
217
911
310
198
205
347
383
118
120
135
139
172
175
214
225
245
255
331
335
453
491
1205
796
512
167
853
476
730
359
366
368
370
373
388
394
395
519
317
597
604
613
641
662
680
535
581
509
353
362
904
920
925
1128
701
1238
1278
187
726
1127
457
476
276
202
431
485
658
274
251
205
207
548
433
523
376
200
553
194
151
524
293
349
304
594
304
306
515
245
739
192
1105
162
213
222
250
332
409
1469
464
537
576
626
247
664
155
164
201
221
247
259
262
268
270
274
380
541
942
532
740
328
299
958
355
474
344
1262
418
471
169
173
226
239
297
1233
522
743
307
308
520
1049
338
284
408
547
347
424
208
119
2395
286
339
897
131
688
131
136
404
318
443
514
349
592
406
347
475
622
375
706
740
849
851
472
196
1335
409
310
824
436
256
257
206
121
124
217
224
231
247
305
514
391
393
394
395
1177
1343
679
286
4876
409
5029
305
311
314
415
536
197
340
263
383
265
199
202
203
408
554
388
344
623
486
819
646
392
393
925
740
310
318
321
1443
529
516
686
309
582
785
723
329
352
356
447
635
801
294
424
169
170
271
1488
223
655
893
347
254
339
160
119
3250
225
133
224
196
167
289
406
263
202
264
268
286
559
630
305
272
954
196
703
1398
280
196
206
341
408
219
231
234
287
302
309
389
421
428
449
251
639
677
731
757
782
240
1294
790
607
473
714
348
590
701
293
352
831
352
131
130
533
242
142
194
907
198
207
209
229
238
306
311
316
322
349
461
424
438
469
516
546
686
294
694
725
242
142
252
829
350
245
354
471
142
590
596
1082
169
1031
317
370
342
219
355
675
437
603
544
334
121
490
332
400
467
347
336
147
473
383
472
292
483
600
255
519
585
630
481
543
241
221
686
1845
132
1278
2417
539
124
262
448
269
356
266
368
448
457
464
630
173
141
170
186
239
343
351
631
274
171
413
168
468
214
221
223
264
266
279
296
342
361
412
592
632
469
265
167
182
308
373
409
421
605
201
688
339
491
629
401
97
104
172
236
172
171
238
246
416
854
962
264
352
400
593
551
815
271
135
181
273
850
307
201
265
349
522
615
938
346
465
351
347
263
265
277
355
461
350
552
824
581
230
94
349
358
358
467
337
147
605
196
707
714
356
557
413
385
289
443
327
440
337
615
415
198
335
330
329
329
557
197
330
204
538
267
273
279
344
400
313
552
321
552
419
535
961
402
402
476
558
570
413
415
977
691
484
491
901
336
416
203
539
393
211
215
218
225
474
292
432
239
362
368
374
659
497
520
653
267
343
730
746
197
1024
1890
441
703
445
390
357
369
371
387
895
536
539
635
642
654
437
440
679
728
702
765
803
806
568
580
612
877
903
703
751
1053
846
871
746
1160
1224
991
422
1449
1485
359
580
225
297
819
505
929
717
809
2605
1146
611
204
853
326
1537
931
386
389
402
407
408
496
503
309
537
403
629
653
657
754
761
764
598
595
914
808
1620
912
360
470
475
601
837
628
198
202
209
211
212
215
361
369
435
471
487
638
92
76
88
111
134
145
167
181
182
226
307
357
368
376
444
667
828
830
1014
555
692
440
792
2151
946
231
2089
521
523
454
283
271
401
306
284
710
741
379
398
266
564
577
496
865
955
288
716
758
1026
1065
1072
1078
884
1476
1877
464
367
506
342
618
154
2713
163
198
262
267
309
550
106
917
144
32
29
584
7445
287
294
328
204
489
265
269
271
330
413
177
181
546
201
222
222
233
450
301
310
351
812
1168
986
1142
599
382
174
914
204
787
103
660
271
112
120
152
159
408
466
194
202
300
349
163
386
241
196
95
142
493
350
346
286
286
244
194
829
286
352
362
375
293
601
730
898
991
603
1018
1165
1167
1206
178
1222
253
262
239
1359
406
169
394
194
446
332
348
451
475
1075
1239
1392
348
351
491
624
628
404
861
867
964
465
708
283
405
349
245
254
225
548
267
198
200
206
338
345
725
263
277
277
278
288
355
362
454
461
467
884
1285
10087
617
110
151
182
204
230
285
212
124
260
305
412
623
56
46
79
192
147
192
296
1071
516
98
128
517
513
401
200
204
205
268
362
402
420
697
329
337
287
347
355
442
447
456
464
481
491
563
607
283
375
937
981
1057
1214
335
796
1354
310
414
385
389
515
513
262
908
350
921
355
205
118
120
351
360
450
139
34
1151
38
45
47
54
69
761
278
280
282
466
541
574
280
639
666
334
737
219
939
361
453
689
637
1075
389
389
331
288
289
388
329
356
129
131
170
265
271
408
471
633
263
302
124
132
139
170
219
248
262
265
312
345
361
542
500
596
657
664
865
896
903
1002
583
561
608
120
177
203
328
307
1040
464
305
305
306
1925
397
411
484
489
514
606
1111
165
126
286
345
1261
163
477
165
557
703
944
443
303
621
164
722
240
439
335
355
376
467
487
500
567
574
575
620
717
737
809
919
982
493
1062
1089
1269
1302
385
1513
466
360
469
595
608
707
965
778
670
346
298
328
693
448
406
785
352
629
352
481
597
119
956
391
29
81
270
163
346
142
464
46
22
110
354
357
824
1076
517
411
411
144
97
726
314
307
308
429
618
636
642
836
415
421
1262
621
304
411
303
215
276
215
273
292
406
526
52
33
215
133
138
175
228
233
362
169
124
329
334
339
166
347
349
450
460
472
211
578
588
246
251
598
263
611
288
302
374
394
743
402
422
440
442
791
609
936
1384
342
404
308
406
636
404
418
246
252
253
258
259
261
262
265
268
330
334
335
337
308
586
657
416
846
352
586
352
442
442
1063
746
1200
749
406
213
125
282
224
346
667
305
309
314
412
423
527
522
1012
171
824
960
168
307
625
939
440
332
439
447
571
573
127
145
162
185
213
242
261
274
968
665
337
1023
367
434
586
596
551
1076
247
576
321
594
437
451
835
351
787
415
414
347
533
642
346
1512
892
598
599
585
750
894
348
170
1064
397
418
310
746
256
126
130
223
897
464
166
168
172
226
322
376
411
377
560
589
605
851
585
348
245
196
383
645
1168
242
238
898
453
454
592
597
755
410
358
908
249
320
325
415
475
1436
494
170
128
169
333
455
302
124
128
130
224
383
910
1050
382
398
536
1061
1111
468
293
1322
1356
228
1572
552
309
571
382
212
168
217
219
232
235
334
357
469
150
150
198
199
244
442
747
337
333
203
408
204
275
476
548
646
299
389
514
717
350
649
1192
931
422
592
2144
212
125
131
169
263
238
240
243
246
322
324
220
243
168
198
240
247
331
494
570
714
855
715
594
346
355
125
196
610
196
210
217
218
283
344
356
359
363
368
403
345
900
72
31
33
66
164
73
81
92
150
167
264
207
396
269
538
256
267
439
925
1017
618
1192
378
374
75
998
1507
263
262
1185
518
469
602
702
708
458
1220
166
215
825
347
240
390
217
583
1452
349
818
262
263
345
436
221
219
331
1441
782
347
463
338
341
342
704
452
738
346
559
351
358
687
316
582
929
1005
542
1108
871
1322
190
148
470
216
383
465
121
118
119
290
821
720
463
126
348
417
95
319
528
857
470
749
595
595
249
312
234
137
583
585
305
310
835
1050
1066
607
850
168
311
309
629
591
467
339
477
198
202
207
269
285
392
719
1073
171
168
474
335
983
1067
525
694
232
412
202
320
444
238
240
240
277
366
99
341
639
467
196
203
809
347
560
753
715
856
311
408
146
948
666
304
456
350
168
258
444
351
356
359
361
790
844
942
583
462
402
171
172
238
473
535
564
446
806
309
124
595
264
286
308
337
457
215
221
232
233
265
299
592
366
399
407
407
1423
427
429
461
489
491
641
705
1040
794
800
804
860
481
98
170
410
305
32
32
128
162
345
257
345
352
359
797
311
322
420
634
783
993
1098
925
776
474
335
345
215
263
381
280
971
1331
550
281
409
261
166
790
285
519
454
248
814
232
235
5415
281
251
159
261
129
290
167
168
171
286
378
321
440
250
147
158
165
194
197
199
207
253
264
317
465
168
171
176
627
305
306
185
451
244
79
37
64
126
163
198
144
151
301
310
330
195
196
463
62
527
50
58
142
159
179
363
899
946
306
512
305
512
620
110
100
525
305
515
334
46
279
31
342
863
686
1095
1115
250
246
41
46
53
698
555
698
586
1445
1071
39
45
257
125
168
1322
482
487
490
305
606
615
619
623
951
517
1121
1497
587
464
710
831
211
125
306
513
1263
32
70
99
137
408
834
557
731
348
357
281
461
482
926
588
419
379
788
810
371
741
877
1508
533
445
452
513
515
248
130
163
167
205
302
351
896
1271
373
283
272
356
218
668
741
315
188
190
191
195
196
260
306
335
361
370
382
393
408
411
512
518
560
562
415
199
977
1316
252
176
533
310
313
216
169
263
197
625
184
247
556
515
318
325
420
425
514
520
532
545
627
645
784
468
337
195
203
405
412
196
199
200
202
351
360
421
478
482
347
331
345
347
332
408
584
407
161
273
314
50
22
525
518
30
106
959
489
316
480
64
66
71
88
96
124
179
206
231
239
266
793
807
429
473
513
646
789
837
635
979
139
1781
1032
201
286
3570
1630
311
219
278
165
215
166
124
284
153
765
115
159
745
354
575
838
304
356
358
762
833
29
33
128
171
215
413
557
192
171
197
214
36
281
352
354
360
376
1161
176
445
234
869
555
1019
638
516
126
130
217
142
143
148
266
416
60
522
46
475
473
595
38
58
400
191
245
401
521
317
416
421
537
544
580
849
384
191
142
347
298
277
648
375
432
172
197
237
245
248
259
269
103
754
139
446
504
526
541
564
1016
212
400
310
312
403
350
466
44
56
620
313
319
439
549
558
529
52
643
41
88
739
140
749
153
57
44
1101
1357
508
877
502
303
335
169
679
311
631
145
152
558
209
460
1021
136
270
1725
514
368
153
191
196
198
203
355
218
615
638
666
3140
352
543
512
902
270
199
268
272
1575
204
191
150
255
396
459
214
221
278
340
400
197
240
273
307
297
339
418
418
435
532
625
795
972
296
296
373
933
356
357
362
366
372
488
617
633
861
972
142
504
223
128
130
133
134
225
231
411
305
306
411
226
128
229
348
652
1488
408
669
674
294
144
151
266
303
405
465
190
191
149
293
2061
417
638
94
421
56
135
138
205
228
255
365
468
482
504
521
418
943
151
152
154
157
195
197
342
78
500
68
813
310
270
228
970
673
282
521
417
257
170
261
933
250
314
315
316
422
521
627
43
36
67
273
174
647
127
131
148
149
635
219
268
286
333
465
752
984
952
767
771
704
428
800
40
88
267
350
223
222
304
178
217
230
438
126
130
171
404
329
329
212
212
218
448
692
378
425
303
565
133
139
391
163
712
186
210
213
536
542
329
335
361
672
426
452
482
1054
810
1285
1318
1046
245
292
251
251
632
160
160
222
442
852
216
215
217
409
226
890
508
441
771
1053
310
571
554
529
272
276
582
420
318
422
431
541
644
667
1346
124
384
164
166
177
301
341
566
977
28
94
160
220
212
275
171
174
220
124
124
554
327
410
666
406
215
169
125
305
218
304
213
338
124
130
137
141
149
208
219
243
275
305
279
280
376
396
419
544
547
549
592
517
216
408
214
27
22
44
165
124
349
270
329
272
664
442
353
124
128
142
189
266
418
831
376
129
262
284
293
362
364
365
369
382
393
468
481
537
759
1266
2058
569
974
334
335
337
444
707
554
685
424
329
345
890
918
330
169
434
349
133
134
236
1446
846
1398
344
132
697
219
261
839
336
345
346
347
443
458
461
675
682
279
686
786
397
318
134
231
955
380
453
94
103
105
247
132
331
174
251
335
257
350
360
337
357
453
471
433
697
925
953
475
1194
133
1277
580
107
163
206
223
234
264
266
284
296
303
449
349
124
124
416
364
102
295
561
1071
1232
1247
1280
272
177
242
359
773
1171
608
218
160
162
227
274
621
396
273
292
358
372
372
380
388
449
451
459
465
836
274
134
136
284
1033
1051
614
576
250
310
312
546
633
932
182
408
1442
564
1457
335
895
282
167
180
181
192
227
231
244
358
371
428
526
257
128
129
169
168
124
155
159
161
168
234
271
272
305
309
324
338
351
405
423
452
467
506
566
863
668
328
262
670
270
453
723
748
1421
234
1449
171
285
346
362
409
744
441
227
140
147
151
156
201
228
256
287
336
404
436
245
621
245
347
262
534
220
901
127
140
146
147
70
35
243
291
393
447
513
562
368
319
328
476
1221
447
826
360
1702
281
182
602
423
569
144
119
386
743
219
868
565
1106
1259
901
622
125
492
39
41
840
353
354
553
485
260
46
291
226
281
534
139
78
493
288
560
123
179
214
227
245
350
373
431
564
260
356
174
197
143
178
179
231
376
477
86
28
32
61
143
142
121
121
139
140
170
174
246
254
268
222
176
356
124
130
132
134
135
217
455
53
37
63
80
175
483
260
278
279
364
464
472
480
546
647
881
1202
135
131
137
138
141
177
239
244
204
320
335
552
43
59
447
453
626
206
1542
335
386
292
499
687
378
1261
512
224
224
262
622
506
504
124
306
51
322
87
147
373
146
395
298
142
142
834
142
416
834
764
383
503
506
1161
555
119
288
413
416
343
700
242
982
991
200
302
464
131
170
245
257
413
169
443
125
741
451
596
834
1055
1060
119
202
245
224
247
135
139
141
189
191
419
330
444
515
387
665
189
218
227
260
275
304
330
964
252
498
238
238
242
659
363
800
806
550
570
638
697
821
502
508
510
1252
589
600
702
884
1016
1049
1094
1762
70
585
203
1072
585
3659
336
250
273
331
245
444
307
262
1181
346
64
28
197
131
263
239
368
511
224
284
827
347
587
273
134
138
140
187
434
190
177
450
934
239
191
703
253
132
177
591
271
583
446
447
130
208
599
134
282
293
323
780
1187
481
403
247
120
208
130
254
256
270
276
313
426
670
668
169
172
174
334
335
363
231
204
331
786
553
129
422
262
202
202
203
207
213
343
419
578
633
705
937
344
320
349
130
132
133
135
136
140
278
905
169
124
137
139
175
245
351
278
279
346
364
375
423
243
772
609
354
371
374
495
613
716
852
212
1136
1234
224
230
309
588
366
426
132
534
581
665
890
374
269
334
469
586
200
333
342
353
597
160
955
330
227
350
130
181
138
249
259
353
315
341
349
417
382
383
384
389
917
225
283
593
346
394
352
171
600
221
182
442
161
120
206
338
222
132
525
734
377
472
352
353
585
396
1205
229
664
338
339
455
688
418
799
454
1388
280
672
776
389
511
516
666
58
28
132
784
227
1187
702
827
314
119
176
290
270
636
32
33
55
63
83
1053
215
130
178
124
126
269
947
167
173
217
220
211
531
489
119
248
345
464
823
301
382
226
226
436
399
835
352
526
418
867
1088
334
216
196
644
215
382
227
131
131
198
442
153
198
204
252
328
407
124
1045
221
329
407
338
445
195
145
191
1196
895
660
538
965
420
423
51
70
75
960
554
66
23
90
830
1142
587
94
554
184
532
465
217
261
416
1059
425
205
250
386
451
791
42
55
36
66
584
349
705
631
572
289
415
784
866
166
778
171
328
415
629
779
330
438
346
346
173
1409
612
211
826
368
215
127
169
527
308
782
318
554
333
210
273
408
576
444
149
157
159
704
342
998
460
652
737
779
383
697
409
274
29
281
69
230
180
186
188
228
230
233
303
409
410
308
319
322
324
331
421
439
449
620
639
646
774
237
514
888
950
982
351
501
464
348
333
348
350
354
463
469
475
408
1488
588
592
607
294
140
171
1068
1296
246
244
460
697
847
1056
515
520
823
706
1379
1054
541
427
1071
430
1806
1093
316
1622
258
893
447
61
54
56
72
138
1203
1216
457
705
279
53
376
431
440
440
343
519
854
664
1059
645
599
440
142
146
328
348
346
467
586
346
223
1216
415
286
332
201
435
386
1069
50
1106
24
53
85
648
895
158
160
444
445
449
613
781
1057
401
333
338
338
201
445
1368
451
118
207
474
219
898
240
1068
415
595
596
607
762
902
707
265
669
210
344
356
579
549
450
654
568
374
194
1071
295
336
382
250
255
279
425
677
583
290
354
686
587
610
725
999
1016
519
59
436
281
975
345
203
343
55
32
62
202
514
384
386
389
400
127
526
526
170
649
776
787
426
357
1186
651
357
608
599
418
499
1419
251
250
514
512
305
407
410
212
146
892
199
245
895
275
202
418
646
511
896
442
406
602
244
1101
670
1785
382
387
657
818
1366
1068
28
22
45
274
396
413
1222
533
912
676
409
419
454
503
671
1315
3783
875
318
2252
423
445
447
1985
642
752
715
740
969
390
1436
672
456
414
2810
9833
379
279
320
330
238
347
338
441
1138
335
592
466
684
3449
167
717
705
346
355
482
1077
709
653
1065
1207
382
516
410
828
311
515
541
622
631
743
290
202
200
291
671
375
430
668
335
427
707
275
205
209
212
277
344
349
302
778
176
222
386
395
508
657
1461
280
353
281
480
592
777
279
380
1047
617
891
954
387
374
1205
377
215
135
171
173
229
235
405
632
212
408
148
149
607
1821
291
388
753
632
475
277
821
347
428
434
233
580
582
676
1494
737
1159
166
1346
1290
292
742
214
124
128
358
474
594
125
652
280
425
405
336
335
242
145
425
432
445
520
240
241
300
715
625
735
669
1084
884
151
661
203
264
387
527
533
1541
697
1756
732
126
234
125
176
700
304
2658
221
5455
235
334
406
242
495
238
558
643
383
341
196
243
355
511
415
310
1299
1579
514
142
383
512
92
30
45
742
443
446
572
171
178
788
1367
1064
1119
408
622
628
214
129
132
142
152
154
185
187
198
247
279
318
403
512
564
621
473
245
142
316
317
323
517
544
640
728
996
1258
472
215
125
598
259
170
216
34
49
81
91
94
103
1043
596
1324
987
197
206
246
250
306
667
763
23
40
54
472
1190
442
456
457
461
472
473
612
625
755
765
894
922
1074
1375
1393
1734
328
1059
246
334
461
469
472
577
773
1047
284
526
504
494
537
385
391
396
400
190
513
532
169
779
588
913
1354
1107
702
796
907
383
390
393
787
1052
1217
1330
124
133
133
217
429
656
891
835
555
596
259
260
260
129
133
221
222
435
475
472
476
526
527
477
595
444
456
461
467
468
473
623
636
639
642
648
769
784
790
910
947
1074
1107
1565
1681
167
465
897
446
560
386
384
649
664
280
288
294
299
302
405
472
770
853
902
936
1106
525
170
403
329
328
167
377
311
557
1046
292
296
301
495
330
349
444
448
552
784
412
586
593
892
204
207
491
185
158
1499
743
1219
386
512
187
994
1128
1315
348
441
813
668
341
329
346
444
352
360
361
380
672
472
606
620
621
751
851
876
973
1067
1103
1120
633
262
267
273
280
280
281
288
359
364
377
445
457
460
657
843
261
539
938
692
927
558
565
1121
386
292
293
294
385
387
170
432
196
196
405
354
267
265
271
484
465
470
124
539
662
179
289
819
822
340
341
343
473
576
587
598
825
266
125
173
323
377
393
383
445
168
516
188
215
237
321
546
403
418
347
142
351
245
724
859
1360
1647
329
350
555
562
444
540
329
556
1246
456
148
242
466
350
1130
346
353
354
469
600
172
1219
1306
149
583
356
358
360
471
846
605
781
704
735
983
347
510
1200
1472
598
1078
588
466
463
101
229
703
713
468
584
124
126
358
231
96
104
133
172
558
330
553
703
267
132
358
382
212
1793
334
588
442
333
333
336
439
586
350
1071
167
168
485
131
165
191
143
704
703
441
1172
449
552
347
554
173
134
135
137
172
222
302
197
235
645
778
774
438
912
262
169
218
128
94
327
264
201
334
562
29
28
510
643
648
124
223
419
553
336
339
349
449
461
462
922
929
870
1004
468
421
1309
381
187
1114
131
129
130
1271
260
265
267
355
602
724
592
94
132
270
525
314
347
523
349
350
583
967
522
382
124
213
582
106
107
166
185
223
308
354
530
513
904
1172
256
628
345
618
408
215
417
310
131
95
529
535
643
170
260
269
57
353
259
399
762
41
46
347
380
137
356
359
368
484
487
490
905
594
1148
1323
405
313
414
627
635
382
772
1026
463
349
595
606
824
192
199
1099
474
442
469
186
413
344
622
438
481
272
287
221
225
497
586
470
167
303
596
362
476
479
716
247
249
298
215
125
42
286
29
36
92
487
684
190
112
113
245
320
141
637
598
221
1174
177
222
237
339
350
501
579
132
709
131
179
351
355
355
597
146
253
743
913
1061
1134
320
1226
331
437
387
393
123
639
645
224
910
922
930
1216
348
168
340
376
350
511
215
433
637
129
168
820
344
910
387
163
169
280
389
508
387
383
554
466
778
438
822
332
336
358
364
957
492
568
605
607
609
1291
617
627
705
722
731
972
1027
245
161
259
274
341
478
596
638
809
378
633
897
482
291
385
389
395
237
198
693
793
550
256
1044
293
359
1226
197
113
114
746
1037
212
127
128
144
145
149
180
215
234
238
262
294
315
353
429
1346
318
1548
1076
318
413
464
1595
387
329
1065
329
340
879
350
150
712
196
257
247
321
311
316
421
535
552
743
595
961
495
1356
608
616
621
635
718
592
1337
705
414
565
717
719
346
346
636
463
469
506
509
257
617
905
292
191
232
192
210
528
779
588
184
378
594
580
682
288
389
585
708
686
335
272
282
164
159
217
252
184
186
185
195
199
261
265
326
380
458
592
444
1691
203
309
396
314
390
403
464
704
358
463
586
953
620
1511
1576
383
1768
191
191
131
582
136
189
241
244
398
541
726
840
276
440
207
817
273
274
328
350
587
806
383
341
341
467
469
389
407
413
419
607
518
649
564
572
583
414
714
291
133
783
814
844
211
212
937
967
993
1139
454
1291
647
1565
950
371
187
247
641
516
774
1040
