Waf: Entering directory `/nethome/dkochar3/project/reproduce-red/build'
Waf: Leaving directory `/nethome/dkochar3/project/reproduce-red/build'
Build commands will be stored in build/compile_commands.json
'build' finished successfully (5.196s)
Load generated: 955049 bps
Number of response times recorded: 20667
60
44
63
64
219
284
223
127
135
140
182
227
312
292
362
316
318
336
528
353
563
564
574
381
699
701
372
528
865
469
669
559
649
554
798
470
507
829
558
593
685
608
732
735
426
935
484
667
589
388
690
452
558
574
625
326
332
947
340
365
352
364
695
596
467
786
476
491
492
496
499
512
703
496
522
281
566
637
537
656
642
1357
652
1047
437
512
929
515
802
962
678
1234
608
524
485
1858
1172
1962
620
699
730
724
2049
534
840
1409
704
2006
2181
1959
1970
2218
1307
574
2209
692
479
484
421
724
633
381
695
873
2415
439
562
982
661
594
544
2598
651
2719
617
1947
750
959
935
2143
1928
2359
696
1761
1997
2056
2228
1868
2869
2794
594
2538
3329
694
583
2916
2860
2717
2265
827
3333
2242
2912
1308
2463
2181
472
2788
943
650
2684
3057
2789
708
3361
3464
2799
2449
2380
539
586
3702
1361
680
445
2892
447
438
2456
3084
565
591
566
2560
4075
1104
4174
432
3316
3376
3389
3402
438
3411
459
526
3554
3403
3733
3705
487
308
407
2909
632
632
600
4248
2834
741
2744
683
3839
690
2561
2425
2428
4077
548
4699
3771
4065
3077
4212
3737
3181
3206
2392
4692
926
3783
606
4712
3088
583
2273
3594
3686
724
2157
2839
2903
745
521
671
672
2552
4311
496
595
2573
2649
715
5392
5029
469
2386
496
2446
1325
3923
4203
2691
2053
4780
902
3955
5488
3494
3991
4620
3554
3969
3604
1892
3985
5491
2615
3921
403
2393
1025
4019
5449
5541
649
4110
5585
5287
660
2630
5219
2707
3825
2444
707
728
3546
3667
5660
5539
496
5728
6260
2752
436
2490
3867
526
447
5339
683
3670
643
2476
585
1843
5981
2580
3438
5550
3410
3943
628
5711
3634
513
3701
3568
2594
538
4656
3844
5924
5838
4122
1761
3828
3858
465
7572
3071
5778
3614
2898
6110
4319
1847
3568
7139
697
5899
5618
3655
5858
6765
3838
5341
5611
5009
622
588
3764
6986
4505
7524
4528
2742
5283
6930
5870
6621
2624
3678
1620
6396
5590
2456
2412
473
474
3797
558
4513
5742
3812
3665
3676
7248
2241
2975
4136
6715
474
5706
5134
3063
3800
5808
3915
2881
4076
5453
874
1049
2859
878
3689
2082
562
7968
4303
3699
3701
5592
6069
807
3440
437
4750
3318
7682
3983
5845
2901
3610
2514
8069
3653
3569
3862
6929
534
4085
8527
9200
1912
4408
3812
3954
2528
8414
5519
5172
3608
7613
8494
673
1691
659
6196
6437
3522
6623
6287
6629
3950
8929
5927
5298
5537
3367
3677
5456
2920
7905
6725
1675
3530
6319
3364
6475
3733
6060
9673
3705
4000
619
5371
5562
8390
5721
6863
3517
3530
4111
4201
5318
7448
4976
6708
762
7684
1062
3581
5424
5638
5656
5477
3145
6558
5496
906
5928
7193
2517
3902
3731
2831
5738
7167
10945
5755
4416
8633
8886
10930
6579
8703
4017
8778
5412
8965
5766
5114
7273
3694
6766
1995
3568
428
2908
4062
3434
6783
6968
7409
3808
11241
7638
1990
6684
2615
2291
9413
5681
2503
6272
3647
4981
6895
4284
8667
7872
9729
7330
3867
957
3934
9654
2960
5576
5945
9931
9596
3670
3643
588
8390
6644
5468
5799
5537
9519
8551
1473
3478
6805
8596
3405
8235
3421
5170
10716
11361
11197
7038
9958
9574
11321
3532
6265
3781
7214
7716
3921
8346
10072
11488
9448
5952
8857
8259
4207
5637
11059
9639
12455
7073
7772
2830
8422
9769
3468
7406
6066
6912
9662
9074
1434
10396
6916
6820
10613
5412
6402
6814
6403
8089
3744
8138
9628
7682
2042
6733
6869
10358
9945
6069
8752
11593
6012
11524
8882
6158
9046
5543
8882
5802
7449
9772
10586
9721
5365
7014
12916
9964
7403
5697
7900
2775
6463
12873
8862
9807
5186
10183
7369
3735
11984
7416
5556
4548
8311
6795
11188
3600
9837
11978
8953
9469
8687
7564
12602
5625
11710
5626
6007
12392
8538
5204
9935
12227
5561
12787
12450
10020
9750
8720
6001
8048
5773
9625
11417
13724
10031
12716
9341
3438
11766
13279
6531
5430
11017
13203
8974
9713
9775
6589
11868
9762
12758
9647
10217
5497
10707
6680
9703
5537
11860
11407
6670
7448
12669
3927
10141
8279
15425
6524
10447
5980
9018
11942
7970
10020
7422
14739
14460
13336
8848
12628
8336
3541
3546
3763
11433
6513
6364
7449
6126
9623
2601
11596
7343
6826
6774
15363
6695
12673
11646
9718
15280
6619
12939
8975
7008
8817
7252
14640
9597
14706
10293
14049
15876
6687
11716
6734
11774
2511
9761
5474
8976
7353
10424
3891
9510
7136
7775
14575
8276
11598
8843
14962
5497
11752
12145
14422
11556
16391
4159
9725
3879
3596
13119
10155
14748
8274
14511
8862
9903
11357
4708
5102
12441
12574
6405
6407
5798
8232
14598
10964
12666
8442
11700
12070
8234
15317
11329
986
9529
10736
9510
512
3600
9612
14270
735
15911
15013
12133
11299
14826
13079
15731
9662
12642
11411
16772
3673
12910
14046
11314
9387
16318
9726
13433
3621
15959
10204
11214
6664
9702
8247
10004
8521
13455
15447
11401
11768
6936
4783
10245
11094
11329
10001
5804
11327
14418
13229
17641
11486
15184
15866
13599
9873
12850
17774
5306
8415
6818
9540
18357
4005
13158
5132
11227
7158
936
14368
9611
9420
6741
12936
10505
15444
8029
791
3717
13138
13475
10506
12596
18634
7078
13159
11956
15801
12948
8152
5645
11375
11817
10043
789
10077
12967
12243
2222
9814
16065
19242
13523
10154
17827
17610
10671
12838
10353
12578
14848
4743
7269
6831
16301
9735
15223
18191
8840
10897
13041
17971
6663
7332
15735
14897
11603
7994
15869
8905
3959
13012
10996
8191
3675
17646
11570
10813
11274
16894
12108
15061
11389
8882
11273
4160
10286
11319
7054
19280
16170
15598
20182
19935
13041
15363
14462
16326
7270
15705
8533
12762
12799
13470
16394
8810
20580
9663
14394
17319
15886
19282
11428
16615
12234
6787
19029
14484
13072
13249
15155
6542
9099
14501
12875
15979
14686
14320
19831
11463
7393
13169
15603
13480
4382
7392
9891
18942
15925
793
10171
12754
4475
15483
786
15020
17592
14054
12796
13885
10437
8628
17898
15762
9007
17225
4751
13402
8975
17116
18547
11812
12990
14752
15884
17214
17164
16097
14231
8826
13597
18705
6710
5320
13929
12791
15226
21297
11943
20355
12692
13391
12635
13627
13255
17622
16226
12853
12597
14923
14494
3824
18257
10242
9812
15871
16221
19569
16923
13817
5975
5928
15339
5811
16673
15264
12779
4607
8075
7191
11067
9726
16314
7444
5324
9020
700
16461
15132
5800
17699
16256
2755
18590
9789
22548
19844
19142
20176
16121
9814
10961
9851
14961
15891
16945
15015
6758
12575
14891
21774
12111
19046
22427
19052
11756
11173
20088
18666
14871
10328
10518
22833
13969
17678
10374
14834
19022
9947
16614
22987
18973
20022
19089
15352
18654
16360
10080
17818
20021
17156
16087
18954
13152
14582
12809
4675
16462
13435
22439
10894
16705
17626
21368
14436
11198
21890
17354
6077
21757
15850
14928
3853
21318
19263
9834
23666
22585
14417
11931
638
16047
7829
15555
15281
4345
12615
16577
6887
12636
5803
5843
16866
15767
17440
18054
20806
18065
17187
16409
12743
22804
19907
15811
19836
4196
15679
16063
19033
18968
22544
18019
12201
20392
16770
3681
6775
8608
19972
3774
16453
3818
6780
6824
24150
16049
24983
3823
19748
21159
4007
14868
3610
7097
6353
24666
13083
10080
6228
22424
14470
14693
17944
21436
24554
17590
8282
4445
20415
23890
20160
14889
7561
15938
18512
23541
11667
23570
18638
12897
23955
6822
5954
15100
25524
24501
6862
20675
5193
17122
9747
9866
14247
6625
12787
5806
22073
18329
20835
19403
19725
5345
15387
20550
17486
18837
17551
12150
13356
13207
19838
23377
18034
23524
25083
13153
19580
21829
25332
20561
18926
15082
5598
8830
5668
5311
6083
13461
17821
8921
18609
5655
19547
16129
9410
26205
14414
23488
4346
7981
865
19683
22624
23025
2770
26244
27693
13224
25462
18956
11846
14892
26419
20556
20281
3566
24382
23106
14642
13497
6468
15014
22806
19701
21451
8842
18779
9909
12387
20807
27319
19871
19792
23459
19048
17579
16923
8778
17198
23188
6785
12909
19393
24471
21079
26537
17650
7364
5694
7605
21443
13744
19431
26276
23717
7486
7373
5791
14664
20710
21972
4186
26351
12369
22195
28054
4405
6065
23910
6923
19792
22789
5868
12056
12930
28796
24765
26694
24490
18426
20776
21390
11211
17559
5873
26255
22076
12338
18660
22689
13136
25269
8652
23892
23497
27425
8414
25643
5843
23953
21895
18674
23798
22844
22431
8529
23291
18566
22107
18175
29867
1471
18043
16745
13917
21059
24062
22240
15885
12681
21687
8907
18005
8922
23846
21032
16031
22768
26948
25111
18994
27005
5926
14623
10109
24481
5703
9328
5841
4636
22076
5804
6609
21567
17610
7024
16727
605
9791
16607
6826
19270
18189
912
28507
26586
20836
23391
23678
18940
9563
3664
22557
18009
15677
24705
28062
25484
15284
1170
9164
9762
11813
18074
16476
23852
20607
26464
31911
25155
27069
26198
10571
26475
21248
26613
18930
16322
3942
8014
23604
19280
24487
26053
24096
22719
29729
20715
23812
9894
6911
7685
25206
11649
4200
24843
10864
11928
20051
31131
5029
28140
25332
19903
25755
19496
26651
26171
24770
32004
23408
23894
25288
26619
6737
22175
5856
25379
23901
17120
19149
12749
12750
19432
19456
29976
8614
15573
28989
11705
19603
18307
28687
18682
9033
22364
18892
24239
10928
14896
12793
11948
30669
26154
29248
28609
27389
28312
31065
29240
8949
6067
8153
20883
18035
29532
26722
24678
19924
4209
24836
8904
14713
21931
27955
18014
12671
23062
33624
17660
26549
6644
23481
17805
17550
11872
27123
9888
13459
12880
9919
28465
33558
14710
14711
31140
11793
20066
7945
18931
18043
18162
26651
27971
14088
25439
30733
28549
14609
3655
26646
13308
10105
18672
27851
6106
27100
35175
26277
29640
24533
24843
11302
29738
19538
28790
4115
25744
22068
3687
26620
21946
32371
738
24256
3611
33577
18974
25848
3784
24409
29486
24431
2825
4488
30660
19996
10732
21183
31527
10916
11481
14897
17405
12761
25184
1125
17772
3744
24863
23850
7037
35034
23655
14305
31736
27862
15604
33999
14300
15798
12872
28331
15030
24487
8840
10388
34682
19568
31694
14699
6025
15159
20686
3628
30516
34133
25866
4726
6761
28748
30587
28845
23943
15047
34329
9067
32541
24838
29833
15318
28574
28429
10098
18846
24177
3645
30119
25956
12635
4917
22649
6704
5849
15683
11248
31283
25624
16738
6902
13571
34187
20966
33082
8641
24604
18147
36019
31360
10690
21984
34545
11481
26490
8882
35925
5526
30397
28431
16397
1421
10104
26312
9105
10292
23278
19455
16148
25055
12986
16573
10358
4016
25146
21530
3984
3731
3733
36155
21761
5358
11157
35357
16689
23862
26829
13593
24609
36451
33977
32146
16635
16015
20902
3181
32064
25468
18934
20433
5804
22395
15169
28302
36580
5943
11495
25751
11202
887
12986
34217
30856
10455
2719
15195
19003
11556
18836
18842
13928
11644
14137
13187
35637
38225
12645
24000
9903
34248
10182
19426
38651
25388
27919
33100
21920
14628
11522
4053
11554
35778
24892
11804
16997
28061
14730
25333
28227
23402
23782
22036
19954
9993
22247
15803
10869
36324
5679
18756
32844
10533
25941
10986
32331
8899
14178
2942
13009
36520
10268
9910
2769
31968
26826
41045
39953
8388
36715
35081
19735
40491
33504
20693
26905
17356
6049
27515
33198
10448
18657
29410
34165
35373
12928
37459
4266
41208
5887
6925
17402
12115
26995
24333
9772
23726
32199
12714
39279
13267
9699
41309
39405
37126
33192
18703
21071
33309
36786
21022
31970
5886
27811
22322
15788
15793
9891
36992
26611
5929
6920
34843
11009
39569
8302
38330
5876
22454
24543
21908
14345
2792
15519
12715
35175
18704
11780
31272
29986
30991
8848
35730
20018
3880
35567
18862
28168
42221
42352
38535
7580
20895
21484
20702
11909
40480
17797
13523
35885
35228
15207
14170
14929
13898
27420
15449
27750
24706
23811
41712
41045
36255
23624
887
25173
9653
6299
3786
37598
19110
11323
24805
37001
26952
9906
24776
20843
20846
12661
7634
12497
23155
36821
36053
5673
10002
12565
14344
3786
18653
18664
18665
21722
36462
6675
39838
34442
34461
28135
22386
21634
22001
17868
13479
10264
37773
31380
6588
1100
32623
24857
23925
40125
16499
37991
24211
3842
9623
13845
24658
3873
40518
8851
40324
24374
24964
32088
32355
18333
24229
28534
11474
36610
25352
33757
16490
27913
9955
24550
38092
24889
40875
24724
16092
24751
35216
6757
24798
24799
11560
44965
25802
15562
24537
11244
21777
12846
26705
18676
38231
24042
2292
34137
6752
37763
25093
39055
11984
10165
1998
6978
25687
17096
30329
35863
9174
15484
13675
46401
25594
22484
4080
32262
23437
11673
19442
22034
9293
34386
15982
20890
22756
14863
26017
33881
46406
14607
6329
22501
38928
46386
12961
13012
13013
12829
26289
41540
9453
24770
43541
36846
23843
3837
35874
8860
41700
3889
17807
31817
40273
26772
19177
13146
19560
33134
42435
3873
12528
11810
30733
23665
38127
30251
27057
44229
18830
45250
34989
18605
7520
45783
47108
35948
33265
23710
12021
14024
47203
6611
27876
31220
4999
25346
18859
20078
40608
977
772
14013
33167
41800
19996
26842
46169
39083
8836
26778
46885
24389
8816
27121
27060
15256
19445
3965
3851
17328
23631
920
14389
44417
4570
12235
4800
20334
9629
5976
34521
9669
33969
17671
38752
25097
50006
43128
21797
30861
7257
40942
20504
47567
22651
7085
45966
10384
29285
47572
16295
11221
34299
42856
3856
29885
18670
29486
51418
6827
6828
12987
3168
30816
5973
19906
44321
6736
19431
21769
6022
42028
18960
38257
39287
48916
35740
27119
21185
36060
3732
46703
35391
21835
24963
24131
12827
30428
30437
50595
38201
10381
33840
14460
34212
49040
10839
8890
9834
45865
12812
2907
815
12763
18680
6269
31397
22957
17589
21848
985
19759
47005
13006
11568
8354
48738
38573
31286
49566
36433
37096
16094
30709
31532
51432
48124
17072
7768
26675
13744
38681
48842
49899
31562
32322
29127
32942
5110
45145
28152
28009
19540
4293
13656
6710
12363
3733
9634
33255
19382
49091
52586
11511
45586
49494
39563
32590
52271
2818
14750
12178
4231
1181
4504
22172
9855
9886
19010
12476
1098
10835
19539
36238
49702
46464
10022
33726
46473
15166
47121
54173
15804
45936
49042
24837
25776
15422
12006
33642
47694
47557
7269
16054
20489
18407
51114
46057
19531
9136
8378
46072
7058
27864
36641
13303
3765
43616
15041
44699
9992
4057
18966
3687
21236
40272
30553
36157
751
54372
10014
12530
47936
15840
18282
47963
20716
47186
21298
52607
48200
21816
42890
14587
4358
43464
35705
53078
55280
12993
11859
698
44089
20676
35909
48776
51862
46699
21794
48635
28754
19980
599
740
742
53438
1299
22009
8640
13555
22175
45616
11715
21672
5764
43881
4561
17422
10102
22484
14799
28098
27375
25096
3694
24672
56559
54795
12840
19136
21073
17903
40368
14013
1296
37599
22732
13980
24908
22565
666
18115
11621
3950
18569
54679
50663
50411
21302
45680
3812
50992
30441
36726
50663
9970
9879
10007
51146
21729
56847
3944
42164
33473
45269
23156
3187
31829
10289
33418
8239
23806
33416
12908
24860
9130
17986
56521
12263
12202
40642
771
57978
13304
18928
14075
27595
25604
3773
3322
6926
900
24308
20249
16834
37427
9928
6183
37852
47985
8805
24721
21661
3293
5548
31824
47066
14090
33836
12950
8798
5148
50313
36691
50866
6449
9715
12201
11413
4018
47930
7827
45446
6714
12683
5934
47765
52661
49259
28148
14304
2875
35376
33313
7050
47877
41438
38538
31109
825
55993
53857
24714
10229
39081
47289
45992
52744
6411
45810
31623
9023
38932
25181
51997
48881
24039
7075
10626
10076
52734
54656
11850
48969
55916
49319
3418
39528
12241
7433
9316
14361
3813
25353
52944
6895
28563
22009
9890
54709
17428
32882
2881
45584
30189
40727
764
3788
29520
7984
33258
5005
20791
12950
61856
46601
30752
14627
4076
5939
3692
58583
5661
807
18166
9619
6175
6386
10320
60300
5183
25679
1050
25557
58637
7008
49479
41211
19478
50753
7042
12936
63138
6462
30343
19719
15261
6216
30703
4955
55185
53969
10234
50938
27499
47351
6135
46993
32947
3201
35806
48240
31849
16398
6700
47801
38473
46216
46217
11881
43355
24041
15969
2807
41629
9959
29042
34585
6770
34653
51103
54512
44399
3870
43620
56809
4507
17733
8444
14873
7383
32659
35671
55122
5030
11936
51045
61121
38394
57209
26335
5375
25260
49246
40216
5228
3821
3822
3823
10505
48849
12884
12563
12845
3944
4569
8780
44355
12988
4241
21121
28122
45878
28444
4121
4133
31551
24759
11960
22100
29094
35360
46755
49872
47536
12396
5719
33221
6032
33137
59029
41272
56834
22505
44535
50006
61015
9894
61285
22735
9047
2894
10020
22771
54315
34437
10100
25611
14360
9563
31712
9299
26975
58350
51894
1541
14030
30666
46099
55911
11631
10167
3744
23760
60668
22462
30799
935
13919
6613
31555
61690
46436
62084
7353
6215
15187
46048
30863
6117
15703
24038
13640
55384
744
744
13203
3642
672
34613
3783
29844
3934
46597
66733
46524
3901
10017
47669
5588
11385
53628
5029
6587
64617
16891
43700
33989
11276
22576
3735
7185
67330
31607
20841
26936
777
56432
54735
9740
68273
6154
17203
11848
24668
2965
62831
34029
62059
38711
47903
47952
38543
21605
13318
5328
20530
26215
40011
63369
28966
3913
2619
49345
11769
12595
15970
46868
48669
7793
52519
49594
6855
26767
13076
7034
9378
22006
19067
15016
3706
21909
67718
13365
16203
59438
7227
39363
13483
25395
13862
25285
23730
35189
10180
11204
4114
68899
11816
9899
3719
69701
49582
49712
17466
9167
61629
9731
10649
36405
4053
7518
63206
24011
64551
9767
10595
37439
35664
36870
26952
10489
27215
7534
4668
6022
14773
16024
3612
52701
35275
66803
17464
6038
43670
3835
11225
61454
48656
17796
54930
60962
17863
37555
5161
4020
69093
39709
59203
20613
5349
15075
12954
9337
46005
51310
11709
39976
44550
26475
3758
18979
22249
50072
36477
67745
61175
47625
59840
7538
71615
10781
11918
4298
19157
19716
9899
53905
4641
62353
2309
4708
39176
66941
19383
12929
48700
40167
5662
14927
38888
3254
28332
22510
68325
18403
19250
9903
25447
37621
24524
15205
60761
28895
9785
8149
3262
11294
56203
1563
51210
48742
1125
3962
6606
6609
21969
27973
50732
3858
54334
7357
21203
23032
19297
23019
11396
6968
27297
54830
15107
14354
68156
8222
29692
60130
30098
34307
50511
34089
40647
24276
27612
45278
16904
8874
7330
4784
4101
3966
70178
62696
28030
3962
15863
6781
3097
54791
54754
70712
67442
21759
12218
9741
48396
32182
14818
68344
10832
22236
684
13145
4896
73786
896
67916
14786
19320
6463
74267
18979
20077
51449
1110
11526
19871
64691
42527
5806
10736
22862
5823
10600
72526
9897
31684
42906
28313
54891
52441
73514
67512
12211
25213
2974
33401
5754
6359
4541
9673
36796
15618
52842
19216
42754
77677
51416
9840
46072
76393
10998
3312
17281
12561
22796
72457
2883
32621
13759
46328
18803
65257
55967
77640
32995
20522
1404
23508
6957
9953
74836
15860
31253
66566
18217
4108
10934
30300
10259
9830
40348
72830
36153
58145
8724
76821
22754
1292
21535
3677
24916
73490
20902
28814
848
75961
36055
27967
1319
9752
4139
58861
43853
67264
39425
78500
59886
59974
71062
22639
3851
57556
6762
23518
9945
12758
52918
37332
77975
59516
76363
9080
20621
77247
12594
74382
12186
16937
25035
80328
29139
9832
70208
4104
31178
51924
21663
2759
13072
9812
8129
44765
5735
10222
58531
28410
79342
48355
23839
3528
1680
75012
10569
80510
25803
13258
5456
70099
74895
15982
18769
65684
36016
4715
28250
29713
75380
9779
53656
44090
68948
6141
64007
35138
18235
24712
24064
15253
20141
9216
11247
8816
4337
922
48116
16399
29328
44742
31189
9091
9816
14070
6833
9480
74286
55003
70195
15174
38166
3692
1303
12629
9063
44253
51722
75959
20878
66442
14852
4326
2500
80127
10959
5279
27993
17521
49725
31122
18368
7324
49905
30046
27266
34315
72773
82962
48947
14760
6083
30282
21590
79790
15805
25190
5757
1321
15959
6777
11837
81069
79526
39093
37367
6959
3198
52806
13372
12734
56920
60615
22565
28456
21718
83933
20002
28909
31524
20165
56863
13869
65871
84857
27011
3823
29854
42901
2728
6454
17161
5818
43160
9086
63404
8274
6939
32422
12860
16347
77363
21780
54669
15808
82698
11387
15720
18639
15087
12364
46492
23141
70950
24112
33179
8393
11912
58045
8443
33253
46120
9800
773
15380
1032
5674
38530
11988
3887
7520
3932
31977
4041
5528
73477
51861
2497
43682
34816
30745
19221
72093
21408
3950
66810
48835
80217
8263
1007
67064
6508
27906
35931
63295
28186
11123
61090
41914
69804
657
660
43071
34439
67268
9738
73377
26775
81418
13263
61101
15574
6035
30165
3595
21701
7189
9050
6725
3669
84826
23949
67665
9824
11362
45749
609
5406
18731
72105
32019
7166
45928
54957
32898
844
42366
2957
46435
78548
6368
86353
54692
66450
44389
1193
12250
45975
12694
77698
45726
13393
88429
11839
29109
623
80856
46802
33955
31476
23523
8958
7405
48792
11729
3657
79091
3701
74637
83712
3636
38725
3968
5870
3938
3941
24254
71261
31393
21970
21972
19524
31446
5913
56802
5651
27979
9396
18233
42111
1312
34643
51725
89730
59569
87113
6220
7335
37404
4798
32364
73711
88730
24059
87596
87005
16336
35704
83491
3968
6879
52507
70949
7068
80195
60275
16461
74199
88227
7057
7137
8026
11763
5811
9910
17105
21640
15199
26847
88502
4926
12742
12743
15244
4296
86145
74785
58114
24658
80604
13037
5967
23992
73882
76996
57149
3973
14120
41493
14992
37489
19690
8202
26796
9795
66880
4037
80289
10179
23174
11542
11550
13218
85464
47881
5433
56924
15626
35401
7692
6208
8857
85807
7569
4425
3705
17324
92057
768
10030
35161
33422
4951
74740
7227
75178
19775
13018
70789
23393
18806
28567
12868
6007
77281
22213
86056
44492
85539
31156
35847
31562
10552
47965
3767
9122
27020
9335
9489
54225
12472
14668
42655
59452
13959
11628
21441
49484
48711
93568
77183
67920
83789
27858
23740
33490
85224
11929
27619
14722
93914
5911
25992
12224
4882
22796
14107
92594
2941
14733
6314
21891
10302
31222
8558
20142
8975
10320
6431
3703
45415
5878
10684
34364
22296
10613
658
93226
36274
19203
32004
43499
75834
3966
3905
17890
21758
9910
19229
59312
23688
12571
5824
85280
6876
11403
3823
5779
878
5792
94208
18327
3514
12650
8059
19984
8263
13142
32887
95666
12001
8883
4901
32587
19404
18996
78500
6227
80880
5945
14014
81828
1748
25323
11967
2894
95830
4408
18675
17039
14624
14755
23797
4479
14786
35250
28439
22151
7927
4215
18632
20977
710
25124
13036
93635
88822
12638
3934
12640
14527
3278
18939
45671
9348
97704
33545
97100
79705
56727
11001
7630
10587
24185
70641
7751
6562
91111
11646
19539
82315
93063
71865
44292
9021
44326
76099
13943
3633
18652
5859
19013
18844
82791
13795
6121
4264
3865
16042
734
79636
3636
5822
19088
44806
6793
60382
15950
7360
30749
30750
72080
9165
70958
5914
7035
76773
4249
9781
7522
13878
20848
9769
90600
94016
15764
15780
6080
9817
920
14073
46372
4059
8404
9748
2633
48796
39058
11968
100487
10007
9930
1243
1098
15885
62611
28339
5742
48171
6750
94930
6913
24950
53774
21848
20887
5892
1216
4198
4489
27953
99018
21145
56847
3709
3696
49370
20984
17135
40010
98226
79825
96878
11037
45962
99597
8819
98728
94509
99858
6914
47953
28101
97573
1561
73681
18373
62636
3063
39636
97810
96747
67489
18813
8722
95318
9720
9955
8090
18688
3045
1377
10323
14810
7477
96776
18939
100367
9427
16696
10998
22287
8190
54088
15462
3889
93925
7299
804
96674
674
5699
100557
9859
3679
96889
19967
99906
10967
98359
15252
20640
2712
83348
11689
45174
3763
12761
15553
12787
3971
61564
17688
7273
13048
11246
20135
16373
3962
93901
9811
84371
9902
102414
96237
62963
8858
6966
104548
931
13611
5469
30576
21043
54217
12661
4565
1043
52691
106481
11412
94007
105151
21131
33979
29203
7368
9766
71920
54515
13225
18991
16054
98582
12986
26076
85415
82060
881
50295
40085
19905
5766
5221
41260
14530
97923
24987
812
3980
49700
2132
17551
103222
4904
3742
3711
98466
94571
3204
22170
12641
103527
3821
5907
10592
3614
2678
32089
3793
7097
14069
6819
3831
3846
100330
6926
20940
35895
37138
10044
16927
99661
6835
87648
6727
9153
100196
11540
18977
4366
4376
19447
4290
10270
96625
106594
7352
21161
19626
14990
7212
29462
8859
23270
24752
11810
26643
76252
14434
15212
55982
13206
80670
24310
10797
967
5958
43701
19762
6946
15091
24714
24159
34856
627
19845
52444
15598
17098
5152
13742
3835
27368
24271
9707
1084
594
4918
15836
3785
22715
9900
3656
9907
15009
90524
1065
48980
9668
943
13320
51286
3900
6170
1181
1025
106907
16518
42424
10361
25064
93478
704
8168
30669
2305
21080
109555
18370
96488
7411
12673
7576
22963
44849
4739
107794
63170
18706
67874
18821
12934
25271
4173
102690
24662
57879
19317
45751
15697
2422
5734
104909
27046
100784
18577
23404
10479
1029
1030
88964
24911
88575
3942
13042
109659
20909
12304
937
4264
76512
3058
3738
27750
21151
13610
104645
38203
13384
7744
16140
22946
6453
32150
19392
67328
6424
30764
18982
3776
17956
27410
18946
13298
8689
86749
11191
18818
45749
27580
107690
3922
18806
91593
108946
11739
57027
2870
3775
49988
31241
26174
99711
102761
14840
106502
1109
15233
9796
3914
105828
8120
18863
8965
21315
1055
6867
18758
9817
113493
60101
45631
9930
7359
6203
9099
94392
70681
48339
17902
20442
29945
7827
86795
42469
6115
3758
12816
9106
52469
110364
18121
17314
18796
14657
101669
5605
13454
94150
21814
58117
29479
25114
22390
22399
27825
20596
20092
7543
52674
2787
104003
18020
23838
12989
98650
18077
14809
102860
7289
30633
11764
6104
23268
38449
6352
15595
8297
101270
41550
14061
30576
21549
12736
15961
3674
5969
4329
28309
12008
22170
16170
3985
28475
44078
85522
24878
26502
18257
55698
2779
23919
96678
1557
20972
11200
15959
9959
53686
31347
12745
63669
22966
93792
32700
104990
38507
30113
81123
103554
12167
22101
9369
29881
825
15573
99048
18022
15179
12312
96656
10167
3724
99325
20635
56060
71670
86985
3820
10507
105517
91491
15886
14158
51018
1025
58289
6260
18121
93931
93933
18915
10136
18989
94142
86148
15488
9697
10240
692
3571
33764
111459
10923
3842
9337
11336
6094
16392
15788
2725
1158
27158
15995
3710
12704
111659
12708
102774
3846
4264
11913
17335
95915
40749
79717
26759
5225
53513
30097
32571
8040
10124
2537
11952
5758
6917
8352
116612
118237
118240
112284
11607
5937
43251
10409
10345
50526
31682
2713
118172
52945
5742
5954
5896
5419
3812
3813
3818
9745
19150
6205
2762
3906
12951
108896
25626
1121
7885
2198
33529
4392
983
24741
31221
1514
21690
6146
102878
6023
4142
42920
17741
27429
36702
3864
12167
75225
21548
9968
9074
12179
1216
22642
4220
24818
15253
21985
3638
6802
12873
8106
12935
3851
14268
4205
31875
12139
3765
28390
971
6980
30121
61603
8101
7750
32321
12746
13499
7644
44513
33938
27152
4125
4127
729
12740
7432
6233
13933
99027
27320
18351
13979
31464
15187
24412
95688
21628
24465
11924
11930
8859
12856
7731
1319
45485
15583
41810
9151
36939
21674
109233
18258
40695
120234
24263
11594
38751
12202
27875
16850
11752
24364
9733
8724
43745
37860
9717
6800
8415
10643
16627
10887
15486
25787
4836
40170
10280
30060
5916
3869
3870
9946
104619
3865
113708
11701
9552
40030
44726
98865
46803
3891
92816
7183
12501
97005
14137
15997
13098
3788
46969
104698
37057
9309
108203
103148
22662
21702
8085
21629
5617
732
108563
748
20017
22019
41468
28961
39835
20602
1315
32554
3542
27099
32896
38531
11094
28768
1078
16936
10422
11759
14828
8081
8159
5388
79531
16807
25767
7881
18305
74358
15084
50893
40761
39224
92644
11099
115756
26360
4042
8870
54067
99235
9007
9871
6586
22738
10072
32589
62698
11523
2781
13021
5091
98337
24339
116894
16797
120961
35475
13482
734
3741
32877
27315
42616
25008
15822
17048
9431
28499
7191
16504
106805
124064
20479
14060
7314
6959
57167
16060
110941
9199
5701
18907
12689
45642
6574
16357
12810
22076
76953
81091
7131
96424
122144
12902
84146
51418
24751
45388
3769
125928
93951
96822
96920
24303
21434
42182
21029
21583
111434
9335
12317
78925
81224
27344
123952
36328
3320
10199
122992
6704
22106
22817
3797
13264
6753
1585
6396
76595
3784
84770
29250
19360
4751
28037
124756
7005
10515
43864
76129
124184
15546
119821
7062
14484
17649
14598
16714
106023
91477
12802
11942
125698
17982
16071
3880
10012
29323
24867
45758
24965
12934
16809
5567
3137
36047
41142
125885
103967
8729
34671
30746
2316
89530
49367
6217
18780
29993
28426
2015
106305
16155
27110
126587
17698
40555
40301
14976
28182
24932
102648
10125
102656
11854
5453
4772
22925
11999
114042
32979
19557
133500
15913
15953
36594
31997
1076
129567
3962
98992
98998
24141
11388
51906
13140
17676
12177
12766
2120
127739
31331
131404
4846
4186
39249
12859
28335
28582
14199
113349
17464
13179
27133
9401
13145
34405
5208
12550
3843
3854
3855
101985
136377
4170
9926
12980
46000
23953
76225
21208
3877
4320
886
104307
12492
14067
37540
2758
42732
1092
108363
9641
21675
21676
20762
6704
129607
18529
3851
16081
81585
4220
4121
21985
5188
5182
740
43350
4149
58295
119619
15760
68369
82065
98794
118867
5653
21050
12762
12764
130470
102919
4078
21802
54147
12999
36696
47615
131442
2531
37169
5996
17846
19104
129571
20204
117814
3782
11942
4010
4053
30164
21901
17961
4089
28062
3801
28689
42878
44963
18889
28116
36347
134970
15892
93712
48820
5901
4567
23033
32976
3261
47231
31072
132171
12858
7491
134096
46609
3285
15749
7798
119274
7554
11968
15141
11486
12768
4276
7227
937
21320
14988
37065
6861
6582
126459
4325
13480
4936
14044
7174
120531
5784
21863
60831
7911
116746
22559
4192
3974
33646
8644
22290
138238
3530
25750
5894
14840
21789
11614
18503
114310
3532
95736
105297
1349
86435
22878
18890
6476
25314
18921
67732
47492
124017
13837
6190
24836
25579
24297
10031
6317
3915
3915
24249
24586
29234
133401
17058
5151
41221
24126
7322
15615
10988
28621
9784
133259
20280
7427
123797
24210
86297
23990
839
61773
12715
4127
26804
106252
6947
4685
1125
24355
29641
35006
12618
62165
15450
4424
19676
10245
141101
12828
24727
26131
9382
9230
4045
14667
5925
14728
20969
25554
6763
19067
15427
33381
64383
93802
3337
4354
132764
3369
27652
40375
59806
101825
929
8122
9504
9776
9787
28403
22177
11928
19947
104865
5813
29510
11681
79441
9995
84792
30602
44167
137028
123724
33294
10716
102806
13567
6340
28716
30722
11276
32486
26088
103045
28936
133453
12510
94422
9319
130031
141649
3731
6648
4907
111915
18275
27050
10044
113260
10350
145811
10020
6282
2142
21051
27874
8090
4393
125811
146686
35567
6182
13031
1134
12982
55267
112582
28154
12274
7602
72687
23785
21731
21741
3943
21900
9700
12699
35141
110305
15090
55477
52591
142299
13629
100525
3941
4185
39211
7689
14943
43707
145136
8186
4204
13047
15867
9944
5144
12353
8247
25769
10083
28119
116524
3900
23279
13176
12954
12322
25288
6123
92207
1339
6891
15249
94321
114864
3800
99802
4100
16836
10592
137559
67938
42041
944
946
13509
24827
31155
30287
11051
40178
16376
2939
14765
8993
5982
3076
2761
41186
15335
98647
96729
16291
16297
63686
22108
9034
759
14679
8571
11798
25811
5844
12289
151503
15534
9920
32021
4321
96937
58992
146383
7069
41312
7068
15039
5772
9230
47993
9687
69117
35762
49532
105656
16866
15654
53848
33779
48508
36179
18222
18938
36504
52896
23754
111718
23349
120060
53566
103463
8913
106615
7038
113322
27190
7330
5921
13528
109937
49216
34122
19173
37474
8957
23360
18539
15176
1275
19346
6430
3001
5347
124560
10455
10460
8294
4354
13072
3960
3784
36405
36502
35063
6562
19985
19433
6853
54263
1952
4520
19182
99009
3943
99020
7724
7253
41956
5935
7968
12450
60277
113878
106844
6235
6242
4000
15718
87718
20771
25791
5915
10938
8130
18250
135029
29732
7244
135965
16753
22736
3849
11388
21171
18974
4038
9206
9656
4307
12688
8814
147209
24804
10041
14193
19806
3972
999
10100
19574
22525
13710
144846
39674
999
39537
5839
18964
6131
23340
143938
10230
104065
48326
3875
21079
3044
22625
22628
3318
37122
102656
11832
9717
6789
6281
9571
29260
151015
3832
153097
13889
21225
2703
723
57473
16784
11201
863
4886
104701
153427
135357
35825
22532
7259
1005
2687
8702
3989
1278
24778
12969
13898
146444
55345
27055
105458
9625
26440
47780
9037
3004
16152
111665
18788
18788
991
10693
24491
27389
120170
55918
9729
12400
646
78011
6297
3979
12814
36261
64543
20896
13580
25134
23117
4020
5803
13100
11382
7595
36737
12123
5845
1168
139374
6246
5756
18682
6357
115592
22997
27850
17830
19837
14150
21584
3911
17969
7574
37492
15331
15582
13735
3833
10464
14612
10026
12950
13842
13461
14712
156750
6887
3727
9687
18776
4765
118834
15921
9950
26826
62488
1536
19032
13954
19039
4066
25291
8060
6957
7653
15329
7012
9011
18273
12395
7836
2820
3065
6880
19031
7254
6671
761
66930
59997
28262
16515
132309
12759
145896
6990
2942
17609
11723
4790
3776
21969
122384
13039
15252
4401
1693
6407
21238
15063
5913
16154
2659
23885
28147
3927
3796
27524
3080
7925
2795
1633
5498
5543
17604
28268
806
93877
4008
51926
143764
128444
13777
2482
44956
25459
3737
885
802
2900
7222
13108
144197
31230
1201
9166
20519
61410
15753
2890
143076
55780
7853
48557
18839
69408
17718
105687
4309
13460
21516
16817
138743
3098
10868
17967
31379
9662
4771
12650
25225
28889
7467
10993
6452
1345
30743
23739
32561
9890
3967
13311
3855
38020
49496
166621
12097
132464
40800
44739
18902
2723
42675
6673
26725
11684
24805
24811
28388
120181
24846
3274
3814
7929
33308
10964
57654
11060
111909
2924
30856
3710
5718
6402
10656
6747
35591
6101
2688
3258
6054
16611
17816
10546
11695
18371
103078
14363
8163
16720
15086
15084
3841
132193
4245
2028
6115
10524
3004
9675
3721
2764
19198
7616
5552
113940
12448
26866
3803
129081
4007
10325
104315
27982
18748
18760
18766
10621
5584
62931
19268
159391
19034
3797
785
15162
12897
1565
7426
5653
96141
109546
55649
21417
8776
108449
11761
5410
12323
16141
2434
38016
28944
36987
13063
17823
12628
4983
6014
37443
117432
104596
4255
21181
9643
20229
15256
7000
7079
154198
908
910
84716
118029
7447
20499
6366
9995
3446
128605
118108
21684
97556
3675
3729
97650
6980
2957
9857
15813
12360
6055
6056
38016
25220
2978
9356
37039
5775
23148
25375
18863
33526
7171
81398
19127
14970
32213
24095
6993
158435
19357
24747
22130
1014
1020
138280
18791
24911
10517
992
40688
2787
26177
9061
2775
121141
15033
140168
4543
4792
50772
30661
938
31128
126269
26825
5874
14786
753
14221
67259
39129
615
3279
99730
32283
96159
39375
12968
3868
3851
7935
38422
4498
45539
18569
53570
983
17880
10197
822
6876
51814
5858
4479
18159
34440
30737
11531
13221
7826
43846
8763
172298
175082
5926
13724
117135
1467
3895
60286
9143
897
15324
19930
2736
15925
4200
2761
7542
5869
11437
5292
13303
3984
128891
72049
9986
8071
25518
3306
1676
5836
151416
27563
27556
2264
136209
177409
21953
15730
7005
13830
13556
25031
28367
3767
1533
6356
11544
14687
10938
30141
11683
35868
4068
15180
13724
44883
142953
36033
14798
22235
9811
6634
3619
25507
4728
2952
3034
10932
900
10247
10040
4853
136114
3933
8355
5574
170821
12574
21749
17934
7493
16594
7457
982
5226
15333
11808
28250
14976
28879
126229
75929
7197
15910
5226
136778
4195
136813
15644
4193
77413
4421
991
3899
3911
140664
93755
52025
11973
9813
29837
74094
66504
927
15904
15769
15771
167752
173428
1732
6156
7188
6646
16277
5829
4319
16845
138113
7240
28178
7968
5190
2236
18592
47744
4308
16771
744
7764
88019
7771
5176
23954
6745
18780
6643
21940
748
24155
10004
17682
11609
13231
1210
13289
23659
6186
5957
145930
2870
45221
16792
166777
807
41443
15891
24428
6507
4041
142303
9660
164789
51718
176813
6029
47097
20344
11576
3914
4396
14678
957
4148
48667
13816
97069
6018
14802
9396
18961
18971
8261
25221
9792
19334
33036
1255
20114
2689
5230
7681
10774
9845
178244
15761
12862
98540
83856
6626
20182
20079
7306
4141
10192
5466
9927
16857
3942
13852
14999
5903
5907
24207
4574
4236
22638
21263
4526
4216
10544
153604
139187
154779
37724
5002
164873
26283
10783
167978
15176
21310
2806
633
3646
83016
10573
7259
21371
19925
8333
5864
178387
4125
173029
22601
45068
18008
6804
13153
13154
178971
54501
158196
125528
33800
27534
8554
125730
24569
9194
95598
93227
26564
167677
39677
50632
8917
1861
13090
12419
21719
727
1191
93831
2257
97431
6792
1494
10373
7575
25784
18206
14880
15983
19451
6796
26645
7467
29386
1313
813
1585
14097
2958
5137
4223
98344
8406
123269
3908
23523
16895
23185
3838
25426
20931
74344
3915
28411
142582
96767
908
101445
43138
9355
11723
25292
3273
4111
5339
136735
94288
25554
4303
7552
12030
3767
12043
13284
4620
5384
3941
5498
8558
16660
13098
19358
106534
6011
14829
2921
10407
1026
25406
5811
19905
8916
20348
99875
10948
13904
21184
168909
27299
2751
179559
105167
6013
26418
36029
3828
18493
10342
6449
4077
6044
96210
15982
4785
139701
98771
98894
24555
187460
102692
18567
1392
3396
57729
107438
21871
7378
44209
29525
12733
45081
165839
7750
7757
101216
100912
7340
34747
4106
51437
26016
106912
13537
11042
5810
1528
7222
1167
10209
62617
181927
6730
1027
3913
54667
9858
9682
30786
100720
20936
92206
12812
10334
8607
5895
30584
104546
7030
14137
6800
6805
840
148348
29528
5760
5764
9849
3400
3893
23011
22500
9897
7343
101833
3979
14962
6886
11166
3593
19720
11848
60031
11990
6189
4136
109458
106144
13307
34668
102867
25771
3806
32736
34781
4569
20490
7605
19557
35175
752
103372
4324
21850
16580
19902
146399
19521
107232
19690
12902
13243
10180
11906
2619
7304
3996
4002
9541
9305
4133
10562
3864
6135
24327
11159
4266
34631
64941
32313
156031
17843
104654
9914
4826
25446
105825
103298
30664
6977
6071
3165
34724
110588
3928
9708
1177
35097
10725
30942
26944
21945
4649
3874
35444
752
8606
3192
3976
975
10329
6331
2714
4044
36009
19631
49131
1588
8671
4047
6584
19045
26313
3790
6355
18567
29493
24777
14884
3262
4575
15130
39684
32549
196698
3947
36668
38583
110574
13808
107035
7223
3953
12466
89470
8941
7099
7568
6038
6041
951
8095
42513
7488
27561
16206
3936
3937
7714
6422
6427
95024
26978
4049
7389
2416
4734
2479
6263
87527
5466
108687
10679
8851
4794
4349
65824
17227
24772
36714
17772
5143
4240
982
13521
90456
1050
8267
6920
123453
98095
2913
13912
16316
4307
2968
8274
38196
9429
888
922
15375
1228
3918
18982
4798
18995
2277
11445
5038
16206
16489
7047
26865
4040
5807
10465
6000
24310
3752
111187
7208
6162
1255
12133
31455
10341
8145
9882
6181
41662
748
11930
9970
24202
66515
7711
12079
688
28095
756
772
22211
35768
5718
2773
1009
73899
2902
10048
6022
2950
59722
21655
9818
199283
7057
12182
6846
46949
99973
57494
7160
99737
3598
11042
36713
12928
675
14452
139536
22520
12908
15692
7027
21684
207899
2137
4252
26967
100846
4326
18900
1325
5842
12755
4969
198705
11123
8908
8790
4491
19547
6823
6824
6828
13390
27594
10344
30341
101846
133095
3346
10218
3922
68682
17601
20116
3011
3488
10053
153384
3539
10136
24494
15772
3141
16237
15083
3964
43445
4205
4208
13276
10574
3293
8898
4064
25477
21466
54043
2002
8573
6115
1592
1093
9944
46363
46394
49401
7572
3132
851
5209
1506
4193
11857
22433
15608
104068
194582
981
5983
71449
1396
25918
6279
10908
6067
105179
117762
105203
212730
11244
22961
3873
6908
3725
10690
1287
165577
10292
1154
7235
3866
12073
3926
63473
1059
1066
11913
37720
6983
22295
24519
18740
13302
2938
212624
4032
3875
50460
33103
22485
3976
15840
777
29233
28046
1284
128912
6012
3582
992
1042
3985
955
10397
12611
3562
944
977
207187
5959
12126
3642
81203
3031
1110
1227
3080
28888
30324
4325
689
20615
100267
577
1543
9104
9874
108551
2365
7084
19790
28089
17018
3278
4869
82117
1391
180946
61826
4042
5385
70011
1624
1637
4329
14997
162608
40327
3250
665
1296
37462
7898
5685
4338
3751
65700
3740
4526
1024
8454
38807
5089
11135
63111
20991
5247
10336
3887
8477
8491
10315
11399
1184
102166
8200
16782
1042
8000
912
8509
28599
1586
31594
1639
1852
4984
11223
49141
3740
4232
4161
4165
18821
217502
22373
12784
51643
15383
42562
15138
5175
50237
3842
13569
123609
3788
3801
134225
3963
5985
4092
6329
3033
41331
3765
7632
941
7315
13809
26686
1115
931
2968
33335
8640
7279
133154
62692
10015
23834
10406
9216
31068
20674
3323
6353
5479
13022
4673
15079
31143
4005
3890
3973
1612
5060
10220
17619
4342
7190
17731
6639
6640
4080
3503
10987
6986
203832
4669
6965
26729
737
20392
153061
3915
25431
3799
106723
7276
7754
187711
4122
221716
6177
5339
7585
4329
896
28367
13778
7838
5746
7868
7389
78066
115861
6028
7332
16118
8004
13381
8644
95773
7268
1225
46345
19937
6567
976
9020
8215
14630
2722
9272
13009
7024
29581
10628
8441
204812
4355
2685
21044
20767
4645
834
836
9899
9904
130126
9908
1102
6624
4226
3870
7940
5134
10230
18884
97837
195457
9571
49653
4338
16751
4001
7594
11189
5944
32147
6135
13615
6081
40846
4802
1346
4971
6600
3891
7493
9223
26863
25753
19036
9399
11766
31813
3798
225715
963
9037
5081
30614
11950
45809
9236
4202
5381
6032
10051
10003
14890
26484
5637
12419
11527
3468
6291
13823
8838
14718
37229
12179
140992
3324
10541
32567
8039
9682
872
10642
12921
12923
189620
10890
7290
2875
38607
31822
19234
8425
10906
785
13201
15953
787
791
3799
7224
4158
13379
13478
7716
44995
1253
11712
4812
3526
11286
126957
13120
1171
734
36444
12948
22556
9436
11610
1001
17030
1810
22273
4856
2982
6813
4336
15980
3824
2294
21958
10061
16652
5994
26568
34466
150465
2674
4120
12066
35431
173652
3200
4576
3292
16530
14981
7932
3035
4476
8993
25240
7107
50471
1019
40316
41999
16158
11424
4261
41113
11726
16567
7394
69233
4752
30858
7608
1021
45622
17042
4062
10323
6957
56900
991
5640
4817
7240
3520
18914
18919
1540
6370
19278
5820
1605
15397
1274
79385
1657
10475
2313
9828
3765
5900
2952
6113
5987
986
12115
10913
12220
1942
8948
6336
19189
27166
2887
6858
22049
5829
2730
4052
6341
3793
21337
10878
21724
3275
1538
4088
7463
44884
81043
4288
4365
1607
8682
13338
6111
4261
8698
2484
8395
981
18081
21017
1029
2694
2700
5340
7864
19046
3976
4545
3155
3803
21663
19370
4087
12603
969
1680
2782
23354
10028
15289
18637
21793
15398
225391
36427
22346
8893
11028
10000
7223
193455
41957
1024
1123
3998
1041
2934
7186
1339
23199
23333
96245
802
4355
3794
3797
16228
6455
217276
10067
5555
5783
15793
5768
23822
3958
14819
6131
3902
229660
21724
47839
6998
11541
73044
21809
17806
4195
4198
738
944
10741
7353
23562
10066
11164
30670
7234
745
12650
3018
234155
948
7544
10567
918
25297
25336
96019
22070
5637
227769
13014
1571
1590
1600
29488
19046
4056
7988
10085
18990
6126
54833
6359
185926
149383
105653
14977
26977
6702
14564
7489
5348
4460
27318
4000
5946
46184
27538
1269
3392
4001
15157
3369
2616
5603
89469
137181
29871
6179
6941
241975
6250
4330
4373
4801
5132
3996
1025
18236
17655
4340
9038
7464
775
3121
16973
3932
30991
12623
5966
7083
7085
102659
10444
891
6029
107179
30734
10026
115125
6002
10950
12074
151525
6052
7844
838
3772
16202
239866
5066
39658
855
58526
5855
1073
8161
3549
28743
11015
31217
218605
2835
9670
9671
8995
9723
3686
7458
7872
891
4263
4264
9891
9900
1583
3966
3964
1322
30622
5425
3501
1164
1459
8492
16027
2875
859
5920
1425
1242
40173
4608
46768
32779
1193
12805
5309
10078
9570
1179
140687
3945
3959
9442
73752
889
894
10311
5591
3593
2566
9646
1707
4699
5570
4091
7863
9902
5966
9409
3725
45264
34286
11948
908
10678
5052
27977
5993
747
4266
4041
3902
4045
2898
4048
4049
10843
1442
10356
717
21868
727
2977
4402
1269
11231
966
13731
783
58370
2748
3924
3104
1062
18415
2891
7136
138655
1561
1028
5755
5759
5438
1948
2681
6837
12622
4115
2909
4006
12676
3904
20227
5068
674
4085
6147
1180
4114
1975
1034
14327
6350
4551
1159
4595
1571
2489
15733
4394
9747
9926
43223
948
5148
7601
4213
4225
7253
7070
8418
4505
7740
25678
1561
16445
19460
5721
5731
1041
12065
246532
3734
928
2968
40231
3673
15707
3698
7473
8811
3929
31887
3313
61894
5601
252002
17470
4189
17503
9799
1052
15209
6845
3045
4260
3703
3796
3960
1285
16087
3956
3957
27592
4955
14720
3219
9376
1605
9713
9722
6785
16521
10888
43018
13247
17676
950
10038
980
983
992
13125
823
17939
7467
10580
2996
5206
2726
93792
10926
8823
4015
4016
3862
1637
1378
22325
10842
4015
6710
17697
794
4268
11403
6245
951
92092
18777
5968
13813
6285
6290
22643
3003
6758
6856
15263
6503
10363
7195
9202
12475
156786
812
7366
8123
10409
7919
4812
6070
10208
5263
4701
147930
3761
5579
10486
1746
898
6557
6609
10782
10812
2705
1212
5948
6027
5112
4954
8731
35909
3793
3803
3724
23232
799
3296
6681
6291
760
760
226819
999
679
9642
9656
9656
9657
5968
7273
1252
2664
9935
9944
4247
2644
10167
12757
254528
936
12945
10598
8902
1260
2972
2775
66820
8276
10827
10863
2970
1591
4159
3910
13574
6315
9499
11240
963
9980
8092
13851
4258
4477
3721
3726
11721
4344
1490
6042
12099
9708
21819
4062
1282
4671
5743
5618
9785
24642
5962
41777
10352
10354
5540
128649
13041
16611
4093
2458
23458
3771
13314
5048
5506
2769
4659
10028
10029
3885
6738
7530
4442
18926
2785
1821
4209
837
2354
9479
26853
30961
9777
17383
241833
779
4619
21717
17957
3972
18641
6378
915
3993
8144
1499
18720
788
789
4315
16253
3439
11303
1360
6816
15086
5073
898
1300
2230
19188
7796
4573
4995
22238
845
3133
11083
3745
14584
7598
9990
6055
16598
3850
5651
1301
3989
4004
6683
9999
17445
985
1240
8555
4251
9199
12594
12576
19314
4129
17710
10532
2934
2024
17222
1408
2684
10885
6290
9788
868
892
3803
898
5233
8337
15808
732
734
735
4072
1190
18529
1206
21139
41994
2802
21535
13685
4386
3984
16342
18874
22980
4654
1395
4457
11988
2365
1512
7671
1611
5857
12433
1186
7104
16851
4449
7654
5405
4351
4376
4386
2827
4352
9810
55726
11125
7348
3806
17044
34548
7004
3907
10328
8921
3224
97486
15741
4360
7264
7273
3203
3210
12716
6816
12726
3091
23208
3875
24356
21183
3392
3696
984
13172
13184
14056
7417
6702
10031
4545
8602
5386
2700
974
1630
3916
8306
1321
27512
1483
5856
5026
3487
22261
22584
3306
9839
3768
19048
34659
22888
6126
876
5088
2314
27741
1161
38374
6050
686
688
689
3950
3987
14111
4226
8817
1847
3239
9807
4616
1174
6617
10285
11154
898
21540
6702
4824
125492
18819
1508
3710
8573
2833
1230
7219
2260
3952
804
1937
2703
33035
1088
8903
6914
5738
4605
27710
13505
22534
5765
10022
1258
3038
81314
670
673
7565
5284
9761
8186
11188
5842
2950
1299
22388
7009
4217
4522
3339
4058
9095
23761
6065
4054
16985
10713
3068
5011
19875
15068
2281
6303
30885
3822
12695
11747
10174
19729
7738
4977
799
4081
30960
3502
6735
31435
14632
10187
20021
10692
15769
28091
12364
6228
8284
6039
2856
3705
12694
3793
1377
1350
4680
15125
6481
259100
93422
1117
11446
78982
2917
11575
6306
32401
33299
5932
1027
5085
18106
11860
12065
156662
1017
27698
4301
3027
9412
39526
6260
14680
279538
10383
1718
4769
985
59445
13197
7509
11258
12630
122677
28700
890
14713
3547
13174
3474
855
8481
14880
33146
7051
4171
17500
3953
19312
13675
1968
2971
748
1243
2929
4192
6740
6741
3344
7696
1954
1518
23569
15755
39249
18270
9424
1188
16441
8034
18780
3546
1902
8235
8277
3876
749
928
3933
2011
3048
1604
250059
10364
849
852
858
872
873
1531
2821
3106
2466
3928
3930
9578
3926
672
2889
659
4158
3541
3748
15855
15866
873
6454
10793
16202
3751
1190
1238
14369
6801
4830
9206
4001
16509
1756
1371
4400
1564
1566
950
17702
9097
12178
2664
11609
2071
3139
2077
3030
3443
5952
4130
4984
770
4567
4248
50981
5431
5669
6305
3987
5833
750
758
7261
15993
1100
18329
3614
20955
56359
1223
3592
5450
11812
3743
3747
3150
21399
18931
3740
567
11807
3909
2840
3355
4252
7210
1009
884
3942
3736
15041
3949
3950
7483
4587
4127
6313
21450
136619
5985
4923
1027
4317
12975
34354
3238
4564
14696
2955
4518
20331
20456
3916
3917
3949
18241
976
2227
3710
5779
4012
13631
11418
22278
5819
31082
23497
241705
741
202562
3151
766
6292
4078
7838
2921
4452
3236
22736
28087
21957
742
7013
16725
981
4587
22264
8570
8593
3927
10406
22565
12306
22591
22607
4265
10569
3963
4242
3005
4627
2008
12317
4740
4155
6033
9394
9550
8590
4589
838
3670
3248
4362
14123
6652
4002
6533
1377
5826
4018
988
912
5938
11546
6159
3751
6113
729
730
732
6875
6882
726
13808
12641
1981
972
5900
5909
2552
1121
10280
12078
10649
11798
7342
10132
9086
6141
2128
43299
26051
9328
6000
908
2626
19368
12645
7560
2717
19691
4027
830
832
3924
14057
13115
886
29758
121591
5511
6909
12168
9941
4553
5141
937
1033
3616
875
878
5906
1881
7782
28089
4242
4250
3999
48459
1668
980
7755
3789
10263
905
1409
8015
4641
4516
15001
1286
39156
2211
10588
18251
15951
17702
903
904
919
111381
1480
660
1188
12371
855
793
794
796
1586
3951
1211
35065
8901
11685
3422
1843
1858
3339
15341
6260
294085
32113
10332
19777
2300
12943
2778
39185
1722
850
3538
3211
3707
1124
4149
5086
1959
13099
3795
93734
815
4730
192984
3660
2044
1356
8287
4591
4650
13027
4365
2171
5166
1086
1745
3770
5538
1031
12777
855
1336
1597
1039
799
4354
1377
16344
10571
35779
6440
10307
9454
2058
5069
930
5161
6332
3591
6968
15487
25090
1126
1587
7486
5241
57443
58840
7084
3590
4007
97777
35756
15106
7938
1001
3849
18218
1765
4693
863
33225
1915
3989
1894
908
8237
602
4451
999
4321
1413
871
1246
6955
1562
298267
5737
4631
4448
9415
1204
704
706
708
709
721
3163
4905
2731
671
12717
948
907
9879
9897
1942
1235
5965
10195
2232
6830
2003
1272
9999
1398
1209
15002
4867
1001
837
10335
749
303100
1343
756
3838
3844
2476
983
2756
9734
1643
2041
754
4118
796
1261
3783
6968
2601
29981
23029
1946
14789
1635
689
728
730
7505
3642
989
302681
11750
3521
3416
1262
2979
3772
3776
1309
93941
7901
3949
895
29893
3909
6576
6577
796
9589
1196
58368
1210
3509
1003
902
903
6263
984
6359
1600
2702
6717
3832
9621
5502
3191
1916
4636
3886
37572
3895
5834
3385
3456
2690
304844
7209
28862
1600
4464
4475
6277
4391
4041
1289
98117
1655
4790
4949
1419
1014
702
843
850
1073
3004
7976
1083
4789
3226
8587
3689
8219
1525
872
1179
1197
97780
986
3817
3821
3823
3824
6234
1479
1129
6332
1818
54856
983
228302
4704
3761
6197
305257
4342
10183
195350
3997
1280
155429
8197
2819
4019
3202
2572
2850
14959
1373
6837
1584
3120
815
939
983
6899
2962
2784
3895
18628
7178
4191
10995
5309
840
1548
989
3687
778
781
784
788
791
1217
10554
573
576
579
6614
12164
790
792
4664
9816
2496
22852
1257
776
784
744
12071
5337
984
3092
36966
3789
1428
3702
1610
815
3937
11054
5287
1017
18506
269531
1391
9921
22059
2998
36179
8197
1625
2920
7813
38151
1008
14049
1051
14946
5215
1943
1280
7514
3676
11120
3687
14356
8023
1883
3849
1312
3871
9618
5168
4055
4227
21028
9910
4280
702
9160
69331
967
3011
2543
740
10331
4700
10125
12275
1317
7694
805
694
15401
5073
3933
3942
906
3949
6719
1300
12737
7680
10123
4293
52824
5881
1694
856
857
4584
3761
910
11528
21829
3483
6579
915
3891
3894
3854
13628
1333
2880
751
753
5091
1020
2839
1208
4097
12124
968
14541
7945
661
1136
4195
3733
2462
1847
1241
1057
6844
3013
9921
3954
2046
3650
3387
1326
688
3555
4354
3956
3959
885
1131
1370
1004
700
8694
1416
1422
911
4115
3893
18699
766
798
6965
13990
3185
1721
1343
1042
1048
1121
3194
840
9289
1298
14410
1386
4981
2355
933
6136
3863
3866
3868
1641
6911
2642
9725
702
712
2006
1301
7248
6278
7466
3265
1351
3370
800
6835
6589
863
2853
2888
3961
12358
4144
4395
7102
3993
3994
3994
1281
1021
4709
3504
4716
4392
795
5194
3588
934
9939
3236
8961
2609
3360
740
29158
2806
655
656
5422
6563
1273
10577
10583
1636
3909
895
3801
11999
1871
1892
5195
3074
615
6006
77866
819
820
822
5732
10222
1189
8674
936
937
2376
942
948
949
4723
10556
3728
3573
6196
980
4902
9737
10860
1020
1036
984
5866
25898
3526
1647
5781
3513
10087
3069
2766
3826
1000
3728
3512
3772
1997
11659
1288
3839
1518
3978
4011
10601
1254
1243
4092
4177
2228
753
9349
815
7006
919
4378
6589
1900
15047
1232
1465
988
6932
9909
1031
1311
971
7772
12919
24147
15633
34913
773
790
3389
2934
1028
3364
4148
2923
2058
1802
8812
6852
6569
35472
803
831
832
1340
872
5941
3655
3658
8891
3675
2170
4211
1280
3898
3915
866
3824
633
4130
16098
2943
15272
1032
912
915
1799
4684
3454
1406
3945
11836
3986
1219
1146
4226
920
15841
15842
15845
15847
15853
6936
24954
16088
16095
3037
16108
1697
3536
2349
3891
16366
16423
2101
30041
96320
1030
18642
16911
1460
3821
1147
6669
3805
5470
97171
2151
4165
29041
1285
2766
4493
4499
3385
1125
4822
10482
10485
18359
1739
4656
188825
890
891
898
899
9243
3875
4158
21715
3636
21394
8203
13467
15928
1452
4426
1509
10402
3321
712
925
1406
823
1704
4575
16086
4180
4974
4811
19739
22451
581
1147
3740
3935
1009
3909
956
762
885
1264
3958
1736
756
10012
1422
1961
1225
885
4227
2376
3834
3835
3840
1162
3857
4821
806
1410
11445
684
1270
4262
4020
1327
4397
32150
1693
1710
15651
1511
2702
968
3458
3754
5456
1262
1294
1294
1388
1643
1365
2518
1606
6264
6321
12149
4728
20630
6187
818
826
1202
2856
3941
1030
1040
1316
24911
1641
1164
3174
1513
847
1271
1985
3909
1998
4222
2030
2977
5320
1417
4028
4100
4115
2407
1228
933
3540
7241
4668
1263
4032
3146
3641
1647
3848
9218
6849
3789
3792
1751
8098
707
708
1819
4529
1504
1904
921
924
713
1216
1224
4862
2938
10754
981
3904
912
831
842
847
856
5204
904
24431
1151
598
1090
3630
1125
12178
664
670
981
647
658
666
1374
1396
10079
5767
928
892
908
2509
658
6803
2790
2868
1006
2446
1463
1587
1536
1534
1669
751
1832
4005
1520
1440
1738
702
716
9833
1806
1863
1512
4794
34733
1674
971
984
11645
1276
986
7449
4661
59409
1374
584
813
797
803
733
3854
1586
3949
1486
1591
1023
3586
685
3882
664
1219
1234
10111
539
547
548
4011
1058
36468
4778
4482
1478
1573
3656
10393
10406
10416
10424
1296
1133
1051
1530
4080
4753
1392
4164
2432
4199
2914
2296
3724
4494
920
906
4706
4880
982
909
3746
2185
5891
3924
3936
3939
3673
3953
3957
808
4238
6340
5642
4430
2014
6135
5935
3822
3826
3827
3651
4099
4107
5259
833
1877
2811
13417
3176
4633
5333
4427
2114
1504
2661
5699
7808
347658
5204
846
4993
1619
3334
5569
40295
1040
3454
641
3744
3770
3778
3779
3784
671
709
1418
1596
7513
1088
6684
4037
4418
9050
3824
1321
4704
10088
6872
4754
2241
893
8446
1214
20923
1517
2929
5418
1009
1688
1209
840
10853
5992
5387
5605
5629
3187
1034
7908
6932
2095
12867
12970
670
783
882
886
23081
2175
7083
3587
3588
3605
3615
771
535
1393
6826
3811
3824
3827
3861
3877
6910
3520
4094
4102
1696
4115
4116
6996
746
751
9707
3906
14122
6674
964
14358
1045
1050
9824
9828
997
1492
1308
2497
2504
3026
738
3906
5075
1002
10348
2037
727
774
2893
2894
2897
711
4467
1476
2663
9222
6527
7952
21419
3516
3024
8660
3235
3176
1263
3258
1036
16046
12005
12015
4484
4503
1363
1368
4750
3852
17443
1121
5679
14481
10542
10556
946
947
949
3935
6050
3512
2117
1254
60173
6944
797
49215
7576
13605
987
2056
10555
1067
1068
1070
963
4026
17704
866
1107
14746
785
1729
8918
16568
3934
3937
2148
4658
889
902
717
1191
1015
2183
1560
1212
1215
1007
14454
774
1501
1261
1313
21403
10619
10624
1289
4657
885
1352
2268
11139
13625
1531
1928
6669
7520
3148
1947
190551
3240
16393
1362
1029
1033
2600
3262
861
785
5240
712
818
1138
886
1164
1065
890
3207
851
12554
1377
12592
366335
91390
1668
1681
698
739
2163
1482
1366
1491
860
625
627
926
1193
1063
2581
1264
2372
1489
1678
1111
2338
1630
994
909
917
1441
14506
4012
6594
7562
1166
1918
4638
4114
1135
1609
1440
741
1032
836
3669
925
926
5225
43925
748
1289
591
598
546
707
708
721
740
749
4889
870
878
943
965
946
3160
421
437
450
5881
1120
1173
1197
622
622
1225
1048
663
676
824
865
881
920
1794
843
850
5256
5903
1383
14468
6645
5391
2506
1929
1072
3303
2231
2232
3002
3637
3645
1667
2624
3965
3985
36452
8302
7483
763
3706
3668
3754
3874
3889
3890
430
3892
431
3894
3895
433
3898
2937
552
472
5166
3861
483
492
4096
4109
3138
708
4140
666
4183
3366
1927
3917
996
686
911
3577
1185
4769
23055
5097
953
885
75426
892
2165
719
5809
1114
5852
1504
5937
6093
748
6162
515
6189
6192
2702
924
6466
3880
2291
15089
1400
1071
700
6715
6780
4407
7030
924
4395
3686
7363
3924
1982
3956
2807
2211
4160
1630
7750
1052
7729
1846
1172
1316
857
2358
3618
3620
3620
3626
3638
3715
7416
896
907
8663
845
1164
1436
2935
1152
1153
9142
894
5657
1483
5848
4545
1936
1481
1498
318523
9822
9825
9968
9969
9970
3285
5791
4724
5800
10240
4093
4274
8548
6091
26117
2281
3989
2502
6407
10874
923
4205
890
2523
11742
3369
893
6587
7856
927
3658
1911
4549
1264
7391
11967
1236
2616
3593
808
5855
13257
2082
1932
13013
13015
1306
1793
1822
9612
9615
2706
13159
8472
3859
741
741
13625
13630
13663
10643
6545
1606
6103
1493
6255
1589
1603
1264
10015
1573
790
1684
696
3880
848
3496
11521
1159
1132
714
1537
2215
741
894
900
3006
1424
1595
9958
15918
15931
15931
1448
1453
2102
1570
16199
1549
4867
3256
1504
12859
16541
16570
16581
814
1262
16891
16899
3613
992
2459
3902
1737
1526
966
668
685
4338
4348
3567
14004
3635
3847
3766
1366
10673
8494
877
917
1399
18348
2871
1207
1177
1789
1160
1186
1194
3371
1437
18946
18947
19031
808
1112
717
1038
1067
2131
1529
5585
1323
1353
1368
8251
1147
2268
1295
1300
9666
876
3971
2927
1168
3184
1740
2597
912
2826
20979
1806
1667
1357
4646
3923
1428
1440
5360
3747
3650
3753
14041
306752
3998
4037
612
1411
4187
1745
18131
3329
5399
1078
1087
4530
4629
22872
4366
1346
3073
6709
6710
3859
3860
5065
1073
1076
1499
4135
3889
9576
6169
18164
2055
1596
5751
4379
4171
865
6764
389973
630
4482
1188
3858
7536
6320
1737
1889
853
1834
5970
1941
392244
19920
5567
897
4310
1026
1331
15718
1277
3598
1861
1960
2321
1518
2553
3248
907
908
1609
5712
755
998
10333
4602
4602
5958
7017
1581
975
979
916
853
1839
1150
1156
2984
1434
624
858
3661
996
1538
1542
13917
4510
1785
1218
922
8812
6022
881
9770
17067
3963
3978
1669
12467
1396
920
4288
4301
2451
17392
4550
4571
1026
1074
1100
3433
2669
1082
3889
1965
8506
2998
10879
982
11841
1242
1427
3750
3756
278369
815
817
2084
3839
2320
1877
830
872
833
833
835
837
1464
6589
402317
15151
2029
1415
6933
1744
916
923
2099
1931
4452
2719
7644
1664
1202
5453
1951
5712
944
2129
8085
2817
1957
1034
8464
8588
1506
3124
4247
28509
4047
1254
5837
4237
1213
4034
786
790
800
1832
661
3862
981
1023
851
945
1279
1343
1378
3135
1643
5502
4431
1547
1502
1657
3834
893
715
1143
1264
2550
1301
2601
2603
1171
1186
11058
635
1455
1507
2052
2687
9871
961
1979
3219
683
3039
2844
3090
892
973
862
1908
12339
1255
1529
2711
3212
864
1133
28973
2930
1484
1260
4170
1100
875
717
718
819
694
3651
817
818
820
778
944
6270
895
573
1356
962
2715
1058
2712
1206
4068
819
2946
1433
1349
2520
724
725
3194
3918
797
800
3455
2166
16800
1324
1354
1131
1424
4066
4119
4019
5446
1060
2668
4294
4336
3160
3026
1343
2153
3373
3318
3059
3546
5224
288690
1388
3075
1270
1686
877
2374
3797
2074
4685
2685
1282
1454
828
707
3027
9519
831
834
837
876
686
1814
691
700
1837
9995
13754
1088
894
1156
2061
1337
1341
2890
1335
1346
797
799
761
9667
1348
1923
745
9890
1849
1050
2313
3129
4916
1371
1134
1145
3432
1994
9803
4243
2271
744
10069
8190
4410
976
1325
1971
2068
1546
3481
3961
3973
3978
3795
3797
2114
2427
595
4278
1676
4312
833
4642
2983
1298
1074
4831
653
4904
5107
5148
1573
5548
5566
12232
1964
5686
909
2163
4134
3304
7286
2862
6276
6302
1052
1068
3431
4881
6794
3207
3316
1222
2788
2825
7106
15882
849
850
861
924
1440
1441
15432
1177
419381
1794
4031
2491
657
3718
1134
3764
1149
991
858
859
870
5311
904
1495
1948
1173
709
16298
949
6530
687
690
698
713
714
1229
931
2487
1124
4677
666
2845
1308
2088
4408
1606
5174
7071
4069
911
1167
4034
2883
741
748
3662
1927
872
886
798
803
689
1275
494
495
1119
1290
2592
5592
1602
622
4803
671
673
1414
921
4274
2904
1482
4323
1666
4587
3080
1687
1733
1748
3726
1995
1517
5158
4485
632
811
2285
3768
14162
5863
968
5465
5617
1009
5857
4537
4995
5019
961
1040
6294
5066
5182
3827
5242
942
8399
1661
1682
4040
2310
11663
6343
608
814
3861
990
561
1314
2822
2455
682
1416
5375
796
9875
11641
1159
29106
1167
1177
10169
4150
1412
4402
8302
139878
1329
2281
1331
1817
11923
1552
1684
989
1615
890
431985
2070
2276
714
1114
682
801
805
897
1694
1700
1209
1250
732
1378
1384
801
114936
708
832
895
863
1863
179337
419
420
422
2911
543
37316
1271
1984
1274
1282
71482
898
830
4178
2456
63791
692
753
1839
1178
2658
1043
1306
7179
956
1529
1238
1670
1776
1018
1515
3181
1716
1731
832
1016
1205
3399
959
1512
621
2439
198505
837
1643
1043
3752
1894
1922
700
1072
1218
2789
597
1586
1058
2300
999
1316
1310
1149
1795
2254
644
1156
1472
892
707
1225
1005
1925
1632
1194
1218
459
1719
440
576
501
507
516
525
529
531
926
836
548
566
716
2132
743
2667
2755
5099
1014
1046
1066
3915
754
1051
1296
1320
1509
1551
1706
1794
1948
1964
968
968
2245
1373
3023
1466
941
950
3526
1147
1060
396
2140
1944
269
1480
503
439
406
2763
520
944
972
441815
3029
1161
1343
3768
1521
948
3493
845
704
510
763
923
755
3671
3686
3659
3881
1626
4284
4194
4531
1223
1312
5285
5016
5101
5292
5279
1767
1845
5741
1017
330
591
595
606
609
610
611
632
637
645
655
660
660
662
665
735
754
793
817
554
309
317
318
672
919
926
970
979
444
1036
576
1172
1204
656
883
1218
1222
781
559
1406
3243
997
4616
1785
1813
1828
1007
1038
1030
1940
7291
2091
7567
917
630
739
745
642
976
1278
1113
1228
1281
1886
643
1458
808
837
8440
800
993
1280
1032
1047
571
511
1788
389
1150
3693
3698
3702
3753
3757
3760
3767
3773
3811
3817
1311
739
703
620
3975
4022
4035
3923
4105
4117
910
640
1155
4288
4308
4419
4471
4480
929
4601
4618
1297
4727
916
1494
5060
1230
1215
2888
1234
911
651
1101
5223
760
579
5350
5401
907
1298
1424
889
1010
1593
553
1036
775
5945
284
5959
458
484
426
489
493
6104
2023
756
902
1803
742
69341
344
589
345
639
366
626
375
1047
761
650
664
633
578
921
582
374
534
535
729
1170
1506
954
758
759
763
772
1025
4801
1008
1549
1360
1743
1359
1741
1610
1312
750
2134
2158
1250
1366
785
820
822
799
800
2867
502
1688
1661
994
824
1020
3110
1923
1251
1224
1312
1247
3378
1387
1755
1775
1850
1566
1714
2001
1094
1095
2970
898
2473
1182
785
2724
926
883
3486
486
1705
1403
3252
368
517
965
3673
550
581
824
829
856
3674
3507
904
1047
1093
3691
1193
1220
1435
4201
1273
1528
4637
737
4399
4812
1184
1031
1044
1055
2136
764
1012
1070
4886
4894
1379
1825
1110
3730
3735
1451
2029
1797
565
412
3952
3978
770
2000
1227
1919
556
559
563
1243
4178
1252
4199
1026
778
4380
4397
4406
646
647
3418
961
971
4536
4538
829
832
574
575
372
4793
489
964
528
659
1542
960
981
1257
1002
5557
5589
566
792
598
601
460361
804
853
763
983
1011
1013
1056
333
343
314
483
494
1428
976
631
10393
747
853
1209
973
1903
909
628
1042
971
484
1492
596
2656
1794
618
788
967
734
1121
1128
1460
591
822
312
350
936
631
673
1212
1042
1256
1232
834
604
777
862
1368
1142
536
1578
385755
818
2235
1014
1888
1179
881
1224
1251
2140
1468
1474
780
1656
804
1071
826
618
916
2753
929
963
1709
1981
632
643
644
917
601
790
1916
984
991
1003
549
551
568
569
578
486
792
802
966
1010
1065
3398
667
1458
1594
1718
1722
1725
1743
978
2261
2466
3923
2303
2874
1694
2433
916
3448
3582
760
775
995
2765
729
3549
4135
1627
2762
1325
4235
3733
1890
3950
1570
1617
2231
4138
612
613
618
498
803
813
1054
1605
852
861
863
864
890
2749
912
1816
1053
781
787
2386
1442
1186
2617
1185
1103
1863
2567
919
1856
6685
1258
1222
1682
2137
696
6239
423
1912
948
2152
2677
1199
2454
3057
3066
487
1995
2013
1039
3180
2409
2295
992
4565
1024
5149
3627
1898
1349
2658
3984
3748
4338
1156
266
662
960
4767
193
195
835
268
360
365
1450
376
635
741
750
608
800
5496
881
910
1973
787
798
693
498
2562
5934
631
684
490
447
5995
942
662
688
10244
892
3020
665
671
672
874
679
687
698
1423
6629
6647
911
913
941
3620
454
456
457
7084
1388
1414
1449
1161
1178
1189
1193
1049
1222
1231
2164
1716
3799
1064
732
1930
7892
2444
932
790
750
721
450
2160
380
234
200
202
205
284
343
347
465
1681
788
789
2015
482
658
328
330
333
333
347
350
359
365
413
472
480
501
519
524
528
486
643
671
928
989
475
898
1320
1217
700
1517
301
633
802
528
1112
1019
1024
1044
1775
1975
957
886
767
967
975
1734
1785
789
1767
721
978
672
974
1793
594
881
890
683
689
1772
1652
1550
1860
925
1682
1701
1815
980
1290
3098
1927
1423
1458
1840
3519
3312
2241
888
745
498
581
814
1718
542
1651
1194
557
1954
1255
581
1024
2324
839
3634
2033
2071
1261
658
661
665
666
1313
541
1326
1224
2120
1400
723
770
1839
1097
1116
1329
956
832
837
1073
1330
1291
748
767
1855
1867
895
799
1147
1100
2655
1300
1100
1746
1107
650
587
1673
868
3666
1073
1292
783
788
3119
1909
1066
1446
1226
1051
966
2068
3292
2702
877
3397
1673
1065
830
833
835
1155
1202
2514
1352
1095
514
3643
881
951
4210
1611
632
1074
1216
2581
4283
4302
603
1205
545
724
560
566
648
724
764
932
767
777
4783
1199
1043
912
1137
1036
1287
666
7361
1199
806
826
1552
1448
1422
958
1601
1447
1301
5464
733
1009
1018
1877
1401
1436
958
6149
1317
1679
1695
1705
2601
2852
1140
1849
2883
1304
714
716
2271
11302
913
2492
1156
766
768
1388
1057
1445
13268
2342
747
1696
1100
3129
4391
1197
2359
1337
1665
1957
676
1492
865
990
1474
825
2295
812
1462
1162
454
3323
627
800
1467
607
726
956
963
504
1118
338
354
377
378
379
552
3303
598
605
11611
696
716
751
923
936
945
640
563
565
1160
1210
1227
858
1074
3731
606
608
1709
1003
874
1083
1096
908
1114
2144
944
1787
868
869
873
876
1087
1118
2070
960
1365
556
4651
1622
2309
3176
1556
1794
680
3641
1424
2300
2234
895
2739
3574
676
2039
1643
7164
1110
3682
3687
4777
436
456
430
476
520
3947
558
599
630
633
645
1176
4166
706
1121
3303
651
4367
1007
1292
1096
783
1422
851
2668
652
1291
749
708
1483
426
1098
1199
1023
1809
660
668
591
1789
1472
1617
1300
1586
779
1824
2806
1398
3854
2217
463
1102
2574
656
1251
833
2157
1980
1171
1323
3333
1142
1110
1297
733
760
910
11035
972
1168
934
924
2544
883
892
1658
1086
1809
532
769
2097
443
1247
626
662
681
684
689
690
692
693
693
695
708
896
836
849
852
856
867
894
909
912
999
1016
1058
1068
1077
1105
1212
568
569
572
582
1231
1245
1262
509
434
618
628
514
1630
1138
1871
2216
856
939
2442
1745
1961
470
1441
1755
460
466
467
937
630
493
495
498
3764
3787
556
1009
564
4045
4873
1253
1089
470
1412
4653
622
624
536
540
881
4824
764
799
1146
994
1002
1015
1106
5540
1425
1413
1646
2226
5969
3416
6309
1622
2517
2378
2460
816
2241
1304
939
948
955
3161
462
1564
809
2050
732
756
836
616
913
1121
590
1331
867
604
605
1104
614
614
24370
1600
1381
1331
1246
1371
882
1495
1641
2190
834
844
1738
1893
1096
1113
4837
2042
1813
1777
1395
2394
1569
1114
1115
1631
5363
2639
1829
2292
958
1602
1203
1111
2438
1638
2484
982
717
998
733
1582
4752
713
752
754
762
979
1778
993
699
1274
602
733
735
736
740
3720
4985
1554
1000
1411
979
1237
1938
2271
702
441
1482
1219
1200
2798
1662
868
863
2125
460
978
645
1329
500
501
505
510
521
2022
729
1465
2471
936
1243
725
562
749
752
763
707
1208
911
1271
782
2008
708
1123
1159
1167
1205
1219
1540
1301
775
1528
1538
1559
1573
1583
1624
1059
1835
2296
1486
1106
6460
2468
3684
1323
636
3612
666
886
553
554
558
1995
744
1029
1075
824
826
1389
1621
815
3776
963
978
986
1212
1162
1173
592
1376
1588
1796
928
2704
2074
2313
946
5518
4999
960
1459
739
1260
657
1168
947
1436
1177
581
1185
573
583
601
602
603
605
1239
672
673
820
847
853
1328
1069
1116
1366
1135
1135
1338
1684
924
1832
1888
746
947
955
2110
1248
1250
1539
1544
1058
918
928
12265
3107
930
1114
814
1273
1075
2822
1434
1634
1686
2300
1946
1961
1485
1797
693
973
978
1604
873
874
989
1045
906
2752
1518
1272
624
235
339
1117
550
1425
1561
1850
603
1227
1236
2280
1676
588
744
577
504
928
942
947
599
3902
1078
6273
857
1220
1177
1430
1320
564
571
640
586
1103
1340
795
811
654
1580
6905
1266
1398
697
631
1666
1061
874
704
1560
643
1959
701
813
815
816
817
952
2433
1204
1046
1061
1094
1082
1127
1148
2044
529125
1119
803
827
300
301
1568
308
379
1471
619
859
1052
690
1172
819
562
1958
665
938
1040
1360
668
888
2018
2041
427
435
480
496
726
63
2193
368
2562
450
498
1929
1897
1694
1118
3036
2010
688
889
890
843
739
909
910
914
917
921
1704
952
815
1649
1671
1088
416
321
322
362
367
376
1271
382
388
400
401
404
405
464
468
491
510
526
1462
583
584
651
663
679
721
741
748
458
1791
843
884
897
1074
4777
980
1199
2324
1428
1509
2562
2620
3187
3205
1971
5696
5584
2000
5915
6028
3231
1472
1859
999
547
835
353
469
579
552
783
683
937
5015
1719
642
1404
777
673
724
736
10342
753
819
820
1242
837
1416
2192
472
942
946
191
193
192
197
1104
1110
1127
307
1141
460
365
488
7260
573
1497
708
3241
3047
3055
3828
513
1127
1013
479
647
668
825
840
569
862
1519
795
1453
489
1287
634
656
838
985
794
989
1337
808
10564
528
477
464
470
629
753
1290
1139
488
1992
1427
434
552
505
514
506
512
876
871
634
756
1421
1449
625
736
647
370
356
635
898
396
349
360
693
700
539
1293
740
1861
845
1139
891
748
1090
801
1291
640
893
842
845
671
537
1025
1260
1108
889
1462
588
791
764
859
1550
895
2198
2508
980
1105
1100
964
1546
814
1688
1209
533
536
542
545
553
565
573
574
590
602
610
495
707
2069
765
821
385
858
862
869
872
880
556
941
1040
1048
1048
1085
667
4177
1259
854
439
790
1392
522
1492
1518
1547
1664
357
1783
1851
5078
1901
562
670
674
689
3202
2649
1266
691
605
1469
1476
776
3385
574
3295
672
1109
615
3560
3593
3606
3611
3628
3630
3649
3658
6095
3812
3835
650
1172
3876
4062
4073
766
4137
609
4205
4225
4359
4373
4643
4394
4411
4435
4457
4533
4576
607
4878
4947
5001
5113
1014
543
5612
5754
583
1758
687
386
1079
472
358
475
440
1002
520
855
1068
595
466
571
572
711
626
428
1031
618
1284
780
934
1494
836
792
1839
1540
862
1624
594
1037
732
733
750
819
723
993
989
1381
2599
886
819
1119
624
633
1863
839
2048
727
736
990
815
825
1877
829
840
1172
1018
1060
1309
1316
1840
1653
3153
856
1765
1064
2564
925
2836
972
2983
1442
366
1037
363
278
376
379
467
412
196
377
3414
137
188
189
3668
213
4178
382
426
494
420
295
876
878
300
623
351
352
721
489
297
528
317
598
619
625
492
765
407
410
418
428
441
445
593
379
699
747
596
609
630
633
635
1110
882
1017
1037
1088
604
916
369
372
507
1730
1324
968
666
1056
530
548
554
705
738
756
636
1048
1124
1187
1451
1673
1932
629
637
2589
2070
2421
2819
2946
1048
2354
831
597
3408
492
456
1168
1168
3499
334
346
3286
753
455
1492
3056
778
587
756
1726
4840
789
1064
2248
3918
3947
3955
1561
4184
1026
4250
859
2240
1507
1509
925
4456
4461
4484
1356
4770
4783
4792
1066
1086
827
6438
1052
1673
353
746
341
380
417
331
334
336
1151
577
630
657
663
395
12646
727
733
3700
784
802
822
858
890
944
946
3831
3836
3839
3841
1029
1164
1278
1331
4262
4267
1760
5353
1042
674
375
328
329
441
1202
277
583
348
349
373
376
407
470
207
514
214
641
647
689
796
332
363
383
467
490
516
558
588
1110
3436
1491
1026
1569
1212
1818
4124
1485
4363
1595
1703
2348
324
326
1164
1175
11427
590
709
926
385
378
667
793
411
616793
764
783
435
1860
512
513
514
644
534
544
747
525
314
315
1321
1188
809
1229
1123
995
1954
901
758
679
711
443
882
902
532
532
530
535
707
559
561
1153
791
569
821
1453
696
985
994
1060
1107
1109
604
1705
868
1438
1323
1933
948
1653
1804
1849
875
887
1552
2039
2050
643
645
647
1792
2150
1189
2220
889
1011
2413
2405
1038
1070
1190
1009
1020
154732
1676
177
371
971
386
445
586
655
1713
746
1573
692
1806
489
2340
758
1138
756
361
379
399
1161
477
760
500
2912
1019
316
834
535
541
252
253
254
351
452
456
575
528
515
992
359
510
1123
640
361
362
458
471
535
1491
374
547
737
784
1263
309
387
407
491
487
352
272
1932
369
528
777
717
2651
154
314
2578
681
1121
299
362
260
397
265
145
383
524
263
4502
266
388
3542
928
780
173
998
153
155
166
544
677
431
685
260
5562
65
34
39
963
54
159
1518
202
207
461
878
1014
858
264
445
475
294
299
300
306
472
702
574
1531
553
406
348
810
415
724
91
28
270
285
420
365
376
471
195
732
482
865
208
128
162
250
255
306
412
259
384
1166
626
539
693
276
350
360
368
422
645
649
539
145
507
148
830
355
385
311
212
796
382
316
328
484
395
396
399
505
509
540
540
645
666
404
912
261
804
132
389
519
635
430
1023
1046
327
608
1059
1140
1154
1155
1280
1284
1154
254
1355
143
346
10965
552
602
341
893
678
607
347
70
101
41
277
283
174
345
528
608
56
33
321
244
227
239
277
245
297
561
601
308
244
383
221
107
147
193
412
363
350
269
1044
448
255
349
642
680
221
143
266
29
30
39
46
76
112
472
636
770
365
277
258
264
259
434
1082
916
1099
56
89
143
393
749
225
357
426
427
432
451
372
393
670
686
493
602
639
903
631
636
992
1316
122
1198
1204
1360
72
1499
364
1526
206
693
1277
1537
1746
268
2258
140
245
1925
203
205
131
2104
271
108
323
351
106
115
123
187
206
214
232
235
250
394
387
356
378
384
734
1212
642
677
304
131
245
269
309
248
423
246
262
834
614
335
352
545
649
925
271
387
280
285
190
188
281
484
571
307
306
246
527
474
310
424
263
675
1213
786
465
1438
700
392
118
809
742
426
462
457
125
244
295
417
425
426
189
201
204
113
113
114
165
1088
351
1104
332
1225
580
430
1005
245
281
247
772
868
343
1253
556
810
239
676
116
343
258
238
163
416
582
347
206
223
282
283
290
292
431
527
570
591
572
961
751
573
246
424
808
539
504
232
134
319
930
130
136
282
206
362
411
325
632
502
378
544
195
638
477
477
592
329
427
340
106
425
316
318
597
440
113
231
263
475
479
316
319
585
612
275
276
359
867
383
339
868
356
358
722
568
2154
501
537
687
340
342
352
353
362
364
365
641
846
856
650
1157
980
353
466
487
148
294
303
551
2887
2935
1280
3108
1526
1684
1178
1383
958
2680
2408
1289
1635
4269
875
1275
1568
1232
1246
1177
883
2149
1562
5191
760
767
911
918
979
477
478
703
1425
3224
844
1906
612
2710
1952
959
472
483
486
488
631
645
694
706
718
860
915
1480
8902
1234
1311
261
1380
281
283
287
1441
482
498
1472
502
363
508
428
431
625
527
644
522
1124
774
862
1186
1675
672
600
1711
987
990
1673
106
1034
751
1749
188
1829
310
313
498
1165
420
3120
282
427
544
559
1011
567
355
508
1802
533
186
187
200
267
434
461
484
858
2145
413
712
387
351
427
648
448
443
266
452
454
745
448
376
1056
1056
640
271
589
506
319
327
385
640
498
836
575
205
205
505
349
642
455
775
352
646
275
216
230
231
287
387
909
427
450
167
313
263
175
347
787
465
1022
955
382
803
1081
387
986
124
129
130
134
222
225
890
498
577
478
393
394
92
506
29
31
315
167
460
771
313
315
419
648
293
1295
299
608
572
517
166
752
422
237
400
327
767
349
444
470
213
299
314
580
610
221
429
429
1287
161
699
727
526
209
213
217
655
541
558
457
389
1063
871
1095
1238
776
1285
1212
1306
694
574
2264
581
807
995
284
1103
209
588
1008
1552
288
321
324
330
341
331
546
550
555
641
669
782
429
707
779
1628
590
287
741
42
994
418
1355
490
205
346
222
527
514
643
346
353
422
345
931
344
346
352
359
165
320
530
413
1368
750
447
466
477
486
494
498
524
561
593
609
637
722
663
677
680
720
820
822
872
1148
390
1078
744
639
426
444
558
1030
336
339
442
445
1271
286
369
370
371
114
778
696
121
123
125
129
612
615
294
206
725
403
406
4128
525
360
439
485
679
808
810
437
438
1153
3463
1051
728
1614
1101
285
311
354
356
1214
203
412
491
1246
242
407
29
28
447
465
246
347
348
356
361
362
588
969
270
1089
112
168
125
321
991
40
98
526
459
417
287
694
172
532
243
293
293
322
704
831
212
327
134
143
145
152
184
187
201
243
352
415
420
541
557
462
473
396
265
270
359
447
1047
640
213
220
346
361
427
153
337
647
196
316
536
592
419
269
973
450
326
332
333
351
375
390
730
428
461
467
488
489
490
501
526
585
610
650
658
664
675
701
837
852
859
890
1259
973
1032
1046
1091
1108
618
1197
1299
1690
632
1393
1450
1512
681
1541
445
1616
1550
569
880
1806
1032
505
1933
1057
538
894
384
196
202
276
237
889
295
556
436
134
187
348
654
321
324
271
271
422
273
764
442
644
353
319
304
432
513
595
600
361
620
402
134
179
1223
649
259
172
127
148
183
204
206
214
767
418
299
535
541
309
359
341
391
446
453
275
202
360
279
631
1185
672
989
1005
1094
342
510
487
517
517
780
286
290
456
201
278
128
129
132
169
297
348
348
748
518
442
642
384
283
641
417
916
346
330
42
33
590
347
317
347
277
423
160
217
668
175
328
499
284
566
781
806
418
505
359
167
659
1130
119
210
278
34
28
41
90
112
115
777
924
757
324
316
320
321
434
427
538
540
226
172
411
997
118
206
688
114
116
157
387
344
199
130
298
685
484
379
292
275
170
444
170
781
216
224
249
297
299
314
336
339
353
357
357
394
583
494
542
642
531
1126
608
833
484
1001
145
148
154
219
251
1144
824
326
353
361
369
456
579
595
709
1628
837
936
616
642
992
1249
2084
1233
1266
983
179
388
239
125
428
125
443
195
424
445
154
745
40
71
537
862
200
113
577
165
167
169
346
573
652
207
538
557
444
356
552
825
204
210
211
209
766
286
788
142
148
156
278
321
168
664
658
449
522
547
827
1452
673
425
205
804
413
442
1081
211
214
257
834
441
244
148
595
1890
278
293
565
202
646
326
442
180
611
537
561
125
215
778
874
530
417
547
166
782
166
559
178
179
215
393
425
467
503
340
617
279
362
39
54
447
270
357
360
363
423
717
594
450
889
343
761
762
972
161
1062
615
256
265
349
543
622
923
973
1016
347
124
161
188
196
237
241
253
279
285
291
309
320
334
284
350
364
374
383
386
448
529
531
606
618
433
155
156
161
162
164
171
204
208
275
330
293
553
719
724
221
229
279
314
315
423
275
204
273
284
509
1184
530
257
314
1480
456
422
884
483
585
116
153
506
400
168
503
345
219
267
954
570
842
485
288
386
428
434
416
355
528
266
829
202
221
279
178
220
442
335
544
441
442
1026
467
1104
549
589
667
679
794
879
917
1012
180
132
133
134
696
1518
391
264
539
623
649
128
734
124
656
746
1002
287
3198
3054
486
451
894
3342
941
341
35
57
1065
859
659
1160
641
687
654
664
840
979
524
586
601
1284
535
1015
1025
1181
792
1581
2360
2016
1368
1196
1714
523
1479
456
458
439
453
605
610
669
1377
906
1381
899
559
838
2099
590
593
12396
190
1002
589
310
313
318
891
483
563
772
700
679
1636
319
267
760
771
353
449
458
818
828
836
850
22
68
343
542
891
191
389
682
880
42
28
186
352
106
30
218
277
284
145
371
370
562
427
262
263
272
283
332
472
481
105
136
237
267
169
176
179
482
253
869
450
895
338
345
370
1007
504
414
890
530
731
346
347
1435
808
660
674
740
146
148
329
206
346
249
498
215
743
873
202
640
394
593
689
570
922
698
387
342
350
351
573
580
592
249
1050
1221
379
642
1587
625
35
24
203
340
213
214
340
352
582
59
44
658
88
802
281
547
1480
312
428
607
1085
316
312
338
1532
345
345
331
443
57
563
447
653
498
353
617
408
493
518
957
760
594
637
887
452
468
469
476
207
745
221
226
234
358
910
937
859
923
1184
2110
696
1031
855
860
948
44
32
33
52
1675
851
572
241
435
217
403
538
1602
339
733
142
845
331
177
181
471
255
709
674
556
906
1202
969
1195
1200
347
588
714
317
2623
250
466
784
351
536
213
487
488
320
322
223
312
5574
687
361
364
367
368
378
383
390
393
470
490
576
587
594
232
228
829
174
180
359
423
1156
425
1145
442
385
797
200
331
321
462
505
441
606
940
829
691
526
1068
376
318
383
131
134
172
229
267
277
290
397
360
202
224
141
142
189
193
318
476
515
428
325
486
647
535
313
667
679
425
435
777
995
936
188
310
1647
418
168
327
244
170
642
321
329
417
427
184
379
203
203
957
487
313
414
286
625
484
513
561
377
829
962
1026
391
1132
831
351
483
649
1534
414
244
531
556
541
327
1371
351
231
128
457
465
587
692
316
836
947
317
483
345
864
524
422
956
50
41
652
649
996
1377
274
48
302
34
43
44
46
80
92
102
133
286
334
335
136
488
276
655
398
3112
61
62
71
71
77
78
82
84
85
86
100
105
114
137
147
1279
190
200
258
268
1416
299
338
399
421
31
29
575
692
708
814
206
160
211
266
305
196
573
242
762
376
137
266
189
190
124
969
622
575
323
166
1727
430
2007
2202
2291
650
3836
556
246
3897
3448
340
345
356
361
368
369
1455
520
545
441
654
568
726
3767
731
846
776
785
879
321
1014
1049
3663
1174
962
1022
898
1282
1827
1701
534
796
125
132
199
2117
313
1577
515
555
3897
943
971
314
58
70
358
519
123
440
442
443
621
382
192
775
116
4732
175
731
254
479
512
429
703
1581
769
288
289
404
659
683
695
359
6064
570
342
78
248
910
276
305
554
17055
101
1444
23
1464
299
355
672
643
24
52
377
1345
321
2630
300
454
507
414
592
697
690
3567
425
695
3913
390
4063
309
310
1139
1524
843
1055
434
932
623
3054
564
492
1617
602
470
359
360
428
506
4514
730
263
279
791
1498
821
385
442
572
460
466
507
518
639
1119
1129
1144
266
254
185
193
280
806
216
537
226
469
324
194
614
324
591
1183
1008
239
251
225
470
479
874
1273
1165
1040
860
408
202
284
1251
487
493
404
398
480
1181
496
610
614
278
3916
502
878
3406
1056
911
935
1141
655
690
647
960
1595
1832
1495
1294
710
997
1387
1798
598
942
666
674
1308
1096
1136
872
474
1122
1956
1176
881
1500
836
857
1245
1067
826
1281
1037
855
1341
966
1623
1642
1642
971
1425
1369
744
1475
1953
12029
1537
612
1477
743
657
776
796
807
2079
991
4307
414
1685
1278
1287
1331
1657
831
1474
1968
1073
1570
1937
1375
495
300
293
151
217
322
574
298
299
470
664
1298
858
902
536
543
544
354
313
320
332
450
443
447
497
762
782
802
821
684
1425
1121
1940
587
748
296
314
316
348
487
509
513
647
715
756
38407
820
1547
862
982
1024
800
1265
1378
1449
638
1691
1786
1967
852
1156
1263
1288
1256
1522
2040
1822
584
772
396
399
416
419
420
569
578
525
752
771
918
797
1075
1078
573
1601
1642
520
364
206
292
303
360
452
561
383
125
138
873
374
1015
475
734
360
737
769
768
467
473
484
485
488
491
850
1028
589
593
595
597
549
836
846
853
1980
1412
682
1750
2785
2011
795
1189
884
1932
913
579
581
586
1002
1020
613
902
1368
5921
1653
997
1576
1523
502
1004
2502
871
1754
1136
3438
774
1324
1344
1924
939
943
550
498
514
923
1212
1484
838
608
504
510
641
897
1066
746
1757
1568
674
676
687
691
699
703
760
839
883
935
970
877
191
1319
1368
585
2125
1578
1593
3927
2154
283
2073
2639
2869
2296
430
365
686
748
743
1390
242
3945
125
1275
787
1269
415
547
386
73604
634
959
974
350
352
360
368
383
374
1192
462
491
505
591
623
831
857
881
1060
1092
1101
60
320
39
325
904
277
581
654
333
441
879
348
897
470
580
1360
940
125
168
170
414
205
208
649
272
274
352
323
670
534
548
445
770
329
380
440
1117
1237
201
1015
1061
346
409
527
349
807
625
257
465
467
412
443
334
672
691
1052
340
895
171
214
479
196
1369
558
950
573
695
209
275
277
281
285
342
185
184
742
747
54
54
449
511
264
280
286
286
299
300
369
460
472
557
337
396
601
762
868
884
422
950
996
234
1329
401
1424
270
638
369
1225
311
193
112
118
153
160
383
750
217
532
167
430
534
258
258
260
265
272
442
383
536
544
386
1571
550
142
251
233
243
1227
271
355
248
303
143
126
128
182
183
362
556
341
341
350
360
363
460
475
477
495
575
609
683
692
801
823
533
2040
139
1526
129
285
137
508
176
209
251
672
284
352
224
479
329
797
358
434
1151
915
1289
1667
1630
428
2558
429
542
375
672
291
1666
317
349
390
462
469
773
942
1061
587
733
609
418
422
430
440
450
419
570
573
582
651
839
900
844
1083
1382
780
2171
257
894
2491
1664
359
2579
553
2811
690
363
368
376
915
3075
284
285
710
716
741
809
876
962
673
275
1081
1091
263
355
3399
536
343
347
430
910
828
534
316
321
418
389
395
472
541
652
657
796
1108
1230
1352
1520
1771
387
765
266
197
609
571
256
345
442
765
226
379
1041
584
645
479
560
780
590
593
1129
384
699
705
157
995
806
820
748
926
320
1485
1352
540
191
96
200
346
13222
337
353
354
206
202
416
597
947
390
660
520
628
640
250
877
435
189
547
263
756
361
553
621
685
710
1757
627
1071
383
335
615
340
354
158
646
208
705
350
258
798
201
202
629
448
1060
559
318
702
1225
886
330
1693
3137
223
129
130
553
353
327
438
440
572
599
473
377
716
768
845
859
290
903
1052
460
467
491
1177
880
3803
670
1284
481
303
448
178
181
1649
309
310
485
426
730
549
359
791
607
346
1648
225
795
174
875
1051
1984
961
537
1339
646
330
793
491
1036
1104
706
300
779
479
655
1328
1498
1567
1127
4122
1747
1912
785
1789
380
710
400
685
507
876
562
14353
423
672
521
540
544
750
315
339
342
345
352
754
805
443
692
466
471
423
496
500
535
620
1008
651
676
1166
806
814
830
830
841
1268
1943
720
1240
1403
482
445
610
1878
212
273
275
465
574
589
942
993
879
287
119
158
161
280
17477
232
438
712
352
263
266
274
283
287
297
355
377
396
446
451
606
493
544
716
785
832
935
1195
445
266
524
624
589
169
504
863
350
321
374
351
1195
54
52
983
622
1319
325
233
972
353
366
837
1029
1103
1137
218
1391
121
152
246
1312
5482
640
382
347
323
331
376
529
492
449
537
713
318
904
422
559
1046
1120
1122
1244
740
1325
208
629
831
2086
783
795
993
1018
376
391
1994
453
475
481
560
582
381
654
481
191
224
393
168
290
556
412
177
130
131
283
290
482
670
228
421
286
631
147
184
190
316
226
168
365
370
317
321
323
645
332
90
28
41
336
130
457
137
152
290
926
1034
1044
1470
250
256
356
443
512
427
546
271
963
273
262
644
664
312
280
377
259
128
130
131
132
136
197
181
215
115
409
306
137
139
243
263
324
374
414
51
123
539
778
144
395
136
1161
283
193
127
129
132
171
176
107
110
143
535
268
270
313
757
129
995
973
225
95
382
176
99
104
135
276
244
627
133
137
140
147
568
183
202
231
238
244
313
337
837
457
356
439
267
355
552
1059
1102
525
251
541
365
353
355
471
688
2241
2248
335
197
266
278
279
356
358
427
260
477
530
546
554
694
811
3910
179
1033
735
356
441
276
363
380
451
465
638
955
358
133
172
272
316
933
254
591
254
634
1497
404
382
1017
317
316
895
583
287
893
424
413
250
254
259
271
281
287
290
291
294
363
458
417
427
444
505
603
142
1032
383
185
584
851
877
966
298
299
322
328
334
338
635
487
938
539
552
582
584
1096
1305
913
944
1988
1683
385
388
394
398
406
407
408
433
448
449
453
523
524
539
543
594
596
662
681
707
752
773
811
850
933
953
964
552
970
977
1128
1152
1273
1353
529
658
1728
1832
486
614
586
713
638
854
645
300
313
318
320
350
357
361
364
365
366
371
373
374
381
391
391
395
396
398
406
416
434
438
438
467
486
487
496
577
578
582
599
606
614
617
674
654
681
704
734
771
814
831
832
856
864
864
895
941
974
1017
1054
1094
549
1237
1250
1371
1381
1413
798
1507
1527
991
1714
1471
1563
2215
2297
1746
1849
2556
1955
128
145
422
513
312
313
317
524
516
861
320
1434
313
314
315
433
539
330
876
975
346
902
1262
614
1393
731
342
237
863
1073
1103
1123
1249
420
456
269
451
259
923
446
361
696
2093
475
483
807
836
1225
1392
1342
200
1689
211
241
599
295
547
2335
2613
535
3010
215
3349
3703
323
304
341
343
348
349
523
324
28
577
435
32
34
44
65
72
215
379
472
1101
308
915
152
182
204
230
290
236
197
659
641
583
331
333
652
153
155
239
13014
342
152
111
117
597
471
426
317
323
430
165
117
1090
418
246
142
251
702
478
113
122
157
426
328
489
1601
386
328
642
784
1102
1129
741
329
331
332
333
344
348
349
378
415
429
443
518
539
571
573
577
590
616
699
707
733
740
772
772
779
782
805
848
872
932
940
957
1101
1158
1337
1352
1380
1175
222
341
311
320
1057
531
527
1075
258
301
267
218
963
312
312
420
221
412
739
472
633
717
170
215
193
245
351
327
457
448
458
465
264
586
837
469
167
1396
129
577
352
580
180
862
226
266
265
320
374
997
143
448
160
161
204
218
243
248
667
280
324
610
1038
319
281
572
382
482
694
463
469
576
585
474
826
354
357
470
476
483
591
718
938
197
99
165
461
454
446
129
95
131
443
640
320
243
432
287
247
293
302
877
396
412
606
787
825
906
527
259
273
345
364
368
542
633
886
350
262
337
387
598
487
1057
436
350
366
446
472
429
567
735
258
952
1874
310
602
156
116
121
515
199
216
365
1177
688
592
470
474
414
244
254
255
510
1084
701
348
441
446
932
649
1402
346
348
349
590
701
260
1090
263
264
695
251
413
247
557
315
193
197
255
328
333
522
465
185
250
107
117
151
202
1067
344
256
302
176
309
354
148
267
721
474
280
387
668
1440
728
479
349
281
194
371
516
265
175
178
224
389
299
628
170
265
267
270
450
539
636
969
141
284
705
118
552
378
223
106
630
396
194
200
279
449
307
398
399
407
288
483
489
125
587
604
103
53
112
116
118
119
123
205
289
370
264
534
1080
263
367
546
849
897
194
194
25
48
65
75
96
111
117
131
189
214
294
255
527
469
481
168
417
203
239
404
342
523
441
451
551
641
1050
859
578
1118
593
435
1584
1321
198
250
151
184
193
195
326
327
507
550
187
604
541
204
210
216
226
287
328
341
367
1500
410
426
428
441
461
481
623
687
727
835
837
488
475
315
184
185
420
329
669
571
597
328
329
78
423
425
79
786
540
909
663
446
267
281
357
243
461
120
175
221
398
258
358
794
813
958
597
386
669
634
281
354
378
459
480
552
755
1059
834
955
342
273
248
185
185
189
317
323
56
55
56
65
68
92
741
416
168
125
715
277
200
459
810
123
132
179
308
357
289
436
61
175
76
262
353
543
691
263
267
815
407
223
34
23
93
377
280
124
377
128
447
268
193
197
254
324
378
271
475
666
488
353
341
415
633
578
342
275
110
181
779
221
136
137
257
264
627
357
450
303
716
174
334
598
435
189
168
547
313
424
315
528
424
260
258
312
274
275
212
126
254
116
926
45
582
29
28
280
1184
470
649
136
130
275
1321
169
615
200
196
486
385
2603
460
262
579
262
3301
34
139
3995
5324
128
622
351
442
450
769
257
904
128
1063
1855
621
202
208
209
358
284
355
704
749
781
1020
965
338
555
120
152
188
255
279
307
335
264
748
445
300
194
511
514
616
260
344
127
213
226
1591
350
414
257
384
124
514
518
420
800
1202
1617
252
145
381
189
322
504
525
512
382
390
303
777
784
608
689
537
380
414
197
546
551
551
263
567
254
259
264
661
681
263
708
1172
646
1274
193
418
342
210
396
225
592
255
314
112
158
364
458
348
350
356
360
462
474
573
817
528
1079
1090
385
647
376
280
299
131
132
136
140
141
217
221
334
354
602
248
504
27
92
406
142
107
147
434
150
64
674
106
467
107
125
226
260
433
448
450
705
146
221
23
22
47
54
64
181
187
721
480
126
620
332
1087
339
127
357
261
334
29
91
342
287
392
396
404
1092
263
822
269
270
357
363
539
646
269
224
536
336
346
185
227
319
175
355
128
174
188
197
225
263
334
351
351
413
423
436
1251
351
621
572
124
262
607
262
259
266
431
437
619
264
262
124
311
702
668
583
607
1229
630
266
273
275
353
451
544
599
536
354
595
1356
454
581
817
248
255
266
267
271
272
342
455
501
620
808
847
913
188
185
353
264
725
698
208
128
345
720
550
450
624
647
364
368
344
356
938
564
481
485
567
300
702
126
137
941
1644
1491
1202
1637
540
161
1032
246
325
378
755
455
676
574
596
756
385
790
807
814
920
950
1062
749
838
1237
1264
1579
1617
1417
1603
630
106
147
204
256
208
624
615
942
634
441
328
330
556
680
1362
442
513
446
135
144
145
149
152
158
175
181
199
204
393
395
336
340
346
363
414
456
494
571
681
766
1306
1260
1385
1386
1502
1602
2471
473
353
232
132
134
222
905
780
1479
6180
526
328
712
712
667
1018
235
112
113
323
125
280
167
873
672
633
559
266
272
354
900
41
35
43
56
87
101
168
209
53
123
446
353
66
32
56
86
32
42
312
129
1118
73
144
277
687
57
22
788
269
275
268
665
712
756
288
377
485
1517
66
30
38
821
576
264
694
110
311
116
124
128
168
172
183
200
340
245
206
405
487
339
395
123
574
265
313
312
355
363
375
459
464
637
262
362
523
264
353
440
168
286
637
796
271
274
276
283
290
292
379
389
454
461
524
553
751
872
932
1104
183
130
633
947
323
428
523
525
177
202
236
240
694
331
354
616
1020
128
375
166
218
347
440
431
328
445
557
565
573
679
1083
125
711
221
271
731
1236
1415
216
695
133
177
222
260
340
807
260
258
262
522
328
441
331
336
345
346
362
450
451
454
554
557
575
536
448
274
204
205
554
281
641
790
247
200
252
348
256
270
342
125
125
445
329
1421
266
23
28
38
101
748
648
1057
390
391
392
399
511
530
911
1045
128
477
243
364
382
299
465
456
349
355
487
609
618
708
807
816
222
284
1186
1344
650
256
168
131
132
144
187
190
193
220
225
365
254
292
366
459
806
947
1205
453
304
1634
280
666
286
290
467
481
181
183
184
232
234
250
687
808
459
775
341
472
1413
347
131
353
171
310
647
401
412
512
597
546
658
678
715
781
820
842
853
477
1074
1107
1210
1367
1551
1591
169
185
228
248
277
308
377
401
347
441
311
358
33
23
431
352
353
356
357
362
604
125
131
135
136
139
264
266
189
276
353
328
953
891
658
1845
346
28
33
1838
62
528
278
100
169
308
508
188
194
196
197
263
322
511
146
265
517
773
784
257
263
266
377
444
466
816
827
853
870
1216
471
361
362
364
367
476
478
203
832
1135
594
467
1661
852
344
67
34
483
500
258
345
819
440
958
197
199
1015
328
440
169
211
28
264
40
526
128
127
127
522
315
423
488
354
484
217
218
328
329
333
448
570
931
932
296
1258
592
302
1458
359
108
143
401
232
151
220
221
275
277
280
283
289
339
405
498
213
211
217
160
448
341
708
260
995
263
267
61
39
42
66
81
281
290
101
104
191
198
224
267
279
296
354
526
897
646
385
1032
45
87
351
626
345
193
246
254
354
30
261
31
34
268
166
95
146
147
152
244
259
260
358
416
787
1198
1006
479
933
575
668
894
596
250
454
1431
353
348
352
354
357
363
371
380
485
486
498
499
588
606
610
611
874
985
1093
1104
1692
106
29
36
40
97
148
522
428
41
78
186
112
144
185
421
55
28
25
55
93
105
171
175
202
329
259
338
259
108
184
202
819
350
571
102
189
615
834
402
139
56
45
62
109
140
171
144
163
166
170
177
178
273
275
278
355
468
472
475
825
249
1074
116
198
146
633
215
218
245
263
346
382
457
338
136
176
354
650
501
417
262
777
224
167
323
28
29
125
124
691
358
738
140
183
240
329
338
362
597
42
83
359
360
363
477
341
258
860
443
1318
828
594
622
106
148
351
463
227
589
186
674
698
361
124
151
153
596
442
598
603
1496
611
217
125
286
171
170
829
499
115
261
2107
124
214
227
130
363
475
1424
999
1484
1060
603
521
732
905
1212
11055
936
937
753
624
246
341
836
429
549
430
428
261
124
46
34
959
250
715
250
348
336
128
130
271
998
1020
747
641
387
110
239
266
351
473
478
593
645
828
317
322
326
338
339
350
437
440
453
495
538
667
681
291
795
422
985
329
350
262
298
302
304
311
424
470
474
507
510
526
558
572
644
683
712
461
750
839
812
193
927
328
1129
536
307
1913
271
312
1120
370
832
262
469
546
625
741
631
417
421
1311
343
859
248
284
171
401
413
431
261
629
347
935
243
143
1069
322
334
416
431
552
556
561
646
744
552
273
1280
425
592
196
598
533
354
1185
357
359
617
474
843
866
185
942
967
40
57
347
488
443
311
262
311
419
1000
880
1167
355
443
335
351
427
439
875
345
340
1175
377
202
62
50
50
59
370
398
193
196
730
465
315
448
3215
322
417
420
628
180
531
4296
878
250
70
29
340
75
55
60
70
148
150
154
395
202
380
237
374
606
596
725
108
310
148
187
600
337
316
401
432
747
862
944
1213
1001
1097
895
886
892
482
452
269
359
362
349
651
358
946
901
477
959
374
281
794
701
1461
1209
845
518
273
273
469
642
391
539
552
705
961
1120
558
935
956
1129
802
736
577
579
655
668
463
916
1172
461
1330
720
876
958
963
973
1313
1444
853
1384
471
484
707
649
1290
508
552
597
910
1151
1689
1349
1670
1133
690
1370
1288
669
1106
819
984
1298
1052
886
1540
775
1599
3706
1891
640
452
454
403
407
418
418
432
466
470
483
486
586
590
595
679
690
707
725
871
891
899
924
669
673
682
686
980
990
1112
1146
923
935
937
2810
1256
1335
1151
1473
1193
1503
1508
1516
1555
1816
1963
1701
1508
2700
2804
2965
3019
1818
1442
259
1021
216
173
177
450
3221
527
186
189
262
334
353
336
359
369
726
377
3587
365
819
939
294
186
206
278
363
367
377
665
242
167
114
123
126
158
538
472
158
182
186
205
227
302
317
349
351
361
439
442
446
463
546
584
685
601
474
616
472
826
1261
505
768
605
1391
2014
1660
1207
1043
1217
637
1379
1752
465
1823
488
1244
200
169
170
170
171
193
357
13345
402
427
118
581
668
847
1593
745
3787
3803
5719
1376
1025
4096
4139
4241
1385
555
1721
4802
4833
257
211
771
172
138
245
117
118
446
973
852
937
1467
57367
206
317
349
427
318
322
429
226
342
317
185
379
551
397
285
556
445
263
466
124
222
263
536
278
361
364
375
457
552
443
382
184
186
285
166
146
234
285
463
303
485
386
394
395
535
1152
410
583
352
70
197
88
206
703
489
523
1310
540
346
1332
581
165
224
233
587
524
444
248
167
265
363
316
718
455
449
626
423
592
315
588
213
167
355
218
368
369
476
593
831
1090
1238
1280
473
595
331
263
338
350
629
323
421
427
311
408
414
316
355
451
489
186
202
420
273
277
210
210
228
306
385
387
395
279
284
285
288
304
1418
434
436
447
648
541
701
723
636
119
844
858
363
567
99
110
961
230
349
1112
1130
586
584
1080
618
348
712
631
285
527
262
447
353
407
270
271
274
450
214
216
437
374
674
773
1206
901
493
102
592
103
246
197
942
249
1033
609
1092
457
40
35
41
45
65
119
124
141
367
115
173
285
219
544
328
289
470
490
177
708
396
316
1458
818
232
232
288
286
240
1131
652
1653
744
124
133
180
188
227
270
362
257
124
172
715
529
427
364
373
376
584
421
492
538
632
646
653
739
745
234
377
124
878
492
785
974
1247
310
313
347
425
629
647
346
475
358
358
606
1570
298
590
276
147
311
586
1349
375
1210
265
361
364
374
392
542
535
715
763
685
851
780
129
926
169
173
175
178
311
348
534
342
340
271
722
431
1262
368
423
171
330
306
536
124
169
248
217
330
283
630
185
252
308
312
499
624
714
752
526
172
239
1661
62
2407
23
162
513
499
108
67
121
636
316
587
751
314
355
132
463
317
477
636
128
585
713
853
894
563
52
26
1544
342
449
174
486
602
199
203
1073
269
327
336
345
348
386
387
854
760
878
829
784
109
185
1303
124
307
713
358
738
118
242
259
198
205
1112
180
250
271
253
806
838
24
22
187
193
1057
313
316
630
746
969
419
324
325
327
443
61
27
61
415
443
544
758
741
1018
582
1298
600
1233
419
420
431
542
438
638
522
529
70
35
38
63
77
136
277
161
168
142
161
167
168
144
217
220
191
252
310
617
347
487
221
173
721
350
1123
644
416
303
126
221
225
956
43
29
33
39
47
55
227
284
257
345
351
361
457
1086
1093
295
1201
1298
174
728
352
362
362
603
863
1390
1516
42
56
155
405
218
376
350
162
178
199
205
232
236
250
259
263
639
318
329
334
339
343
288
415
417
536
567
592
221
171
1632
738
648
576
415
383
285
292
293
301
392
840
503
583
427
591
766
898
573
757
511
260
465
647
577
423
650
663
1022
265
162
199
214
217
321
1390
390
402
564
353
1762
860
470
715
190
522
480
699
815
272
270
457
341
753
317
644
256
265
349
350
353
833
474
343
446
310
543
314
143
815
197
141
247
155
197
197
462
422
257
202
128
316
361
1300
674
1817
1237
1397
314
419
262
124
262
225
310
242
203
173
715
609
404
416
267
458
1278
370
352
263
166
311
280
527
280
658
395
245
112
115
153
904
1527
342
347
356
361
452
455
559
572
579
656
804
993
1044
212
521
170
434
956
445
71
34
570
379
206
385
390
933
424
502
266
904
306
645
114
112
27
29
310
171
416
124
127
169
531
227
650
523
421
536
957
281
978
417
484
244
286
287
327
314
959
428
575
651
747
414
65
47
760
324
222
381
831
136
414
347
243
190
352
688
346
286
433
584
382
287
291
387
342
142
152
817
115
312
449
319
828
414
239
245
249
252
334
443
422
313
78
51
911
532
1130
300
309
637
317
318
327
390
1551
571
381
988
891
147
148
1293
1348
449
144
264
266
192
453
538
335
583
593
860
1073
284
770
537
862
248
249
255
267
272
284
288
289
314
318
347
351
352
353
371
397
408
415
449
463
479
503
581
617
697
775
796
975
1029
1128
1169
1218
1279
1312
1378
1494
922
266
353
611
343
916
1553
559
684
179
375
187
192
202
231
248
474
331
377
26
31
138
863
416
420
635
750
441
417
192
356
120
124
127
206
244
316
501
453
634
391
190
247
163
253
1105
419
706
572
289
572
583
1070
901
211
150
194
206
301
355
487
43
53
62
73
76
92
115
117
141
231
233
306
361
337
204
94
168
387
384
388
196
152
286
586
350
1181
882
258
437
2822
525
204
486
257
58
594
44
359
362
365
81
385
94
271
453
184
231
590
899
308
279
647
387
395
396
658
806
270
391
289
1021
590
397
445
340
702
853
515
1143
659
585
701
966
1203
1032
380
1023
829
1271
645
703
707
507
492
797
439
452
455
459
471
475
476
478
483
688
686
693
706
612
857
867
1104
1186
606
851
1529
911
1732
1773
655
1396
881
894
915
2313
1092
1443
1937
1588
1280
1190
1809
777
1290
1295
661
1058
560
3151
1206
2286
665
666
669
1112
562
572
1660
1161
1159
1697
1230
1643
929
1145
946
1558
837
628
899
1324
934
2932
649
28
35
331
2670
784
403
408
565
541
659
1966
1180
1023
1125
568
878
571
573
1611
1974
1113
788
793
804
3479
1503
1445
1915
1846
605
757
763
589
1444
1474
943
737
653
672
743
938
1232
1379
1388
1347
1429
1765
2148
2244
2328
1706
2811
1408
720
731
823
1189
1019
1228
712
739
2003
1513
2686
2903
2976
601
1208
512
520
522
524
538
635
637
48480
653
880
694
838
768
774
807
818
348
345
961
335
344
345
446
466
189
584
579
582
658
149
341
665
677
686
467
577
389
398
1188
523
658
330
259
500
625
447
529
320
432
161
530
531
382
383
386
514
512
580
245
239
241
908
648
415
352
894
536
636
146
110
336
349
440
456
460
462
339
561
515
649
943
1047
264
333
335
341
346
425
429
604
658
755
142
194
382
647
142
244
194
256
1201
868
332
353
171
266
214
579
525
243
247
258
426
428
588
980
1013
1180
311
463
318
324
327
415
417
429
537
543
584
606
635
744
363
1026
1062
1120
279
281
1329
1574
381
343
348
459
578
1062
673
376
465
106
113
114
936
537
444
528
345
557
666
779
516
881
820
484
346
834
473
129
444
257
448
587
312
358
132
170
218
290
826
379
455
485
762
665
541
339
452
455
354
563
788
536
405
243
249
256
263
324
328
284
342
346
405
415
423
515
618
384
847
458
1090
477
479
1220
876
243
1152
439
281
282
94
175
213
1142
443
266
280
774
354
464
483
546
565
500
829
238
94
334
518
590
593
656
833
222
391
394
318
1579
323
373
416
817
186
266
106
231
301
446
262
704
960
555
667
171
124
821
262
270
272
357
895
403
126
313
313
313
318
327
330
341
456
556
557
668
883
893
1004
1085
334
1260
343
317
267
269
351
354
883
903
215
172
260
126
636
1048
310
311
316
442
443
124
219
321
537
626
223
290
303
304
196
308
335
341
350
352
356
365
408
1293
494
520
542
545
555
556
585
484
603
604
606
614
627
646
659
705
706
714
784
510
857
899
949
958
968
975
1023
277
1113
794
345
469
826
456
426
252
317
320
323
342
431
547
572
645
765
786
993
152
114
341
446
340
189
252
217
168
442
346
126
178
222
228
262
346
442
246
381
312
129
131
135
136
138
142
148
151
824
169
203
204
221
239
329
397
422
470
111
457
186
202
387
426
503
624
654
658
662
676
765
1378
256
189
112
194
445
547
554
732
802
704
248
185
697
212
259
379
383
553
674
665
248
489
351
351
624
178
1440
282
649
703
738
385
160
665
893
439
752
759
576
1042
575
1189
258
256
257
343
821
626
692
550
531
320
666
337
340
345
439
449
804
1362
556
315
749
878
619
1123
215
132
235
352
480
237
329
402
408
412
331
1115
456
695
930
583
464
171
557
365
336
794
561
328
445
257
265
266
131
140
146
147
172
196
204
454
227
373
375
304
322
496
364
369
515
394
408
585
248
531
662
509
205
206
948
386
506
1272
701
611
1461
624
345
578
821
417
207
272
276
566
203
164
227
350
652
284
254
789
348
322
377
440
216
124
160
169
171
173
178
181
237
281
821
409
356
1261
625
302
168
441
250
907
471
270
203
204
340
341
525
416
440
331
554
341
485
492
902
774
142
296
189
190
220
207
208
556
571
629
168
266
344
527
263
288
729
364
447
452
284
699
445
262
263
403
1318
322
324
325
326
425
435
407
127
169
167
171
177
227
284
360
681
300
319
124
321
322
591
535
446
994
166
215
234
240
329
553
374
263
353
262
832
414
192
196
157
196
346
256
222
588
184
383
451
586
350
354
358
359
367
470
489
600
850
955
534
444
263
1132
584
588
232
900
118
197
592
595
708
256
260
261
441
954
715
445
691
413
746
443
525
332
436
260
792
535
259
269
263
450
439
619
333
535
523
266
267
267
748
745
257
432
468
196
200
210
265
270
341
414
196
120
122
130
154
166
206
216
219
284
309
427
453
676
118
163
212
215
162
1050
447
348
204
443
98
262
166
626
634
192
116
120
123
344
171
218
249
288
264
409
465
482
569
818
520
103
111
165
185
201
208
310
354
519
582
396
510
1012
907
777
667
673
354
739
154
412
328
331
558
263
456
644
367
381
466
480
504
510
581
585
740
1072
987
1157
1238
1493
508
118
522
780
267
129
263
126
327
158
254
298
713
219
127
346
350
310
146
142
145
440
438
672
517
341
1095
275
766
461
442
432
351
328
632
329
328
333
334
564
333
563
666
670
443
447
385
647
329
329
562
242
192
214
197
625
166
198
205
211
214
218
221
224
295
417
493
501
507
552
547
568
940
440
558
804
264
657
558
773
625
605
1666
592
414
597
244
335
338
425
449
308
783
347
358
823
276
281
288
295
305
356
563
363
365
172
451
481
504
133
564
578
582
587
694
757
904
956
677
401
473
741
174
Tue May  3 19:01:48 EDT 2016
