Waf: Entering directory `/nethome/dkochar3/project/reproduce-red/build'
Waf: Leaving directory `/nethome/dkochar3/project/reproduce-red/build'
Build commands will be stored in build/compile_commands.json
'build' finished successfully (5.125s)
Load generated: 824429 bps
Number of response times recorded: 18866
32
29
37
218
111
119
128
316
133
281
277
283
283
230
304
431
384
373
463
424
383
433
345
246
174
532
519
297
334
355
271
484
253
396
295
497
348
423
429
365
443
453
389
557
754
746
565
483
555
351
481
544
583
421
469
491
385
322
549
642
532
1159
1166
545
553
739
969
653
547
846
798
654
779
495
783
536
1072
772
683
739
1005
625
1021
771
1107
921
903
936
909
913
846
618
1194
1098
855
783
839
714
763
1293
1267
1262
895
821
822
948
666
908
825
603
1802
1262
1629
1889
904
1217
1417
1045
1308
793
924
1162
1688
859
1868
1327
2557
744
1595
938
2485
1142
569
823
824
1576
2433
1517
1456
715
721
613
841
2152
1213
2459
1094
1648
2325
1075
868
915
1280
986
1141
800
1707
789
723
772
1121
2581
744
634
2557
3043
2689
2058
2639
3407
1547
1374
878
1164
926
568
1240
957
719
720
722
846
1272
896
1282
894
1160
3271
2352
735
1282
3139
2382
883
2744
1311
1168
638
2648
866
3041
2894
1459
3257
1607
571
796
3719
571
1918
962
2321
898
1006
687
3740
2360
3708
1336
2435
639
1600
3821
3269
2898
2774
2865
2546
3762
723
743
2709
723
825
3253
1405
622
632
3623
1413
4373
2450
845
948
3518
815
1441
3878
2130
868
2726
4690
4478
2565
2483
871
4018
653
1110
3006
2735
1851
889
4138
3916
4644
2636
2922
886
3938
3638
822
685
3940
1118
2473
4019
3775
4867
4281
3827
695
1949
3889
3976
641
928
3477
660
5107
662
1080
4677
3734
1203
5193
859
1226
4951
4129
1080
1393
2802
3329
3583
4748
1149
3071
4873
883
967
1230
3800
3106
3067
3141
3433
1680
3847
3824
4274
4892
878
683
1248
2894
3947
892
4204
3322
2719
5918
794
4343
2259
2008
5230
3633
5528
2914
591
659
6283
604
3670
1024
4175
768
2589
1346
3464
3761
1294
2769
3683
831
831
1137
5542
3920
439
632
2497
3931
2690
1177
834
777
6313
791
1133
4805
2150
761
624
881
1125
2574
946
2615
991
3786
1357
1250
3854
897
2837
5120
5983
1302
3913
886
1327
4082
4548
4898
4971
6438
2745
2772
2664
701
2431
2148
7510
2777
4099
728
6312
5302
3435
821
5718
3958
736
6419
4206
6580
4225
2437
3847
872
5081
5782
5883
4121
2972
1466
4910
3102
4412
1012
1152
7802
4763
7587
5416
3210
5656
3963
720
3333
771
6345
1275
3925
7052
4006
1467
4122
3391
4172
3943
2986
4152
5796
4305
1090
785
3898
6855
804
5536
5569
4641
7528
4696
4827
802
7856
4671
3685
2891
2818
7136
5664
3772
4002
819
8018
687
5958
9557
3473
4010
5125
1227
1023
2863
6765
4099
2610
6155
6293
4403
6626
958
6856
4697
3083
5303
6338
2680
908
1173
7734
8496
5631
7470
622
2910
2633
7180
3869
8620
8047
3124
6958
7618
2879
709
860
3872
3692
8538
3569
5904
955
3165
2925
5557
6698
9833
4106
6068
5924
4734
7051
9561
1275
7843
2727
4378
3717
2439
3989
1342
8876
6007
7185
8275
5191
10206
3789
9975
3671
7629
9470
1026
1276
6239
2922
3254
4095
6817
4988
8253
3025
2971
7950
9143
4285
1281
4018
4282
7166
5071
8622
8901
6792
6866
2736
6972
4451
8025
3703
8678
11520
9638
10212
1235
8773
7000
7213
3449
5500
4535
5997
8438
7689
7079
5722
6008
9873
9105
10217
6216
8412
6537
10959
6015
4153
988
5387
4878
5641
2887
9517
8139
11894
2942
10412
7318
4061
3804
5072
6992
9034
9096
9512
5230
3168
8259
3903
3784
3793
6501
6667
6913
5462
9277
5781
11160
6515
8518
5504
882
8357
6931
4677
9134
8639
11992
2381
2473
12564
8909
6042
3266
9810
11041
7124
1204
6431
10067
5064
10010
5577
4047
3789
3788
6456
7933
9175
8074
1025
9781
5367
7888
7204
3955
3948
11074
2918
8194
3305
6725
11218
10555
5332
6412
4285
10079
5793
8070
5244
7491
4966
6037
11048
6027
7387
10470
11976
4341
10555
8853
7692
5483
7180
6737
12880
9737
4158
7309
11495
5869
11329
7410
7670
6933
9959
6942
6644
4072
6153
11093
7024
6198
9873
8031
3980
3993
5892
14019
6887
13317
4114
5903
8218
10178
12134
11888
6993
9319
9282
10339
4033
8115
5079
7682
8499
10498
11687
9683
6251
12434
9877
9940
6061
1060
9020
12916
2902
7638
925
7256
12319
10181
6968
11318
6799
10466
14160
9829
3185
5826
7136
5088
12979
5940
6862
9278
12766
4083
7316
10050
14999
2765
9587
6866
1078
10236
12858
6951
6199
7216
12167
12648
5324
7054
8669
11368
10230
3778
6584
7109
9871
11523
6565
10529
7220
12883
9177
7029
3809
9310
3977
11784
7323
7449
3993
14191
3968
12953
15664
2865
3287
13633
4114
10286
9316
7374
7085
11910
11235
7245
7156
7696
3235
9566
10905
7613
12621
13117
4673
9991
10365
6927
12298
10596
3920
1834
5386
13308
6965
8760
14041
1070
6992
2860
3867
4198
8019
12096
11513
7856
9603
11782
12612
5885
14262
12901
8762
8379
12064
7823
4397
10717
3770
14821
9976
17153
7800
9986
5863
5132
15138
8304
12175
5243
6996
9489
7438
13396
10046
4427
11034
10163
10715
9118
12346
7396
7393
7627
3804
1351
17294
15352
10343
7787
9654
15047
12076
10614
17352
17107
5840
9981
15299
6859
11110
6003
3881
9937
4221
13221
9745
3660
3868
10051
17018
10020
3832
17616
12802
16715
10599
9273
13657
6769
13250
11691
14892
15913
7529
10619
13392
15819
10654
14370
4928
15357
10550
4492
10850
16306
15937
14884
14939
4386
12584
9952
3986
6975
10740
6868
4175
6798
5830
12924
9982
11923
6788
11927
1368
15865
6531
16008
9845
12520
15040
3948
10367
17135
12434
13322
7934
7549
19285
12997
10008
18487
12313
10257
3949
12043
10163
5259
6423
6425
3997
14949
14823
4090
11963
19525
10944
18173
12453
12112
6154
12022
14813
15803
6734
12932
923
6852
12855
11071
6803
7056
6321
13021
11749
8865
6937
3054
7424
9971
17936
4064
10343
4035
13812
13079
19835
10392
5947
6306
1038
10329
6986
3991
1394
774
9963
9865
18946
5239
4344
12458
13087
4391
2744
11428
13913
10129
13123
19218
13973
14447
8797
17254
18163
12239
11581
3770
10078
12333
13850
6525
15455
11931
16572
17895
13952
15952
12922
13516
7345
15027
8904
13160
8950
13162
17446
4444
9945
12653
13898
12006
7581
12855
13663
1065
19353
7240
10299
10882
16650
4377
9280
14897
10187
15698
7047
1200
15469
10045
19645
16863
16246
20400
19153
12039
12047
13274
19906
14062
13015
16079
4457
15006
2324
20641
13354
13363
19064
12380
12999
3446
7176
18711
16870
12791
12893
17665
14680
8914
20199
5876
15421
4962
17161
19963
13857
17912
4766
18906
16113
12773
20186
20033
20512
7771
15611
10707
12863
13424
21405
4100
2298
21347
4096
4098
16811
14805
21771
19220
21961
14760
6786
12497
15940
15845
4392
4112
11880
16014
9139
10155
21054
3827
16257
14362
17609
11259
4643
15947
19656
21048
15491
15510
9637
16670
15678
18946
13925
6850
13949
9015
10477
6040
11961
10290
6410
4337
18683
10526
19110
19859
1092
17585
12893
19315
4101
20727
22912
12616
11890
10076
23995
15087
5607
11656
6146
19098
10175
15900
5010
23370
16344
16082
13917
20904
13384
7196
22396
21693
16384
21065
23567
18810
5450
19580
17417
12848
10870
9243
11865
5867
15394
909
10083
18264
14769
19405
11831
24823
15025
5736
20996
19886
12670
18904
1277
22808
18349
18998
13090
16675
19497
22760
18810
8511
13540
7182
11693
14855
15334
22200
3660
17144
10380
4316
17235
18155
19137
17771
14834
12676
24510
6014
12860
6690
12855
13169
12412
18033
19884
13976
18485
8213
18539
15819
1047
20510
22909
12770
6104
13183
13899
1033
3829
17814
7246
15530
11106
20840
4709
11281
7141
12081
19338
9761
11011
23904
25044
5385
19163
18558
17529
12954
12939
3995
10121
21013
9142
12156
9312
24234
6653
18841
19791
8106
11956
22930
15274
9862
22524
19765
19700
22167
19878
23991
21210
10583
15180
23113
13193
19099
19102
12780
7492
7208
23207
16282
17840
25940
22370
22139
26004
21752
7167
22083
18657
10061
24073
16949
21887
15046
24235
27211
20403
14264
14115
28886
23787
10239
6250
14877
19896
22260
27763
19590
23353
23270
21479
23285
23908
17477
28651
21459
28621
25118
4148
22513
8589
13098
10708
8768
28825
21193
15592
22540
8171
21960
16739
3506
6342
7505
17125
7211
22711
18306
26344
5495
27211
1129
22767
12284
22561
29658
26526
15882
6265
15327
5700
20412
22258
29218
19008
24728
18920
19281
27819
24873
18800
8998
3881
10761
12303
19155
17641
25355
17264
8131
22767
4877
9858
17901
11109
25196
19652
3361
6893
26030
19048
22581
9303
22514
13709
16616
22078
9188
17692
25145
22608
25756
10193
15387
7237
18615
27059
11653
27236
18197
21551
23616
22494
13943
7192
9362
21671
12864
18845
11905
13256
16181
25903
9269
15705
15721
12212
20539
13830
10106
19694
25500
10208
22723
3855
23850
27803
2975
28994
4210
24347
11530
26873
13862
21035
9914
29544
28422
25103
13471
11207
23528
25978
25001
16659
10226
21314
15917
18553
9209
11545
25903
10897
25518
30062
11276
28602
21516
18504
4046
27486
21138
6474
9397
10071
18041
24509
6540
24340
15154
21132
30148
30000
7751
19018
24503
15327
22137
5736
6643
11250
3921
21201
9173
919
920
10688
7641
29833
15474
13385
14431
4081
10015
19492
6290
4996
19264
5846
19001
26328
19012
21488
22963
25494
11362
21074
22311
21289
26417
31378
17990
18684
25568
12158
18644
10694
14076
23050
27175
12543
32714
15143
6025
16657
16070
21335
22351
25364
10527
25195
3042
6028
30693
22972
30368
1708
12198
32369
22580
26145
9288
17601
25534
30390
13044
21060
13236
9833
25777
33858
25369
21390
1340
14142
23164
10062
14712
33869
23870
31382
22971
27895
19182
18258
25360
10030
15143
19081
25249
11924
26767
8230
22252
1255
22738
12605
9374
23910
14748
31904
13696
21253
22694
28148
18293
13184
9132
10561
24111
6101
33869
19092
23327
9473
17280
15136
30205
15348
14466
28805
27608
35232
19129
29147
5419
12346
7885
21540
7294
15844
35220
27862
32835
27144
31506
29782
33219
15486
24485
10103
32367
35282
7385
32827
22155
30520
25182
33858
9007
9830
20792
29237
8365
16065
35982
16363
15853
3216
12740
12884
25273
35888
25360
31884
29962
38512
16387
13891
24183
10700
34553
11894
23064
31568
20158
11135
10588
25023
12892
29305
27528
9444
4307
27034
12734
31585
14701
20849
25759
27081
12062
24983
16897
32085
6065
22049
6258
18137
38079
16534
38284
33101
7218
27434
9810
19096
13113
35030
11828
33001
6448
36788
17746
10646
30074
25503
24096
1248
5292
16645
37559
23567
15873
34588
18312
15074
27479
25468
11055
15496
27512
15768
2275
15684
38244
17192
39236
38881
38052
36021
12725
18720
16695
20190
35171
11881
23238
14780
15170
15219
40495
28471
5434
32429
28079
25239
29577
31585
13350
6229
8124
31623
27206
32273
12966
6142
16949
36144
39861
17575
36984
35008
36574
19741
12634
3204
15911
4147
4141
17228
25625
19391
41362
8892
26295
17379
13157
4085
29925
22427
35831
911
19779
16372
33267
14502
29595
22792
28257
36155
34805
10208
10570
37012
11999
22683
13658
12046
4195
7972
8368
1564
6372
20772
13126
27712
13403
7107
39521
15464
17847
34101
34325
25964
32117
19604
24639
10712
42775
29423
42909
2640
13426
11863
12489
19029
31269
6055
26206
41456
13043
34038
15930
34242
17758
5346
44258
36554
18026
32497
4665
1054
2440
19136
11656
7661
11203
7987
20448
27258
19936
1441
12142
36554
7098
14049
8389
15508
6215
37179
12799
36558
38417
15991
6310
30268
22963
25603
36793
17981
39531
14634
31781
35630
23011
29452
21820
37597
16409
11316
7054
4135
36034
10967
21247
20163
23538
10467
12662
8522
10164
19239
16854
12707
31425
20823
16405
40402
8290
7022
23650
18399
24183
6222
38111
31252
41660
24338
21463
21990
18601
39795
18987
39736
38720
32900
39492
8001
20030
4096
34776
38476
17319
7622
28979
24116
6028
41530
16539
40539
14535
18465
4095
29260
9223
16664
6228
6835
10094
44957
13995
16108
16794
22366
11418
18713
29174
9006
15472
26460
32917
8091
18682
24212
10283
41831
4269
7655
1003
44188
4649
42095
38070
26720
41506
8648
24505
33672
16755
24146
7233
33709
36890
6253
17507
24775
26906
4376
7392
12085
32444
19576
5975
23973
32914
44609
32900
8481
48618
19762
35404
42240
20121
45202
15459
4480
4654
40173
35204
8615
10388
24691
44780
44977
46090
18632
34227
26431
14929
18652
34449
20557
18018
10679
30697
27327
24307
21656
14201
7283
11752
30918
38749
6809
28650
29754
1062
46353
31089
21555
43424
4134
25365
6565
3179
22148
40290
40934
14975
21353
4660
3400
49008
42291
1473
46606
12297
42112
10514
45607
28271
44089
33084
11958
26796
10690
43695
8239
17494
45966
43209
11182
42788
8795
4367
3244
10464
4292
18640
23305
40262
11853
9560
48879
42068
6631
13087
46726
46013
44099
29141
8975
30654
21016
21051
45055
16508
6282
49749
46216
11277
27256
26230
5097
33473
19322
3210
40594
38377
22995
37428
12643
1819
14524
21426
38619
50670
9064
23236
39554
24703
6237
16236
39301
48792
30041
38974
13304
36777
27969
25350
39519
22961
24118
12577
26163
26262
12576
4792
20104
4050
1153
6851
31174
15386
46766
24067
1343
39023
48569
22472
4075
49110
45116
42951
52845
12106
17408
11761
36303
25511
6141
37789
24767
11188
47110
7673
49884
24962
6649
27211
34192
19688
23207
8179
4200
11261
11365
9647
39088
25041
4047
45692
6095
5950
8972
23558
19443
11120
25223
30949
4104
31057
32696
6628
10309
36369
10000
47823
30802
16128
41502
51919
8012
13184
11823
45806
19646
1029
17033
10460
17622
52527
44566
22368
47109
41307
23120
51832
27667
48725
26175
7512
24726
50050
6252
48495
49021
17281
9333
13208
16284
34244
56283
25219
11821
5159
4446
28832
19204
13977
26148
14104
14331
49519
35275
53098
40500
27868
45410
56701
21306
38887
1817
10494
7252
26616
29534
29347
30793
46974
7736
43328
4676
3350
3955
3958
20034
9427
33378
4171
6182
21579
20229
27257
32078
16175
16154
19347
19338
15295
16389
11362
28884
23600
4160
48131
24672
53799
15043
29200
14791
8545
56013
56893
5535
39145
39586
45351
18637
13362
50178
27999
21016
51857
17123
28159
29796
11627
4739
18441
29297
20935
45415
1062
10348
3492
57418
9964
18919
26847
21444
17196
22074
15051
7839
4213
39416
21941
1615
9899
11563
6194
14505
6973
54695
6481
24217
19523
30942
29367
21964
16529
4295
10737
51245
14353
8392
18759
55404
32448
3003
34909
19442
4761
44600
14866
18639
31035
50478
4745
1417
22624
12363
23562
17621
48021
13071
13517
52088
13188
52490
9244
50688
8087
14442
12498
41278
12271
11320
5406
53507
11542
47858
49087
9424
7682
49301
22029
57699
11195
53913
56603
19181
1148
23590
9289
49220
8087
19112
54312
19678
16347
3979
3324
14005
9381
5436
11414
24435
44569
59073
48129
9606
51151
22158
7351
50081
7231
32573
19997
21063
1061
60342
6025
16623
26761
38357
40871
4209
1339
22617
13632
14988
1136
22618
13460
38275
14595
38711
28274
34065
34425
4711
44774
17314
4564
32974
32983
32983
15889
33108
4252
4599
21097
60903
7116
6320
62604
58951
33897
55597
25318
17836
5049
14465
17189
7396
22277
4514
4322
27069
53627
18658
59046
49772
60193
24833
42937
18072
22266
50736
9745
14815
6417
22031
7111
4960
20009
15055
17546
1603
25313
6228
27621
56768
58800
63273
53441
7077
21637
49631
56754
1257
15650
16037
13806
6700
9275
3337
49593
41156
47841
31201
27257
4059
4382
4319
18225
47219
12017
56661
7020
56004
44170
45359
8392
4128
26602
43612
57648
25464
59286
4346
53174
15582
59005
17028
12223
37845
29281
5256
17205
5371
3837
20437
19404
29054
12656
10417
11385
49258
59471
1431
4138
53064
67377
58048
29970
37120
7655
6016
26299
49438
25117
63512
9605
5123
16484
10085
10138
20404
28332
11410
9030
6224
37689
8637
37754
10475
10504
54305
11698
4280
46108
23137
18210
54474
24463
11022
46601
12289
21035
7130
44630
19104
11062
33494
7068
8079
51673
1054
15178
4203
9010
6301
55293
66265
6016
19204
47616
5708
6733
54561
7073
21767
23558
1722
19402
21677
11261
35385
48066
56839
10202
40582
42108
40487
8101
51191
10243
1061
22396
61722
10702
12257
7670
3065
25898
45967
18467
12538
41656
22954
2838
51207
21774
57710
68619
68485
13220
40272
63725
13089
11738
37606
16354
56705
12960
25250
7288
28524
33372
42263
8993
16934
28547
46744
22121
46581
46803
43557
11552
22770
15953
18338
66965
4035
17194
34162
4787
21943
14072
41389
14373
4138
68653
1461
11063
59662
56670
22071
44457
14613
22099
64589
22226
30424
30537
51885
3584
63958
46713
23140
16874
14826
7996
11044
18428
26246
31074
9042
9644
53498
10323
42595
5399
25378
66834
24625
3116
15293
37647
23577
67522
3287
17644
4551
61049
25328
11526
11119
4264
25064
50916
19188
24172
21358
24086
9227
45190
45191
6614
67253
3041
13098
65605
16235
46231
8629
45197
13110
1107
44067
36949
24359
9373
16525
31866
19350
21225
8858
14291
2968
10185
37232
8754
5783
5129
21187
17142
9740
17023
13497
7409
14592
13561
12838
47550
53020
17345
12956
50437
55562
7735
45016
63501
56737
3173
17854
5914
24776
13496
46666
18050
7367
7420
69147
48180
13118
30279
18794
35022
12303
45540
5523
42425
11022
14740
12654
7141
4189
6275
48544
14776
38145
6320
27241
3663
6685
4291
63440
7803
29202
12286
68413
17199
27635
8419
27249
33721
69024
5101
49530
6394
25043
15704
15080
10467
7828
15229
19701
8236
69967
46581
47219
7476
27297
36802
28933
6959
13286
30684
25447
14907
4074
70217
3460
65710
10673
35365
26575
20398
11373
6555
50993
20610
65989
60407
22159
48153
22052
10368
21693
9032
14569
6284
25333
6783
15419
13855
59746
50448
38302
15782
48687
10140
17290
10077
76057
9877
25076
3683
28190
38660
67700
3873
21689
75844
25197
25211
4078
17200
18119
16234
13639
31434
7108
71921
23705
16656
21940
12004
53938
76516
7225
1771
6093
15974
13524
23528
28315
31178
15151
7864
10684
16985
56903
23162
12656
26489
28296
19238
16199
12877
36010
35747
46719
13657
18463
72490
4173
2141
27108
11425
13932
53997
13302
62253
2636
51427
73400
2786
72177
79380
26169
1682
54274
4287
24997
27647
12458
4590
53996
9213
60203
5021
78938
78152
15904
16929
26756
18883
13319
4993
56782
20855
32785
20093
9406
12344
25182
3430
60948
10603
6098
22637
25564
10469
47546
78279
1028
42170
26172
62001
6264
31437
13722
34293
23978
16078
3009
7337
4265
7266
7259
25166
84646
30732
46499
10817
1166
17955
29838
8062
10518
22495
5931
36783
15410
35449
82265
10047
23728
49257
70653
21263
34626
81880
4289
30237
28135
27235
7173
32184
6098
15579
27249
61659
5942
19904
11615
43042
3284
51315
13192
9674
42226
7427
1104
1471
34077
71089
8702
24274
85249
17472
28130
12537
1413
16644
3485
27336
7410
8608
82879
21813
29744
55908
75242
41321
38493
72531
3996
21769
51794
6340
18367
4712
19138
10001
18566
79483
1111
25231
11539
6248
5017
9398
10688
22454
4919
69290
57004
54954
5311
6620
973
33136
10773
3174
28172
10035
42281
19685
60396
7671
7003
7005
10258
74592
33533
7941
17352
40502
12370
28206
63911
75196
44863
7347
85251
33904
9050
18759
6498
4565
3188
27109
22347
5361
58939
4553
50207
4115
4576
2211
7226
6884
4896
25271
9926
33846
32300
2997
11443
75782
7638
25641
10263
8176
9315
33970
61914
3125
76456
65662
8814
6616
30764
27110
31463
47917
8820
14993
13281
44178
85541
32655
71660
44216
7275
62981
48090
13257
10922
87785
9710
32644
7057
22398
7820
33087
33133
33152
7492
14459
14436
27417
36714
31508
88962
3616
4584
48935
33954
28134
48275
7309
69447
89493
1465
37243
22746
83797
9753
44264
10263
10283
8398
34160
53387
7506
41951
12983
34629
33111
85866
9384
37706
15658
4118
23153
84738
15632
37941
13561
12414
8913
13529
55348
55564
12334
70689
8514
84911
9436
38235
15246
12015
85412
45377
84288
4307
14338
5622
23966
40207
1337
39450
8073
7511
45102
39216
91700
13073
36718
10158
4372
15099
29408
1486
9518
75243
3689
93316
14020
15428
37131
15994
74942
29830
36639
21856
81136
57776
9859
6233
64081
6103
24899
4399
6535
14201
4874
9292
13272
22320
16082
29751
94305
25607
73328
39389
81785
7087
1434
4088
13577
53844
37525
1785
14092
39981
9645
22321
46173
8586
26689
37509
7255
46847
5191
49214
1414
7638
40473
4365
48641
6208
53386
78248
8840
13142
23873
33085
8442
4315
3355
35415
69030
34886
72427
6708
12651
42409
39138
15050
71406
4164
17986
10409
19091
69415
34359
4439
12420
24431
32674
3215
68455
75136
47608
13723
13046
57624
10681
17357
13162
16736
97958
6956
4075
4063
80254
24418
23941
9296
84823
13526
20419
6601
32239
94669
94680
11605
7397
25944
5413
42083
11320
19103
91694
7173
12027
85960
26373
12652
61467
15993
97150
7757
10666
11914
7825
4270
17947
33258
4496
15200
5133
8223
18150
72160
25346
97692
91230
11418
18189
95960
15813
15355
20843
5596
12486
34369
24593
6201
9408
4149
3502
42673
31599
12876
12357
6594
19150
15330
16249
13167
12157
8448
4446
13315
6358
58122
46575
4276
100538
10946
1438
15362
23435
59123
17203
7937
5513
6269
1295
68767
59414
42891
99381
67516
14258
94454
62458
43398
19349
10910
8022
9137
38758
10116
10900
30412
1302
45075
47391
7939
101017
11740
16268
5995
48761
3904
97128
4331
3760
10174
10181
3911
5762
26963
97466
95975
7165
1425
91411
7095
20806
9100
46097
21397
7394
20735
16699
9232
3275
77403
89067
13399
11312
13192
13192
27224
13840
4551
3169
20618
4975
37799
7206
18720
6477
50804
20854
47640
31812
10272
56005
47670
55928
73024
76689
1194
12289
51171
7292
12736
19296
8761
8968
3668
76948
77279
39550
6745
12035
9741
7993
6150
38412
20295
5023
16316
101976
100789
3726
3750
3752
22166
7000
15206
9766
17402
99540
29256
28064
6262
4195
3826
9300
22641
1267
7175
88733
5403
14275
5183
16000
14172
29710
92682
8137
19438
101139
4741
4745
4747
19984
4400
37624
58415
68079
2395
7614
100804
102836
5970
15330
4607
52437
1736
1277
11013
13038
6429
6603
9903
16989
9852
8887
9450
23069
52884
25507
90096
100913
53682
5349
14325
106673
99455
108520
51197
13806
32362
51455
26125
15906
99806
14087
15985
4276
80511
12618
101584
43158
3335
46025
18330
9620
49848
25776
33809
51982
4308
8788
106264
1284
25244
49229
8889
4722
6215
20820
32449
7265
13478
6643
103469
97307
46644
16944
4710
22176
97166
1067
24525
5148
93943
97017
2956
15493
5142
16208
3638
12157
3757
1261
11061
6465
46210
14293
8203
78455
37162
17024
11773
4449
18746
6802
17580
108822
13254
3261
55047
4124
59816
86380
18050
7256
97659
12580
8805
39476
28938
7600
13235
104479
38841
23874
7211
28713
15687
1844
13262
11884
100116
10564
11694
5181
7609
4377
4708
69080
104181
12263
3292
10507
1749
18011
84455
38603
1686
82435
10323
6295
16592
10385
6117
7469
19538
7198
99187
3027
8081
29082
59077
96919
96924
13601
19705
36185
6139
4232
4204
28242
52723
19074
4658
3134
21027
26343
4601
6436
19359
112849
7286
36971
30217
20882
6653
5069
3234
60292
53961
30408
5270
107627
3785
19816
4234
4239
4267
7387
15045
12355
28487
21539
23859
4973
20230
37617
15383
103289
17908
4800
8552
10280
24761
12926
6223
31365
14974
22087
15317
16598
86065
74617
10100
10968
13296
37096
31665
38853
22235
13635
27715
6657
6662
106719
9411
6998
16347
17806
22768
94418
33218
108444
35090
97536
43256
33484
8098
6388
27302
50257
24360
4363
12989
7198
6685
79973
99923
6351
20488
113191
110854
6101
9268
15736
57453
7282
4720
9375
3590
8590
89349
21054
1079
10042
12672
93948
93960
49062
15615
7253
4683
12657
1004
5967
13013
13153
101608
56814
21469
4156
7551
10577
1587
119069
15883
106785
25656
13344
3355
34367
12621
112385
1341
60095
41383
31150
25458
9338
24592
3627
9662
97211
1760
14020
9306
27037
17854
9593
3365
5194
8821
9119
25816
24779
7649
4433
15019
57937
102065
4470
101169
4120
4120
4070
4070
10643
1281
66163
20618
100682
27080
96990
16334
80935
4852
16647
12247
117787
8629
5094
4571
96028
70226
10554
40295
19189
5861
19397
4341
10539
16343
91479
8252
31286
27059
14740
4651
6388
13288
10541
19417
19423
8281
7111
19600
6095
5975
108341
5346
26008
17230
10176
27769
3037
93191
17363
94217
111983
4458
39792
116061
65213
69604
12042
18574
5692
4314
5406
64077
38725
65536
13308
6166
26692
10639
41722
6008
98217
4337
6068
32280
7062
44828
49895
3897
30055
98950
6365
93502
1157
21583
46360
10819
112089
14333
13292
100388
13136
99775
4101
66465
7243
11645
19153
18564
10124
31913
18956
13354
10149
118179
4489
115189
18274
1806
22357
33246
19298
100386
1063
106637
21969
7927
21725
86687
67225
3443
109266
9491
102825
15430
4126
26923
103288
22385
5572
15659
15670
6264
1151
19704
14703
7124
67810
22727
36877
2113
78066
4000
11537
1880
20436
34436
21506
16541
37760
25954
105112
7739
22150
20020
45930
95962
120688
18637
13442
1201
87015
9207
9678
86923
96403
52143
8652
32077
98223
11305
4366
24394
126114
98466
1102
13330
97086
10044
103597
25241
109112
100036
6604
10667
3182
3573
29622
4334
14815
11322
12389
11339
3623
39725
10276
10276
22622
50274
4987
121993
23043
41769
1336
99018
19007
114114
36458
34525
19024
25915
33862
4316
121543
35875
24504
9438
98651
37671
6377
6416
6814
23834
12595
26544
18618
110684
6362
26648
99100
45185
36505
4217
99222
5461
19966
3682
33289
9671
7638
15457
115955
99625
5416
17096
27445
61322
116269
9411
101650
27738
1528
13148
39213
126956
25362
25366
26360
25089
1144
88114
100492
41413
71050
20217
12297
1816
19951
47931
109384
26369
130362
27811
53809
52812
44988
9195
25440
51472
7042
13185
94499
38392
9483
99874
5132
124319
103496
9501
112616
29832
19535
7044
27473
37104
29065
28511
16662
18459
11401
11143
21897
30299
19966
102804
55677
104703
77942
25788
27655
19212
18906
42767
127359
16410
75742
46721
29167
12861
4074
3127
10118
8929
3515
127778
10251
43574
103599
105311
4220
6032
119967
40111
84155
16223
1718
16008
28962
129815
29296
26966
11029
6645
107145
7346
16712
96975
962
106069
110922
30394
29863
25377
125418
24321
106859
94327
12938
32432
25706
1860
10213
4326
29654
105027
105034
16202
13197
7280
25527
31266
96188
126218
10079
9597
42704
111741
25910
17737
13356
19045
10848
122841
7341
18754
7726
10117
43842
112454
39644
31106
6646
33786
107873
118535
1947
55213
4514
135559
34598
62282
3316
10403
34696
43351
6417
7248
6797
37248
4129
97707
6723
3846
25252
19330
27748
13945
19473
3767
32196
46931
10612
6744
130420
19653
7715
79924
19775
100023
21055
99726
7489
33707
100340
15382
31166
25133
15461
4347
30009
12436
11483
16109
9620
136505
9773
1846
33466
1318
33340
5312
12392
4840
10293
117344
135680
9079
50243
21506
81285
69626
21560
9397
33993
7756
10281
7814
7809
10312
7780
3375
3678
111601
10067
16778
8230
97086
121478
9972
21585
18021
21386
15501
35410
3726
4406
55504
51343
26776
97465
97484
10373
16167
122182
3438
37848
30692
22304
47903
15123
9111
3348
3357
13371
13767
112125
121811
6763
47064
33419
12461
23795
35591
34491
110986
128615
6819
6822
11966
3138
4397
112940
17375
6558
24300
93294
4784
69053
2234
12155
19067
4858
8939
105367
7063
1777
23716
1356
54484
103041
13560
14006
12279
25287
3314
3620
13632
7461
10409
136774
3372
3708
5023
1289
94215
3595
16728
55519
54290
4567
9497
39480
14130
4972
26121
11147
138701
52594
136404
13039
21746
6799
6725
19933
21200
6551
6185
14828
15386
71609
16378
14176
139300
5256
11237
3888
108031
10165
10199
115122
11776
103141
5088
16135
145756
142288
38784
88160
18529
7206
3406
1883
139414
43346
141773
39135
93942
3358
1056
15785
43609
6567
8081
1571
117778
39131
8406
14825
12567
94628
4129
134982
101185
16103
97044
12804
18711
10365
11827
109311
41772
1766
4359
16250
7346
40256
95304
1320
6195
21792
3188
10000
19689
4798
9681
4101
11401
10135
7149
25447
9976
9777
39798
142708
2033
7515
19238
6119
39281
1150
10478
26013
9773
13927
64621
22135
4555
15016
147820
120488
25686
139766
4286
43952
9700
1295
12134
13049
100357
12836
20844
43776
9510
131323
31776
9740
1791
22724
39382
5137
3500
44583
36158
120033
25815
5404
15305
6468
12252
10851
9483
11853
1866
12372
12532
48173
4198
109237
6294
44046
8385
4611
11232
7674
85206
20925
97243
18793
11833
21056
96319
62509
4325
97661
94304
33398
9756
14527
44933
59218
7950
53940
47149
4468
4351
47296
6180
13605
103181
4371
97229
4278
6267
95271
15543
26069
6286
117759
137667
10802
47953
9132
11744
139242
53257
5224
11368
43421
1255
16323
57092
1237
1191
9573
1119
13747
96128
6037
4064
5549
1835
16663
4342
7984
48686
4296
98439
4642
1127
1635
2041
10342
100067
10267
4758
5300
6819
3997
97029
96948
37201
126786
112245
19525
9122
4832
97137
39061
4124
99377
133176
17760
15845
97275
100666
25219
97429
49761
31530
7003
97535
25714
25128
10314
99829
27070
13595
12680
13548
5379
4730
51439
10499
2096
12501
10562
10570
1333
6672
16640
136725
3365
10821
7217
1519
32339
10927
9320
4697
6447
18308
13411
5945
39477
4082
14673
13587
28403
40224
1250
1767
23917
54322
22204
11960
20266
1100
1101
32759
1835
103276
4249
102137
8074
4273
149848
40911
1338
148604
99095
64999
5168
7454
108982
4724
10868
4100
13145
13150
128398
21497
4213
8595
155688
4403
7780
1279
104776
100214
56888
24016
16977
4183
2149
11149
33384
20266
101996
96323
9682
56920
30294
105630
4996
148601
49593
102577
4348
6369
1276
1418
8289
4225
58040
49668
11724
111058
130124
14645
106210
142354
9905
103065
103076
103082
147701
25804
4241
4003
4674
3390
10385
12081
4623
15164
7393
139407
107184
10464
5705
6502
8983
5100
80934
5060
16605
155985
2585
4981
106331
48423
16419
1201
6243
159160
5644
3942
9931
11309
12109
10118
120030
17452
1237
4860
19136
13191
3896
6236
2547
3676
2562
10476
13259
78672
3553
2800
5329
40482
7625
13619
8087
24069
113925
9273
108962
6545
7006
7230
105819
4278
10202
7100
7127
2920
10412
109225
23614
30647
11229
106098
5733
916
917
1013
26108
8199
103243
10088
6096
3930
6750
40064
148903
2707
10086
4301
118189
19970
10223
57059
21187
8358
9260
21221
7156
3593
39407
107415
12382
4119
1174
151540
1005
3741
8924
92933
12951
5133
21479
1478
28306
4294
4297
19467
6792
3473
108092
4456
3591
23388
4279
137081
1607
6979
32036
7841
3094
7096
4019
46216
22671
3194
108610
4980
1040
101779
4692
97119
10052
6207
5731
7122
162026
7700
39384
3305
7818
1598
1226
109203
4927
10156
1115
13025
23663
8123
4212
9897
109482
6029
14525
40067
147574
4742
1025
117650
5645
112945
8046
7048
5390
19547
62210
1145
1638
3266
21697
11132
161388
5936
62473
2050
11447
9208
7494
12839
5037
100467
4614
6336
6281
9170
5244
9226
4002
102132
10657
6337
139765
1127
11134
7196
14148
15129
25171
2769
25138
40286
1275
3415
111156
22881
1000
7083
23025
7467
113456
14587
1284
23900
66403
2893
63899
12163
4839
15440
29466
9585
4220
15884
13176
2893
13527
7174
10542
13522
1445
4245
5885
3175
19124
91420
10029
14112
26242
8764
39187
1539
4179
67892
3371
4812
63134
5802
1287
8586
14248
6461
10778
142443
10329
1378
5307
41627
45393
9951
4709
7004
9690
1656
28197
1719
117180
10186
113939
4366
3055
27634
60216
15804
15265
7995
28698
27460
12698
11150
6670
8054
14366
13633
7478
52119
114868
15267
7273
7277
10606
12687
16582
118350
4025
14089
4058
13470
9412
7673
4353
115417
4077
11797
2667
4781
1580
6509
4213
1675
14423
4091
4092
119231
6012
25189
4236
1021
11335
6243
9273
161356
17754
8329
8389
13799
63358
7245
8916
28687
3847
11333
1744
4301
2093
21801
22317
121400
53450
8226
9410
1122
4230
6099
9087
166367
72599
8495
117255
7856
18597
4654
70083
16288
8518
117946
10287
7253
14643
17787
51124
7110
7117
7115
1307
6490
170276
17035
4262
32501
2676
9083
10154
10868
33276
1533
18665
9771
17426
66874
32299
9150
3440
118948
14140
5577
148308
3586
7770
166088
12258
6612
94195
5047
10389
8513
7766
1073
7143
8890
10378
17898
8779
8034
26787
94583
165470
7222
84560
120088
148032
6532
4551
9467
19081
88856
11997
1524
12919
8799
4034
4046
4073
10094
121089
1245
17854
6393
74915
4680
74945
10411
4698
4699
49608
12764
34290
40286
17379
10202
12639
10724
10308
177784
104931
13198
125507
11256
12261
21022
12441
34903
22145
4456
6804
7806
10738
6722
11326
3278
5701
11033
3287
4889
7964
5989
5995
52126
4792
11277
11335
24363
3152
52991
8054
3396
4253
9600
6743
4628
18576
12074
4181
10504
12199
8456
155454
97570
2072
63649
4399
4969
14356
11267
10258
4909
23156
3586
85678
94181
8190
13690
8841
8849
22458
13800
24355
5019
6478
153742
10004
99685
5858
9366
13276
99819
9243
3524
13877
14440
5078
4300
94941
3160
27930
1179
10667
10326
10328
3763
6242
125640
4076
2094
2932
9105
14904
6257
1550
27477
154210
155875
100586
20007
1403
12170
10277
6843
138278
13608
7190
9879
2303
7522
7387
7357
119989
10169
7318
25491
42261
7456
1576
9994
11859
13489
1170
13843
13336
10615
15206
1246
127544
1757
1758
8249
4532
1880
4327
185952
8345
127702
13038
19745
8587
20968
127874
84763
31241
1297
17068
155525
20125
177052
16565
16567
2980
4167
128327
18298
10206
3083
16787
73660
29457
7715
128878
13113
12553
47949
10155
9757
9762
129127
9959
1921
4194
4203
23399
13512
996
1765
4118
4118
47110
10263
3948
13360
4611
8033
6334
77575
14498
2101
114979
25461
4512
14063
13575
2186
10625
104563
15276
998
13413
10374
4787
22016
13254
9970
2525
16244
21064
94147
12437
2353
1530
3081
8229
7341
28327
105662
1036
7676
22914
1189
1200
4081
7611
11712
12284
19971
1337
20039
22573
1641
4389
23545
45158
4467
23631
8507
23740
7509
73967
12790
7394
17030
7580
9333
180388
24205
24235
13125
16890
6884
96165
4108
4984
3566
16933
18614
3501
13931
1343
12587
187305
7226
19408
1135
10210
1580
25218
1321
19183
4112
12076
4537
4483
8542
4951
16528
1385
14308
108310
2530
19592
4078
4125
4215
137305
1568
154319
17220
7124
11974
2199
4195
4206
86370
7227
10032
4470
5439
46210
10195
10081
1415
6952
14799
4599
10443
98375
15576
46598
1309
19198
15186
6118
1155
7998
1233
5274
9228
98984
164300
43443
2953
1144
1155
18399
6606
2217
6887
1326
24067
109211
1616
4277
3562
10366
10372
21942
188350
4180
8112
8415
24517
22698
6315
15984
4378
1194
11013
19644
76944
3459
8477
1223
7020
7520
1742
7291
4364
10051
18222
7202
6399
1663
7418
110653
7426
56950
1823
10640
7226
21799
4304
10454
10738
4673
7778
4080
3288
10261
52017
15607
12299
22271
21783
7328
9899
5146
4723
38044
141527
1049
3422
102122
17427
38478
1390
36021
6717
8706
69107
1296
96506
142169
4689
43379
37784
37821
10155
4622
3289
7314
4087
112723
40721
179232
31568
3210
79571
4650
4640
4651
21137
1279
1280
2990
97899
4310
1299
4010
4116
95331
5982
3347
3637
9694
4611
3566
4517
13869
25157
13663
4703
6376
10846
144605
42406
4366
10611
12484
27280
34950
5152
42306
171279
6723
4178
4184
96871
5866
94304
94305
142058
15029
7434
7194
6247
10302
10302
10305
142422
5227
1005
13512
34491
142105
6490
1884
6012
31758
21827
40295
22561
1406
8568
28967
4898
143225
7821
1833
22354
161175
5500
4346
7206
12510
107258
1725
3828
9429
6351
9741
8318
7176
4337
1657
144525
6447
3321
5654
10089
96621
63369
5062
3369
24404
26838
1367
1325
6041
97317
97323
97323
4112
102878
97200
4653
13303
14369
4299
97778
10267
5582
9582
23364
4100
9327
100656
7787
11889
8668
15136
8541
26484
8415
110196
10261
190721
3571
12595
101377
11100
31791
7171
45400
10847
121473
101765
174256
4175
11548
36162
4259
130154
150357
3487
99439
37166
12713
13260
143193
99381
1319
1323
99815
8597
9786
12219
3178
140646
1109
5037
4221
7764
5773
100235
139357
1263
3445
11772
10687
197881
6798
111841
5395
12239
6292
18237
21097
8053
100780
7361
7362
14646
40508
1277
4262
4838
1475
100841
10807
13470
10819
12840
7818
6889
7825
11429
11228
103940
9735
28751
9091
11841
1953
19289
7958
13494
2218
1305
101864
12958
14225
4886
29846
1374
1384
1386
1118
6835
9914
16038
19819
1108
14746
5816
171631
150897
18789
14652
21137
103354
10776
35583
103361
2356
11320
84264
32473
166501
15637
65854
4873
3919
4231
1484
11755
4158
107273
12045
9418
3541
13700
17928
1175
13789
1708
7231
4027
18968
15331
1438
1441
25774
4118
38300
4261
19674
93939
7832
5938
22940
153791
157214
38463
5144
1893
7720
3874
13640
13645
106648
1785
5330
4180
13530
20489
2235
7397
15077
14323
10549
37507
7649
17583
3070
7299
119785
96532
4586
10276
4454
2123
108414
11417
20681
3581
3585
7183
42340
7422
111134
10656
3693
5964
156627
22622
7600
48315
6171
5555
7811
2586
7783
8907
4109
4109
4146
159996
6944
7746
80993
18815
22728
4581
27004
7755
201730
5054
9300
8389
42576
1781
1804
3627
16801
22215
2173
4082
12092
4525
38767
16659
4334
97571
23902
112876
5634
34707
22629
4196
5157
113132
14156
39126
3972
4063
4873
8475
4525
1353
3438
22559
1210
18599
5230
3196
6104
9998
10027
10200
9277
12525
114066
3512
3841
26737
6997
10724
99933
112024
10566
99463
8397
3880
9494
19792
62000
7088
7534
7567
15218
1243
11381
7716
1803
1334
1584
30387
6782
99037
189434
5382
3297
4363
4368
100434
20690
41765
1334
214132
160828
5215
113478
1316
216933
5402
6987
116288
5001
9441
1629
6548
160755
7822
27949
4834
142696
1444
21824
216652
4359
24211
159584
13372
6059
37443
10212
4085
2619
10143
10153
10157
115090
9980
11114
166102
21558
10288
117846
3475
4111
4142
4255
115373
166355
3915
4929
2191
11735
11804
11103
29363
3828
27368
7469
20614
10866
25310
6910
118376
71216
67253
7925
11695
3406
12232
9926
118861
167243
4263
7644
116318
6262
2048
11698
4800
13494
4528
119356
10003
8227
2032
9021
7572
5165
5426
1815
21505
8780
2017
4639
4789
7206
1229
5583
5236
7675
29504
12942
165558
5849
22895
10248
105395
13779
1042
6489
29664
4877
27838
118302
4574
2430
81589
13692
3910
18249
8149
4260
14066
5470
6583
1286
1387
32903
1014
14398
4298
17988
11046
1023
14563
1254
14628
31284
4246
4313
4324
2844
2324
203590
5460
29470
4599
1193
10894
5103
4782
4672
10193
1921
23859
8150
2156
12389
1325
120481
7284
4893
1631
2410
5319
7304
205934
4636
16391
6301
4758
1486
12210
28892
46325
1842
6180
1296
8463
30479
121742
177745
10034
40490
17117
3452
1716
18953
7287
3914
1932
1262
4438
4450
38482
1342
4453
4153
4318
55749
16889
34317
1498
56638
210806
12364
4289
1909
1887
4087
33783
5241
5114
69891
223609
3559
5609
33628
32926
4420
5629
11329
44010
2546
60176
1131
33155
1141
4674
19619
19628
1193
10125
9301
2067
6403
1504
5020
1313
13793
4694
6763
5553
21373
12145
10357
5046
10693
19449
1138
21823
1850
21663
4837
2480
4060
1955
18181
21187
1151
22354
6367
14039
4713
6909
40740
17135
1105
1348
12639
9990
8002
1128
1130
2222
4157
1115
13036
18262
8395
22129
80798
1046
1048
22300
1878
7152
5158
16320
10696
1007
22740
1791
4442
1823
33462
2190
6324
1727
13824
3662
9658
4945
6817
4697
88001
1519
18705
9941
9104
4476
1045
3632
183501
4337
1349
129466
117550
4896
10743
4143
9232
24850
4599
5631
180942
1790
9817
3993
7776
9089
5276
4311
4945
4090
10826
2695
6180
6537
16830
1522
6800
8414
133463
4293
5283
7251
45052
2467
13175
1551
1131
18658
3332
4458
5538
5542
30341
25656
6176
5226
6193
19024
24433
13633
7095
1631
1941
6384
4393
69319
26607
14085
19114
4706
4453
9096
2122
1063
12634
4540
2232
8542
4837
72830
29482
13872
3426
35647
29647
5905
5535
3699
15201
2158
28777
94635
95420
4088
4090
6924
4248
4098
4577
4435
4442
2131
11833
3206
3210
14426
5484
19816
4766
4787
2126
1272
1468
4708
5237
5274
6108
1261
4621
3866
4122
4134
24818
131351
1309
18258
1662
1168
6169
6128
4900
1303
5717
15641
4241
9188
5422
4990
18113
4170
4173
4254
3742
7383
6779
7080
1836
7027
4872
139419
11245
4579
11465
5763
188071
4539
98368
1241
2544
13345
3908
1872
16406
4070
7277
5450
57006
1154
18913
3134
4063
6468
8494
4692
1388
3946
71396
1908
6443
33836
1159
1164
6788
50588
189856
20539
2295
9853
11070
2553
4220
1312
82880
67766
3499
21134
3507
4212
5205
1855
3161
10583
19586
13179
142481
5435
14467
5428
11936
1165
7667
10935
51867
10266
4273
12473
35775
238106
5167
22448
1665
1122
1037
1375
4199
1381
1990
1388
9840
10472
12695
1476
5293
10476
6755
53879
4022
4047
1809
1822
4219
4237
15760
7421
11056
1047
4796
1424
12066
4133
1405
1036
6895
12650
2437
8008
10185
989
2728
3415
6651
12940
1696
145546
1837
1547
15061
3523
5787
1195
19089
4190
4207
1063
6889
4326
11400
4551
1087
4983
3449
32450
3917
1080
2139
5360
4781
26415
7854
5017
7369
4140
5232
2153
145156
7230
4311
7245
30098
3745
2802
5075
4413
5702
6819
209313
4673
5714
7670
6387
4651
15888
1312
6776
8103
6211
2491
9736
13589
7217
11979
1080
2575
7915
14221
1386
4088
8742
3209
1219
21056
6264
6906
219742
2068
6115
9204
94299
9655
2281
4154
1663
7946
1239
16253
2054
3907
2080
2160
75846
13253
13264
5190
13265
13268
17858
2789
2237
25324
17231
8249
6336
13676
13678
14047
14063
14077
4077
14092
1305
4108
4114
2487
1253
7035
95214
14419
14106
172875
5447
5895
3537
16164
13025
36192
8224
2262
7718
4786
65181
2254
1503
10156
4194
4292
12065
4381
12985
40645
16955
7535
3676
5519
4594
1781
4265
1247
6545
5192
5849
10606
15988
2137
13047
1294
11006
5437
153341
1201
97198
9354
2111
4029
11818
1400
1062
1088
2173
2137
6182
4216
2544
9988
8156
1449
1812
17730
3852
17364
1743
1801
1813
3031
2332
4169
1320
17821
150653
7431
85902
17969
1636
1504
99085
12932
4191
13566
11968
7816
4836
1336
1288
1389
8339
6702
25008
2123
8272
3426
4205
4594
1280
10875
5041
5658
2770
2071
100473
26057
7070
100563
1816
1556
2184
7307
4438
5869
4060
2814
3459
4173
14941
1631
169764
1173
6848
4401
4413
8057
4935
1428
4538
1223
1230
1221
6589
5363
4224
4230
4235
4240
4247
17644
21186
1593
4028
971
18393
4609
1720
4617
3954
4632
2030
13060
5083
4310
2006
1002
4064
1656
1341
4224
7662
7728
4339
5044
5049
4146
4885
4705
11390
4730
6604
2179
1091
6756
4242
5053
4933
31311
7761
6701
18109
1212
1216
3297
11908
2034
1370
4592
203919
1460
5671
1376
7073
2899
1099
26133
1794
29926
53082
5898
7410
5736
5823
8594
6361
1436
3385
20339
7717
50234
23712
260194
69753
8346
21005
265061
16085
4059
1744
4741
5140
4672
9487
9371
5109
8471
7930
2562
3793
3871
1361
22354
3601
11740
4227
6296
1313
2277
52032
3087
9352
24680
1219
6759
2523
6646
1091
16524
9214
2174
5067
5080
14166
212272
11266
4808
5273
3927
2060
4105
4735
25818
29474
10790
10649
3276
10099
5823
19147
2629
9116
1772
1317
2233
5304
2497
11063
997
1472
22689
10778
6531
1624
1760
10814
6069
1172
12501
2241
19624
1568
3908
6013
11155
11178
11185
20552
37084
4723
1337
1959
73821
6511
1681
51331
1872
8054
6591
1241
3350
3356
13215
102692
1892
2209
4323
4326
6933
2949
3796
12822
5277
4830
15841
140301
12644
8304
3309
6461
13302
4280
11640
3247
22521
1314
3167
42895
3345
4295
1587
5441
1903
1271
1448
1209
3163
16258
1143
1693
1378
14589
4224
4226
4161
1213
21616
1215
1226
4643
1675
2080
2305
6957
6362
2019
5099
3049
251158
5301
1259
1260
6796
2072
7477
7482
7848
268126
1178
2550
3308
3309
130635
48139
22975
1328
1330
2601
1727
13435
31492
1265
56824
4282
4282
4284
1691
4048
4804
4216
4370
4694
998
3382
1681
1768
11832
5173
1232
91931
4183
4204
169370
2075
5498
1264
2118
4235
1229
7992
7212
8347
2464
3743
8383
5965
2113
4921
3358
2606
2346
17673
6310
5390
1275
4098
3982
1275
1086
7969
11119
3134
21139
1653
1657
11092
1190
1164
3969
6197
6207
2722
1008
1215
1146
2091
999
2121
4270
168115
1603
1012
3118
3133
35452
1610
6877
2050
1223
2721
3201
3132
3882
1080
1127
4264
4276
7590
3791
1784
1576
4674
4023
1167
1170
1171
2749
45734
3779
3708
6056
1320
6173
1036
8600
8623
2679
4760
5548
3167
1393
9760
1408
1101
2859
8597
1819
4336
2569
6275
1568
1126
7657
9514
1761
2187
4598
4465
9722
4148
2520
2130
273221
7868
116757
3329
7893
2726
5137
1367
5979
7253
46007
3819
6815
6575
1267
7663
7199
7671
5022
8570
1208
8724
85018
33776
4239
1144
11184
9021
995
4526
20502
4165
991
1323
1270
1686
1133
1135
1682
2182
1709
1718
6933
4758
4774
1562
7891
1198
1048
9347
9363
5141
2178
2135
2196
1986
2007
2518
2190
12476
4050
1601
1407
2072
4171
1078
10944
5874
2090
4734
4554
4536
1464
9158
3454
11632
7150
11702
4481
1277
2322
1338
1351
1352
5270
14747
10989
1338
7414
39855
1781
3710
1852
2329
95851
1173
2756
9192
1554
9344
10916
12346
1332
16755
1874
2808
5210
1485
1088
3246
1970
1872
2204
2948
12235
1477
1505
1531
1151
4390
3595
7409
12925
11152
3578
1303
1447
11353
2119
3063
5155
5284
1799
3210
1827
2803
2916
1438
1687
1460
94382
94387
1377
6431
214889
4238
4245
1673
31473
9374
4057
1172
4602
4607
4611
4643
4652
18545
4496
95238
1714
4793
1745
1899
2072
5619
1827
1307
1681
3823
3443
1770
2179
2428
11632
44583
97181
2775
1266
4404
4404
2144
2855
52586
3445
1681
2088
4854
7734
2450
2073
2691
16419
1357
186850
1088
5065
1962
2074
98637
5554
5637
5653
1999
2540
1515
1972
2145
8868
3198
8886
1988
1808
1190
4943
2044
1473
1162
1163
1168
9403
3783
4929
9603
5859
3217
1630
37013
1993
3484
1001
1122
1865
1886
1834
2425
2020
3949
1257
1069
2399
1335
1132
1346
1084
1656
1188
2358
4775
2477
15720
2089
2450
2778
1713
1895
1978
23732
1159
1493
2411
1115
1118
1119
1472
98604
1102
3397
3399
1808
4239
2271
1288
1300
1305
1306
9169
1135
1821
1850
1953
1861
4613
1709
2124
2408
4048
972
5091
108115
1489
1918
1141
2197
4445
2215
2231
1718
1976
1129
3549
1629
18211
2672
1104
4182
5118
1366
5460
1935
1173
2177
3756
1436
4204
104633
1278
4133
2503
2431
2270
1247
6056
2317
12067
1025
1171
1764
8145
1662
2649
4950
3801
5286
1180
1331
2231
5316
5091
3553
1309
1312
1117
5870
4611
4253
4263
4267
1329
1331
3992
4010
4957
6997
4676
1231
1235
1236
1248
8213
5096
2076
1689
4765
5299
1740
3001
2696
2111
2133
7506
1399
2505
1876
2076
4117
6074
10996
4409
10270
4533
3123
1402
1807
1224
1121
1137
3173
1544
1787
1598
2702
1419
12162
1680
2361
8678
4034
5946
6210
5975
2009
2047
2178
3324
1198
5391
2415
6447
4595
6292
1452
2607
2645
7893
8886
1173
1019
2007
5767
4048
1216
1222
8970
1233
1319
6002
4328
1697
3492
978
1610
1286
1582
6927
1130
2105
1448
1501
22567
4091
10443
2036
1823
1848
1109
1072
2446
1422
2204
2625
5721
1029
1030
1036
1038
1039
1053
1057
5074
1466
1195
1308
7905
1592
1544
1432
1786
1790
1809
1814
1820
1829
10068
5606
2288
2296
1139
1442
1093
1909
1632
2371
4269
2711
5074
9087
6208
9228
1738
1425
1660
4736
4733
3124
985
1260
1575
5508
1929
2989
4694
1106
1108
1110
2328
2350
4190
4138
4145
4774
4791
1642
3088
1136
1138
1143
1152
1153
1157
1157
1163
1967
6539
2442
6512
1533
1559
3250
1137
1147
1364
4944
6748
6828
1996
2029
2203
2051
2065
1616
5522
5410
7247
4796
7216
1837
7732
55897
3919
1634
2961
2986
12273
1553
8338
2105
1142
1244
4028
3475
4064
8749
7498
1531
3251
1084
3681
3171
1229
4345
7018
7024
3830
4176
1084
3352
1358
9206
2367
915
928
4122
4182
4188
4189
4550
997
4238
1213
3793
9329
1237
1242
1268
3079
3942
1927
1946
4497
4510
2929
4550
4562
1857
1560
4475
4906
1923
5022
1437
2266
6394
4907
5305
18330
5387
2166
2315
5432
10633
10637
7324
6077
6102
8798
1721
5736
3744
4130
1619
947
4517
4442
11373
3097
1626
1633
1400
1418
4745
4783
880
6620
1729
9972
1758
5087
1225
4887
2937
5308
30379
12935
6175
2409
4361
21514
2087
13556
1558
1436
5671
7163
1075
1337
1072
4309
1284
2258
10643
3286
7553
5690
8719
1072
953
956
964
4680
1681
2940
1425
1254
2882
4338
1343
288833
1349
1239
1733
1933
1739
1536
1574
8810
3218
11582
1281
2071
1829
2275
3503
2317
2041
1094
1101
3938
9263
1149
1054
1267
2105
1083
2053
1640
3696
3702
1803
1175
1176
2348
19400
1465
5472
1502
5475
1026
1605
3994
926
935
1380
1386
956
6223
1283
2504
1926
1137
5418
1281
1292
1616
5327
2483
4980
2579
1205
1573
1612
1679
1958
1152
1619
1992
1546
1997
2537
2041
1403
1475
2026
1499
965
2591
1227
1983
4907
1548
3283
1780
2348
1241
3146
2225
3181
3674
3677
3700
2692
3968
3969
4194
981
1758
4052
996
997
8486
2231
4274
4275
21460
2209
3187
1335
1338
1075
947
4437
4644
1101
1898
15632
1318
1335
8531
3659
1299
1661
2138
5148
2132
1724
1946
3203
1692
1303
4193
2549
3583
42530
2461
1680
3889
1263
1737
1341
4444
1126
1127
1128
4078
10385
1712
1723
4870
4710
1063
2737
1490
1286
1016
1977
3261
1571
1722
1681
3636
2973
2061
924
939
2237
1766
1206
21530
7585
1440
2895
3032
4130
4147
1812
7612
1968
2291
7478
237816
3080
2023
1705
2096
4973
2807
2859
1486
2784
1735
8472
1088
2383
1887
3245
2318
3286
3791
2611
3485
1928
2400
2251
2126
334275
2359
4156
2022
1999
1882
3064
1203
920
1792
4557
3188
1942
335611
799
1623
5282
2094
2001
2007
2035
2067
1577
2117
1190
1966
2464
2615
1194
2527
1206
2026
2705
3481
2409
6574
1368
1687
2373
2384
1714
1588
2229
1268
1849
971
1121
743
752
776
790
872
1040
926
1059
1086
1108
1115
1149
1853
1096
2358
1397
1456
1476
4812
1788
1761
1869
3612
2308
2523
4269
4277
2023
1944
2213
2234
1719
4020
4037
1678
2118
1312
1017
1021
4366
1169
1170
1671
1313
1319
1335
1533
1021
1043
2273
4921
1866
1572
1533
3520
1505
1839
1081
1350
1910
3814
4181
4233
1816
5660
2990
2135
891
1032
4428
2546
1045
1052
1054
933
9166
1076
1125
1713
1499
1824
1165
2146
1455
1076
1598
1018
1616
1850
10009
8227
1075
1406
1182
2233
2259
1428
2023
1966
1146
1725
2053
2602
2412
2764
1450
1866
1256
1925
1940
961
4705
4836
2300
3171
2330
1691
2188
1817
5075
1251
1641
1762
12778
1391
6526
1566
4054
121976
3939
2591
3981
1069
4550
10022
1032
1071
1166
1084
1088
4968
1431
4445
873
1364
1138
2398
1672
4974
1971
1693
1296
1498
142532
5918
2582
2524
2777
12279
3037
1022
3129
6081
1159
2599
3385
3812
1967
1037
1854
4086
4087
4096
12611
4410
4425
4428
4464
11029
1018
2619
7867
7345
2354
13509
5063
1256
5121
5170
1342
1763
5303
5340
3574
11127
1257
5535
5687
256109
10184
2097
345499
1517
1195
1881
1089
1095
1009
1691
8820
1295
2244
1988
1623
1286
1093
1323
2582
7748
2934
2476
1239
2086
7911
2160
2674
2644
2083
2022
1932
1298
3091
1140
8583
1054
112370
2473
1412
2678
1419
1424
3796
1046
905
1730
1084
991
2110
1431
4463
2101
2675
1014
1043
1043
1246
1582
1643
1931
1974
1418
1118
1122
1126
1862
1729
1181
1747
3661
841
4267
1078
1349
2063
987
987
988
2367
1475
1188
1866
3310
1891
1904
1351
2190
979
981
1942
2273
1644
2475
4361
3189
3156
1867
1560
2074
963
1930
1214
1707
356611
3636
5381
2382
1891
1517
1959
3966
3967
3969
3973
3317
2276
1098
777
1782
2504
4315
4317
913
914
1081
1798
1077
2731
6030
1038
1042
1051
1195
5369
3843
3849
3850
656
1878
1335
4572
4053
780
4295
4302
1644
4855
4535
3507
2115
4587
804
784
800
809
811
814
635
650
929
1058
5423
1107
1108
1115
1194
1371
3589
1443
1294
1214
1307
856
1782
1795
2637
1947
1343
1344
1350
871
878
2195
1705
1820
1501
1190
1744
1469
2037
1243
1182
4293
2402
4463
1147
1228
1822
1449
1460
62988
983
984
2153
1818
4967
1691
955
956
957
959
964
965
2336
1830
1835
5209
1386
2162
1111
2650
1312
1396
2228
3487
1786
1688
1690
1560
2437
1632
4954
2011
1033
2245
4614
3274
1606
2278
4091
4005
1907
996
1007
1013
1029
1899
1533
881
1279
1304
3993
1345
1620
1625
85519
3322
4449
1633
3364
1842
1936
2031
1805
3156
2292
3938
2306
2362
8257
1839
837
3267
3560
1064
2599
13056
918
5434
1720
2085
1363
687
694
695
697
1147
706
13167
1283
2280
1123
1131
3755
3764
3767
3770
3783
3785
3788
3796
3800
3809
3814
3868
3870
3871
3873
3874
790
4014
4034
4057
4068
4070
4072
1629
9988
4172
4275
4358
4409
1421
2388
2204
1265
4879
1785
4904
1642
4970
5004
1450
4216
5281
8152
5361
5381
1631
5411
2993
1051
5599
2316
1073
5949
6371
6372
2913
1110
1114
1115
1117
904
1319
1321
1334
1340
1229
1030
4175
775
1085
3803
1091
982
6691
1296
4030
3673
6905
1913
3921
4586
7090
574
1660
1678
757
2109
4126
959
1382
7740
4323
7567
4029
1153
3219
703
995
1773
1676
1007
1263
8876
9077
637
913
919
765
3895
3944
3946
1188
726
884
828
3994
4236
1045
4072
1047
1402
9954
9955
4557
9714
1451
1476
1141
10324
4909
1748
10064
10101
10151
1790
10678
1115
1626
10520
2345
2359
1503
1301
1973
10890
10907
1017
1039
1042
2624
1786
6309
3145
1597
1617
3859
6464
3912
9703
2030
3541
2086
2120
12043
936
944
3921
12334
2298
1722
1144
1576
1894
16256
3719
1542
1786
3169
4293
4299
1016
4329
1496
1017
1963
4768
4770
4778
5245
5298
1095
1399
5569
5606
1472
15274
3354
1495
1693
1678
1569
1335
1252
6124
888
1787
16638
1979
1945
879
913
16281
1085
1105
870
871
788
910
1015
863
1177
1402
1504
1266
1272
1281
1296
1315
1444
3986
3988
3989
1552
1564
3974
2196
3954
1936
2604
2013
2057
2822
2063
1399
4542
4546
2285
2323
4800
2357
8504
2592
2606
877
879
885
888
1340
3372
1165
1181
3346
904
919
1263
882
1684
6090
2030
1061
2066
3835
1688
6191
1711
5874
2265
1535
7767
8594
4243
4251
4881
4291
4293
4295
944
2573
1507
2069
1266
4101
2378
4608
4610
4618
2592
872
1351
1546
1602
4969
5067
874
877
1010
1828
1155
5365
1425
1273
1132
1140
1412
1326
1092
1102
1315
329148
1456
2472
941
1666
1475
1476
1394
1140
1142
1466
1147
803
3358
1382
1944
1980
1852
1839
1888
1897
1860
1882
6407
1891
1589
1205
3095
1320
1199
1205
6892
6900
1718
5274
2746
1593
2325
1624
1906
2669
1078
2940
2491
2310
2983
2172
14210
7671
1927
1442
1585
2202
852
855
3413
2713
905
4066
4071
1247
929
1974
913
4463
1657
5028
1783
1208
1209
1587
3409
1710
1484
1891
977
987
989
990
1229
9816
1848
1415
2046
2348
2198
1542
6163
2757
2228
3308
1119
1470
2895
2910
2351
1270
2609
1802
2574
1583
3340
2797
1430
2611
711
963
786
3369
909
913
918
921
1517
1544
1259
676
883
887
785
786
788
790
797
802
802
807
826
1231
4405
1569
1203
1106
2018
1137
915
1414
1573
1033
1517
2003
1832
1746
1750
1379
1862
2157
2189
1952
2259
1029
1876
1458
8033
3920
3921
3926
3947
1265
1926
4216
4248
1667
1670
4573
2191
2778
5090
981
4784
2111
755
2319
5078
4218
5126
5316
1664
1095
3479
5546
2962
5601
994
1109
5785
1478
1233
5166
870
876
986
1016
1022
1023
2908
1210
1393
1620
1544
1948
25515
7786
2311
1350
4645
398978
8100
1736
1320
3013
1090
2574
3298
1918
1941
1545
4470
987
1388
4666
907
9692
2172
4274
605
1911
1172
2189
948
1736
1651
1480
772
936
963
967
996
1786
1121
1084
10983
1281
1316
1344
1306
4495
1402
1411
1613
1688
1705
1614
2358
3020
2171
2194
2238
2286
982
1054
1057
1309
2561
1636
1929
2797
4770
1042
1216
1178
9019
1582
1197
1199
3152
2056
2065
2069
3135
1022
1640
2371
2380
2397
1457
1488
1872
927
1884
1074
983
1139
1103
2301
1203
1483
3528
1968
889
2037
3452
2700
1659
1385
933
2053
1103
1103
1107
1132
1135
1139
2237
1146
1262
1716
1325
1329
1335
3077
1019
1640
2298
2328
1681
2239
2250
4799
1885
971
1561
838
2085
2210
3279
1846
5353
1245
637
5650
2914
2957
623
1873
1421
803
772
3776
3778
1724
3787
3791
3797
3812
3814
3820
712
809
4069
4080
4083
4118
638
4122
4149
672
4487
935
941
762
1202
1220
1843
1232
1239
1256
4836
804
805
1650
1425
1641
664
5288
806
1321
952
1694
1038
1753
1122
1128
1149
1150
1156
1094
1525
1559
2627
2514
1915
1980
1312
1458
4045
3108
1288
2155
2635
388135
2960
2008
2845
2960
2022
3200
3291
3324
1088
3667
9146
2456
31607
1504
992
1286
1691
4192
2138
1104
1114
1077
2048
2008
3477
1165
1190
1264
915
1022
3910
1398
1905
1955
883
1905
1657
2243
1678
1050
1070
684
1048
505
510
2568
737
740
753
845
2784
2626
1016
929
1030
907
2701
518
1047
1833
5968
1150
3558
1308
924
2384
1413
3705
1791
4028
4037
2214
897
4280
844
966
1183
1464
209106
1209
4820
574
5014
1093
734
767
451
1198
1001
7724
568
762
771
801
942
2371
985
1941
1439
6572
2006
1238
2489
1983
1487
1045
1047
3313
1202
1595
2037
2043
3319
879
965
860
2030
729
850
976
1036
2078
2721
1577
3020
1031
1602
3280
375165
140647
1579
2242
2440
2499
801
725
743
728
735
744
964
711
1263
1273
1306
1017
692
3557
1112
1156
1599
1276
1277
1281
1612
1746
598
1251
1623
692
1841
745
502
504
2350
952
669
858
871
881
966
1208
1364
821
1243
1134
1528
2274
2111
2488
1905
2820
1066
1069
1080
1080
1083
1608
1695
3238
1520
1536
3077
3565
3427
1399
1829
1831
1871
2023
2101
1878
2755
906
3923
1212
1577
2954
2655
975
3241
3339
891
893
894
1363
1072
1289
2439
1238
1517
1530
1556
1566
1672
4100
1400
4307
1901
1902
1431
819
825
968
1041
2654
2483
824
828
1408
1097
894
2136
1439
1195
1202
1058
2303
1574
3917
1200
2323
4440
3857
1547
3302
1096
1105
1123
1093
2618
1013
1422
1489
1496
3240
1765
1805
1076
2657
1971
1078
2112
2501
3213
3992
2434
3416
1097
1796
1743
1254
2161
1099
1029
2259
4593
1897
4929
1205
1278
1519
3105
1021
2089
1131
1143
1145
1153
1165
810
812
1408
1577
1104
1402
1410
1426
1429
1447
3602
1882
1404
1706
1774
1002
778
783
789
1058
1739
3913
1760
2202
762
1094
1068
2280
924
6572
2335
1704
711
859
1314
1826
2119
7336
3762
1322
1343
3257
1648
1144
1587
956
1372
1916
2291
2537
4147
641
645
653
4443
2167
730
2301
4522
932
946
2577
1153
4961
4988
3991
1310
1348
5121
1390
5021
798
814
5425
5405
1728
1826
703
1857
1107
1541
1285
5872
1404
2210
810
1920
1674
1145
717
718
732
752
3690
1986
982
998
887
888
890
6545
1216
674
1255
1257
1494
772
773
1666
929
849
2722
1677
1051
1504
3118
1353
721
1412
957
2406
2594
5143
1320
746
700
641
1233
479
1132
1467
1028
1488
1370
2909
2182
1796
1812
648
648
656
658
670
1225
3269
1340
952
944
1537
1489
1393
1623
1194
985
997
1231
1602
1822
1071
3054
1378
1742
1544
1018
1709
1744
1955
2053
3000
1899
1240
1120
1206
2277
2718
2907
2839
1653
1326
1416
2175
3352
4004
853
321
1170
1313
1708
1388
1502
1686
636
427
438
1672
686
540
490
513
721
4832
751
3266
4371
1414
659
1234
1246
1828
1872
830
1642
1988
1788
1777
2147
1390
838
2222
2242
2028
963
3712
1117
609
2789
1498
799
801
986
696
1823
576
6069
1703
786
711
714
1928
1201
1108
2147
1062
518
1283
527
580
583
614
633
638
642
645
651
659
824
924
929
939
950
2188
1748
962
2267
1205
867
1245
1369
1133
943
1671
1619
9673
2654
1518
2034
2044
2063
1785
2253
2317
2383
2396
891
892
913
918
924
934
936
940
947
2120
1340
773
1114
1119
1569
1149
1195
1177
1568
3526
1315
1359
1374
1407
1429
2601
2643
1615
1668
1383
3264
3369
912
2263
2193
962
2270
1244
2452
2529
2536
4280
626
1778
673
3128
3238
1168
1067
1476
1077
1361
1083
1635
1743
3563
3574
754
1424
742
3762
3776
662
3988
4000
1903
4265
976
850
2617
987
916
4735
1212
4842
1273
1686
1743
1876
1003
1401
1040
980
6044
1478
6282
1493
1510
2013
1157
390
7068
2335
3441
480
489
1519
1065
2998
1118
1226
3561
3512
702
703
704
4620
675
678
997
911
1102
1105
594
597
604
940
1671
1852
1483
1316
3524
3525
1020
3708
1559
1615
538
3875
969
3892
3912
763
773
4063
927
704
1139
532
2186
628
637
639
1100
7346
4552
2029
869
872
4769
1150
673
963
1487
1343
5480
1131
1785
1587
3158
5716
1735
1284
1603
2147
2341
1719
2985
1480
3025
1550
1151
1163
3098
1412
1460
705
709
1004
1707
1436
2007
1026
1720
816
2488
1088
1321
795
803
4479
1028
2222
2101
3247
1686
2451
3947
1323
1329
991
1712
3278
1767
2716
2762
1060
3044
972
725
2131
850
854
861
747
1041
966
1149
1180
747
748
749
750
1246
1042
1048
1290
1479
1483
1537
1517
878
1763
1766
1624
2019
1742
1229
1038
1037
1945
1194
2486
2576
2193
1415
1151
3041
2039
2578
1333
1340
1896
2708
834
933
848
1730
1247
861
2948
1963
2884
975
1086
1088
1907
1737
908
914
3006
1226
1781
1239
1050
1990
1141
1606
3001
1489
1183
1189
2436
1129
982
1160
2108
1408
1348
3212
3400
1980
2445
2461
973
16615
1347
2380
1375
2092
2091
2607
1706
763
764
765
766
1197
1874
1019
3558
3202
3231
1867
3281
978
1238
1285
784
1656
1371
1380
2057
1427
2759
1165
1153
440
441
2210
537
1927
611
988
1705
491
502
587
2944
679
682
686
694
3927
1149
816
905
651
657
1119
458
763
605
1280
829
1386
710
1612
2220
2080
3878
1634
836
904
1471
648
823
825
555
2251
583
585
934
939
959
2026
785
801
688
931
639
769
752
10093
1012
1203
1129
1372
2105
422
1244
697
550
554
765
831
1727
1159
999
1572
471
1894
1402
1667
1276
1284
1229
828
831
567
865
1096
1124
1885
830
1121
2775
1381
570
1392
725
589
787
2129
2185
930
1581
1337
1518
2557
1230
1697
965
751
1014
1266
936
951
2621
2549
1284
845
1137
1632
917
982
2894
1297
2097
947
2822
2222
879
1359
1244
1665
765
793
793
796
2197
1041
1358
2133
903
1616
1219
1219
2458
1739
1098
1068
2885
2265
2470
2869
1368
3129
1118
1085
2345
1036
1790
1252
834
1279
3873
1093
2059
2295
2317
803
909
1988
1931
1425
2795
2409
3224
2662
1131
2206
3022
1719
605
921
924
558
1394
440
444
449
449
464
623
409
698
2263
716
668
670
680
882
1529
920
1040
1063
1108
1273
1209
960
962
781
3503
1491
1824
1239
7607
1290
800
2860
1576
1599
1468
1000
1388
2416
759
1425
2509
1883
787
2253
1019
649
1094
1105
2396
922
1447
1471
1953
2017
1073
4363
2222
2515
1070
3039
2478
777
1004
820
1123
1487
1514
1481
327055
1288
1379
1714
450
455
463
701
2128
2518
1039
2407
2466
1740
2515
1326
2734
1842
2411
3316
1983
857
868
1484
862
3820
2559
1459
2154
1073
1625
1641
1826
1236
866
449
614
916
1112
762
518
523
651
362
566
786
443
517
521
521
532
541
542
576
585
586
594
600
610
625
630
643
679
856
786
832
851
887
915
930
968
977
989
1110
1117
1027
1133
1043
1089
1102
1122
1150
1182
1208
1257
1344
1398
1553
1580
1086
1755
1871
1891
971
1956
2011
1629
2231
2314
1840
2377
2487
2594
2621
2889
2903
3038
3144
3211
3306
3358
3367
1233
2512
3550
3592
3191
2071
4034
4053
2602
620
4165
3721
1170
756
829
845
2288
392
400
408
408
412
398
4683
576
547
577
578
581
585
2982
776
635
815
3664
3573
600
1146
1175
1178
2302
1197
735
3524
1369
4052
660
567
327
295
491
2255
775
457
339
466
359
475534
399
526
166
1714
732
386
407
413
774
305
623
304
43
53
54
57
58
71
75
132
145
149
165
273
376
296
393
613
1503
356
127
132
96
100
470
345
953
317
321
522
533
230
645
409
105
141
166
212
247
287
692
343
690
274
212
119
95
171
220
220
371
237
324
353
525
264
806
347
307
270
352
351
535
543
584
825
451
153
49
53
57
74
87
128
167
204
318
286
263
397
532
220
1576
242
981
231
169
824
636
444
312
265
807
534
316
417
523
255
425
845
211
319
421
434
396
541
249
1039
417
552
557
241
307
704
706
384
439
257
330
197
379
225
227
308
1939
1306
477
655
169
171
172
173
179
186
234
295
715
357
366
472
575
137
1020
126
131
265
380
540
305
304
313
521
637
736
291
147
377
415
372
354
176
407
232
294
380
381
390
393
396
388
403
429
472
532
698
506
791
997
989
1023
768
327
1863
362
1906
677
352
1044
216
243
635
131
131
133
241
326
396
165
762
331
370
350
526
142
144
284
378
261
442
494
561
580
595
417
382
254
196
511
379
139
1725
186
657
387
353
359
337
343
360
361
518
441
572
576
588
704
850
176
784
899
297
1189
1403
215
430
617
520
342
432
347
167
695
392
457
591
606
610
638
667
697
752
701
798
813
831
848
845
868
1155
1132
750
1235
1196
1281
1335
1322
1446
1532
726
248
632
377
388
244
387
750
1119
162
783
162
553
475
443
329
330
571
513
173
331
118
315
307
415
426
521
529
736
215
899
509
310
442
447
452
376
1173
746
902
128
226
237
223
351
172
906
835
280
182
363
363
374
226
449
454
463
216
137
699
1052
143
1345
36
39
85
52
28
33
83
131
408
709
308
310
351
168
300
1049
413
204
397
556
958
1150
1182
124
1378
1262
215
447
468
480
481
482
495
496
615
652
73
41
757
244
775
784
817
148
2826
977
246
1136
173
705
1281
1444
1575
404
966
1951
1999
394
1115
3722
563
953
984
336
1413
665
749
1489
1034
1164
1170
1199
1575
1622
1635
2243
1290
2400
1471
2965
3341
2662
3533
1750
1136
4144
3692
1754
1481
1524
3436
1701
1625
1263
1420
4168
1828
2216
1999
1709
2487
987
997
998
2129
1289
1589
641
881
1887
1165
1220
1711
4954
711
2040
1993
1908
1444
1733
1844
798
1363
860
894
849
850
1969
743
1105
1106
1108
1116
1129
1130
791
799
2702
1495
1096
1537
1563
1511
1435
1454
1478
2031
2313
1185
2453
2546
2229
1440
1116
2872
2941
2969
1895
1476
2507
1302
1147
1838
3577
3152
1163
1789
3412
3185
4215
2846
1774
2234
4509
1191
2662
4332
2194
15498
3139
1603
2515
1915
1887
1824
1900
2217
850
856
1565
733
1169
972
5104
1516
5376
830
3052
2036
2657
1606
810
812
1007
828
1009
1339
1387
1605
1069
990
7208
1328
1338
1347
1348
1537
1065
1665
1231
1008
997
1027
2323
1591
774
796
1891
1077
1085
1090
1497
1088
1349
1358
1371
1385
2186
2176
1927
1938
2570
2819
1513
789
1461
1396
1419
3333
1170
3987
948
977
2181
739
740
748
754
755
756
767
768
773
774
792
806
926
937
955
962
1218
991
1007
1025
1159
2413
1424
1430
1453
1061
1577
1640
1700
3168
1756
1832
1902
1891
1941
1951
2145
3300
642
648
1574
638
1107
684
1086
1547
1628
5541
2268
1837
503
2839
2608
273
214
670
4878
479
484
935
885
666
1068
1829
892
1440
316
727
679
1130
1673
899
2086
908
757
1109
1133
1924
1755
1215
455
458
1197
647
698
939
972
1023
1171
2082
598
1221
784
584
1919
626
839
617
622
636
642
650
654
857
1098
797
917
903
796
1089
1109
1153
1173
1358
556
556
559
1799
571
2112
559
1842
780
946
1852
1127
1021
1041
737
574
578
810
815
833
2484
983
989
1618
2670
939
1205
794
1090
1721
2711
2368
1402
2674
994
2877
1917
1934
759
1407
848
1573
1174
1182
840
2365
649
1046
779
767
627
687
363
468
503
665
541
940
728
1135
925
1244
941
744
949
770
781
1663
1680
1053
979
1304
1350
1614
1626
600
1993
964
3287
2660
1193
683
1672
1034
3234
3434
1956
686
1192
968
972
1266
838
52461
1044
1050
1667
637
1448
766
2549
170
1407
496
185
198
315
371
2003
593
1438
965
142
150
157
262
194
194
204
248
170
468
585
455
308
641
346
346
203
203
358
362
368
372
377
845
523
600
611
615
619
621
552
964
892
1419
261
41
46
71
94
265
245
447
454
589
416
456
355
167
817
474
166
585
228
599
455
619
195
708
717
415
179
219
360
220
415
310
1338
355
678
1277
1141
1145
396
1193
211
370
95
97
675
243
235
243
305
440
274
432
1085
530
129
134
305
355
747
55
427
86
347
603
608
844
592
342
130
130
348
597
342
168
357
428
815
743
451
453
860
229
346
657
661
426
883
280
618
998
530
1462
1463
912
124
163
1092
206
919
328
322
313
508
212
529
245
279
539
151
1268
130
3441
360
215
221
222
3706
285
347
357
382
283
511
532
3465
432
437
700
626
282
718
213
357
673
417
456
951
575
753
1352
569
166
4637
346
211
463
596
426
6102
619
743
296
539
324
932
308
311
314
317
321
447
414
423
264
617
446
225
286
423
595
215
305
129
284
212
180
375
317
431
292
425
625
706
293
175
217
256
352
831
904
573
713
442
576
576
340
343
343
344
719
478
175
696
357
129
361
936
1100
760
393
776
722
236
228
128
1080
544
532
484
745
797
345
455
585
650
1080
340
351
459
322
582
590
247
252
253
272
274
735
323
328
355
831
375
379
415
428
439
441
449
816
617
435
869
345
271
209
214
221
280
294
364
366
423
305
518
565
424
186
620
627
631
715
176
758
178
183
294
258
424
439
917
2052
599
186
894
196
289
213
767
122
124
642
240
578
697
319
257
408
345
225
222
146
147
196
233
911
338
331
728
285
196
383
453
318
519
519
725
344
167
344
128
223
185
167
574
124
128
219
318
627
260
517
161
165
222
308
309
311
311
353
316
411
432
446
532
755
552
283
1082
169
332
419
590
169
176
183
185
242
553
559
562
382
479
746
1104
1282
804
810
592
145
182
511
375
267
325
238
240
241
242
245
330
332
420
497
205
206
355
725
271
272
363
460
555
628
600
472
507
346
909
203
206
343
349
349
361
471
281
227
208
623
216
731
742
287
388
810
1322
627
768
908
415
419
425
427
969
550
554
556
666
728
733
2237
462
253
1268
897
492
313
317
318
319
475
328
513
1585
607
616
628
638
644
517
756
218
861
134
863
970
1300
199
1252
271
505
244
246
255
316
426
973
485
1120
690
352
418
576
731
319
52
44
78
82
525
551
1093
634
323
877
356
960
477
413
502
641
740
744
616
490
282
961
1000
281
282
380
252
299
383
247
260
676
837
425
1059
125
340
336
401
257
272
468
279
472
489
359
377
443
480
426
666
601
837
199
287
848
571
392
387
1159
580
583
1179
940
1542
98
101
102
103
110
121
124
148
148
166
179
229
287
343
497
126
320
139
317
507
254
317
170
343
131
153
159
170
173
191
268
286
291
267
313
325
335
400
402
408
344
423
429
444
492
410
141
681
297
910
392
266
267
229
698
600
408
892
322
619
351
989
417
895
355
282
836
352
636
468
264
832
380
384
278
279
280
359
374
521
1211
648
733
907
848
1206
191
124
295
303
353
520
416
332
519
412
740
687
1098
849
572
355
238
747
186
29
395
76
149
150
227
269
476
296
325
440
708
478
521
803
772
166
852
1015
251
444
254
263
223
566
177
709
595
353
547
145
452
474
1288
167
602
635
781
1815
960
970
600
1075
293
737
1133
146
173
188
1428
525
1596
525
566
470
133
571
132
138
149
377
382
383
401
402
507
511
345
857
1359
1368
427
695
982
979
767
830
835
868
901
924
938
1027
1503
392
510
782
417
918
936
261
134
171
466
1207
697
1316
1204
219
271
282
171
424
665
291
1554
328
708
429
254
254
255
270
612
510
150
361
1069
442
484
1209
206
644
238
1580
670
250
818
217
252
330
339
198
346
350
359
375
346
451
460
474
516
622
536
683
545
563
719
724
746
806
842
1024
1088
1121
1161
170
127
131
180
213
220
219
411
336
325
340
171
268
269
438
442
179
510
519
542
565
553
576
584
192
193
467
276
237
832
720
730
220
147
374
997
360
1023
283
476
487
494
599
610
590
610
956
560
356
1237
1305
311
373
582
519
879
827
829
830
857
1100
1631
2935
1133
1141
1429
2092
776
1734
2644
1758
770
811
898
903
701
1291
333
334
589
944
744
594
57
32
581
2078
565
203
305
306
307
321
322
323
325
916
328
211
354
359
430
451
542
558
471
604
654
837
848
76
23
999
763
443
1326
452
453
455
463
605
610
748
756
767
587
268
1043
1073
346
445
47
55
422
468
211
342
120
416
405
113
355
166
470
479
617
478
708
695
962
977
162
459
133
929
942
668
1315
113
200
333
861
880
263
199
340
116
116
168
691
127
142
170
174
190
193
308
333
378
350
367
469
596
830
203
203
166
236
572
128
305
826
312
615
377
575
820
92
37
171
166
340
450
342
268
269
350
277
280
361
285
373
305
308
478
407
492
432
894
470
496
507
658
699
648
670
762
191
718
836
859
211
215
910
237
251
662
369
496
500
501
505
1197
604
472
823
1466
390
392
394
670
670
1728
1046
540
602
642
660
806
1014
493
1024
357
330
1379
328
30
57
715
768
1007
558
670
381
766
389
1089
213
428
2429
570
556
2684
537
3546
744
574
285
442
466
171
378
760
989
6596
1533
534
164
276
517
513
926
1610
426
338
537
532
34
30
37
184
109
111
116
122
163
164
183
395
493
1281
1213
724
251
55
63
82
85
95
102
517
347
166
206
316
692
415
358
283
280
626
633
171
194
562
285
484
374
378
593
610
469
998
711
251
262
514
525
796
344
341
250
252
185
603
287
780
818
553
192
203
298
627
304
598
1272
805
410
412
250
253
537
652
805
761
422
456
518
350
893
964
610
610
620
767
793
942
1109
1739
385
1414
1676
595
272
466
491
349
587
598
334
618
515
441
787
277
352
448
631
2591
1347
329
448
415
145
248
746
281
288
882
480
1375
739
307
193
248
311
631
835
846
403
405
410
594
304
426
603
513
408
410
516
935
544
429
355
363
364
372
373
374
386
389
399
431
433
442
736
454
481
487
543
566
576
323
1045
719
725
1186
809
828
844
846
898
946
985
425
1433
1057
1334
1342
744
1379
1395
220
1490
380
166
557
1779
815
869
2417
721
758
642
350
404
412
415
434
918
515
521
531
548
566
579
671
674
690
786
492
849
851
116
1374
951
973
118
121
825
1058
727
1236
578
1065
1540
464
113
112
113
820
155
464
586
238
414
829
170
176
334
822
253
339
1175
1204
746
761
1760
773
632
498
449
290
446
263
478
313
907
457
598
455
954
187
357
186
272
472
263
589
265
1654
336
256
258
447
347
1100
354
474
1047
282
380
339
414
1169
431
903
929
2066
468
759
963
1501
1678
421
569
329
686
677
101
128
165
443
446
448
451
608
746
758
642
1537
409
274
862
1204
1046
1956
421
467
1031
1281
511
602
611
281
192
195
749
330
592
595
444
475
841
633
1759
985
1126
176
102
136
370
372
439
470
216
128
172
265
580
592
346
346
1008
409
553
328
342
417
448
453
554
340
344
351
359
360
687
697
465
470
474
592
686
1026
218
360
362
365
906
124
491
1047
603
301
633
640
641
1174
421
860
1146
1240
1346
839
706
223
305
585
410
1008
408
447
685
744
286
1139
702
595
758
992
277
128
346
99
100
100
151
179
184
199
707
834
368
118
1195
163
1818
167
193
301
306
874
367
493
599
492
389
144
700
828
747
225
125
1130
449
553
443
347
895
596
601
167
523
748
590
899
301
124
330
245
251
255
338
425
785
691
515
1049
413
571
386
904
670
1054
1065
906
2485
1039
1200
1388
304
376
382
1080
505
828
779
909
835
514
479
746
2049
672
914
269
272
361
363
1019
717
645
596
387
749
784
1469
807
468
463
616
558
559
909
1079
471
480
775
845
1008
383
1683
703
1958
486
1137
347
510
415
972
274
385
582
346
636
773
464
351
444
347
1114
823
631
1326
345
346
418
328
347
350
413
514
587
1224
365
901
578
249
1675
895
1093
269
362
713
731
334
337
428
350
429
272
355
445
639
473
669
574
706
347
708
583
947
585
342
343
576
280
170
842
618
1456
443
444
443
362
352
927
616
724
163
118
1076
632
352
118
122
1081
418
906
244
623
456
263
264
353
341
456
593
706
581
356
443
270
597
214
706
282
987
362
1083
441
735
354
250
257
258
667
338
1013
528
641
262
263
267
316
325
326
435
899
928
975
254
260
265
266
270
490
373
425
430
436
439
548
169
631
298
704
127
136
172
180
511
1320
274
664
1537
308
309
314
400
710
328
585
668
469
263
1090
144
213
229
230
233
369
956
488
862
351
262
142
247
935
53
23
48
354
169
166
627
355
56
36
40
46
79
80
123
124
178
308
232
488
327
311
413
418
1050
836
317
554
399
780
323
330
333
342
343
343
604
372
433
464
572
582
600
605
1213
1024
1302
866
855
883
1244
1117
1192
1226
1385
444
264
268
416
350
354
253
445
848
940
829
455
1338
267
271
357
442
617
720
309
617
308
166
407
542
165
94
181
257
261
625
1132
46
52
52
58
62
190
203
328
582
830
1226
311
512
517
1064
585
351
288
292
294
297
392
455
581
347
945
579
309
170
458
352
25
264
72
692
472
353
593
352
836
482
385
447
270
273
274
356
539
636
640
303
127
250
266
254
266
267
273
280
263
272
338
696
376
355
356
469
473
453
515
528
642
643
711
195
898
361
258
367
378
832
1369
1814
853
932
487
363
244
539
343
345
348
816
824
1067
831
244
125
127
204
255
472
557
161
411
728
242
246
444
262
362
130
718
639
654
398
593
260
145
247
263
268
169
169
457
451
284
345
461
645
812
934
515
118
224
350
161
173
264
344
551
583
406
264
267
269
271
277
351
348
349
402
412
432
461
179
508
533
579
306
684
709
118
332
210
215
286
460
98
568
569
574
144
148
276
348
385
396
365
263
1469
357
368
194
336
1098
445
368
269
273
248
249
352
354
408
435
470
169
591
124
308
832
1089
1129
328
823
907
574
458
463
348
518
308
521
525
245
723
245
286
482
596
445
262
1088
401
223
122
127
128
136
160
226
258
698
438
441
191
151
262
296
441
403
447
262
263
454
643
1403
218
223
350
350
367
353
354
543
250
835
510
505
339
435
253
254
255
256
607
612
509
1163
1434
427
250
694
1269
400
170
578
416
575
584
589
818
120
346
374
363
504
285
376
790
824
580
222
254
281
251
212
339
440
347
170
131
142
182
214
282
461
534
543
723
166
412
290
298
931
1295
692
623
340
273
284
170
144
690
587
236
443
118
120
121
124
168
175
346
199
166
44
406
22
176
223
228
309
487
304
310
324
602
319
620
320
626
420
611
724
950
1025
806
1914
622
343
345
352
355
360
374
466
481
483
573
582
590
712
832
840
1082
321
238
351
354
902
47
24
44
333
352
720
636
2180
1426
86
95
102
105
111
135
144
153
206
223
231
289
307
310
329
345
358
394
400
403
407
420
457
490
495
515
558
619
720
762
764
791
895
1172
1268
1383
748
478
438
234
262
296
312
199
236
281
392
262
516
517
530
373
167
233
620
243
467
127
419
722
248
327
619
511
2430
515
308
311
420
423
739
433
168
1504
880
168
170
119
515
418
251
539
513
752
574
403
405
1045
514
328
306
442
383
643
680
1578
133
282
784
571
1260
257
1522
704
2071
90
32
256
261
817
382
243
352
266
124
216
165
94
447
413
442
562
531
2161
289
429
354
1432
289
377
380
461
468
354
432
443
163
587
167
622
691
516
364
369
387
476
498
509
571
587
610
492
538
734
653
455
253
1029
377
381
1214
507
635
1447
300
623
750
296
388
554
901
709
701
347
383
260
188
279
579
488
28
61
551
553
1085
808
412
344
456
955
304
316
319
320
631
410
455
765
134
849
106
470
147
952
257
377
510
359
364
1368
700
594
190
1208
154
1351
170
127
139
217
316
337
343
424
594
346
552
1116
285
125
160
212
579
750
463
825
308
519
943
983
1306
125
833
460
273
251
629
636
599
716
356
357
359
352
593
426
262
587
430
476
583
622
726
708
830
873
362
700
333
197
203
206
210
214
578
264
336
343
1066
820
1679
595
26
22
70
36
65
140
156
201
413
201
276
649
262
823
582
415
593
290
465
466
722
585
465
461
1223
422
245
446
330
670
457
341
679
251
252
330
416
688
124
126
128
129
146
176
183
233
235
284
321
304
475
311
352
851
616
748
1491
840
872
590
1225
250
247
245
252
151
155
156
199
205
243
261
908
262
34
85
167
172
172
411
585
714
167
217
172
446
310
308
363
206
460
595
364
370
370
371
375
389
473
487
490
491
502
520
530
532
532
534
536
540
600
619
638
655
661
683
686
700
704
753
796
849
894
1002
488
1057
1376
405
406
558
504
1834
397
521
177
181
185
232
245
296
338
408
419
423
478
206
478
875
604
711
748
414
376
379
380
388
535
594
595
596
702
748
756
785
845
904
913
638
1055
840
1108
1157
1173
481
1375
38
489
493
48
59
727
603
450
725
1220
244
23
511
308
216
337
712
197
826
833
283
773
166
572
709
225
377
383
385
990
1011
506
441
492
147
109
200
201
1082
516
1775
625
1392
666
329
352
276
284
288
452
459
472
484
486
672
543
632
365
971
1177
712
200
839
196
406
308
476
411
357
474
850
982
483
521
715
75
22
23
591
597
621
412
250
285
336
167
168
170
180
292
333
340
449
497
528
805
386
672
388
390
1351
849
308
441
302
313
332
336
347
348
349
2291
635
502
510
552
611
229
232
235
833
2624
847
1298
101
218
249
1087
266
325
3044
695
812
932
1810
2369
1750
214
350
3409
713
913
743
745
993
584
584
801
818
1124
1639
2011
1386
2650
1540
2841
926
12697
883
992
191
1122
319
1240
1250
1364
2479
173
129
134
168
175
179
215
412
649
555
1112
851
1751
511
264
197
777
217
124
336
200
412
416
352
353
842
1092
585
349
466
99
326
358
131
133
144
565
171
180
186
206
251
253
271
327
336
354
432
578
429
715
716
346
593
349
466
837
420
834
843
412
413
415
341
392
458
419
954
693
704
724
548
1920
888
404
406
994
521
571
640
709
717
1336
1420
1443
993
1659
1198
2670
2672
840
947
359
619
1311
355
592
506
264
634
336
408
129
515
129
262
309
359
426
226
170
348
166
223
549
124
1024
328
332
333
126
447
449
148
568
188
249
706
333
785
380
1051
1469
448
594
537
340
444
454
170
792
441
556
713
1802
451
453
471
1004
597
601
614
1059
1070
1077
1088
1113
1274
1287
1570
1610
645
273
452
646
721
340
342
439
582
532
335
813
825
442
560
425
561
902
766
767
673
995
455
444
345
461
816
416
1146
167
229
1264
320
252
313
466
748
709
442
451
597
763
915
1059
1350
316
703
250
333
466
1003
1044
353
363
363
499
509
515
429
595
638
844
847
1127
1274
1477
564
990
264
185
320
368
1028
359
410
947
841
550
219
707
335
212
298
352
1211
450
352
336
196
227
340
347
593
420
1213
415
420
432
434
440
443
444
1195
721
725
750
984
986
810
670
1132
240
241
1358
298
1367
396
398
401
697
732
522
819
1906
1857
1123
1227
2038
94
756
643
266
624
166
120
808
130
669
200
456
333
334
340
341
202
696
557
565
305
671
555
1143
703
167
124
160
416
490
1273
329
519
789
824
346
476
439
821
346
1075
1222
579
340
637
503
773
900
650
212
126
220
775
318
234
218
252
152
174
174
195
217
246
252
486
255
256
329
370
391
387
166
166
403
40
33
133
240
582
167
179
180
182
621
332
361
559
566
354
464
57
38
44
113
1191
126
95
791
702
587
396
413
578
348
913
387
381
1048
511
383
205
383
390
202
208
211
513
571
671
939
983
232
945
241
556
825
309
310
311
312
408
629
381
382
503
218
640
137
173
174
330
341
356
349
1159
347
441
330
185
256
351
453
261
353
537
936
697
268
269
363
447
546
419
427
518
703
999
1278
575
247
471
1196
300
125
226
353
309
166
202
208
211
223
267
272
277
312
345
422
520
530
275
165
402
1337
505
396
512
523
99
918
126
954
1087
1157
1215
167
1709
251
569
664
242
339
146
449
398
245
163
186
240
274
282
282
345
130
375
136
582
593
228
1382
95
328
281
330
283
285
375
381
486
244
585
200
202
374
415
440
701
430
823
1278
1159
1365
1271
453
540
546
1243
706
417
561
699
1127
341
147
198
201
247
404
432
780
347
671
1076
1131
841
2298
796
31
42
536
335
555
341
340
440
475
931
583
351
464
718
720
898
624
267
746
674
982
329
162
554
170
174
181
186
189
190
250
258
296
328
328
374
383
437
448
504
936
937
1639
1829
468
580
1287
1549
548
359
844
921
374
698
555
497
1127
1138
481
485
1082
1132
1360
622
2457
2521
3239
2868
1637
1438
2167
3688
805
807
814
797
1089
1493
2509
1449
1940
1062
1093
2246
1301
3145
2439
1786
1292
13261
1469
793
401
413
1358
445
568
351
416
652
668
567
567
684
585
357
280
938
956
1004
1958
2194
2428
3279
2769
2829
1065
14277
607
2181
351
352
859
554
1281
292
192
1112
377
395
518
637
672
782
1162
125
169
1427
639
1761
202
358
265
268
283
286
294
300
303
395
442
449
471
477
496
511
552
593
393
671
674
1052
519
525
1160
702
896
556
376
572
341
596
376
470
377
383
506
771
148
116
143
198
200
530
1103
249
320
119
354
457
477
352
599
165
203
328
521
551
953
648
676
770
864
889
897
993
1040
1364
295
296
389
119
686
686
303
286
521
665
441
1272
551
836
984
216
835
262
444
262
290
125
207
213
301
68
40
47
49
50
199
481
424
328
490
425
189
332
315
778
483
287
487
305
125
128
597
355
1159
480
506
613
742
838
859
698
433
437
1612
735
736
864
230
99
135
472
232
202
357
504
429
1109
328
652
771
332
975
1133
822
346
693
162
163
303
31
148
184
347
141
146
187
283
254
1094
434
436
1424
450
366
1635
375
309
174
234
332
337
44
38
44
59
95
95
126
126
130
140
586
679
805
413
341
1156
304
311
944
974
836
1194
834
303
164
78
57
310
527
592
1005
418
322
328
342
343
423
427
428
463
537
661
776
787
805
846
994
1021
487
289
386
107
107
186
190
272
227
108
116
486
200
226
228
239
445
627
640
862
1030
267
125
218
219
476
472
3181
4128
352
796
266
269
270
271
274
275
378
389
564
579
1059
1267
938
603
2050
2612
1524
940
1648
527
531
533
535
554
750
756
772
784
1033
1048
1246
1251
1544
1564
1490
1435
2013
1105
1018
1019
1516
1567
1762
1776
1032
1142
857
863
864
2821
699
3309
1115
6942
1135
1252
782
994
775
783
819
2007
1059
1063
779
1808
1298
2149
2680
3213
807
1894
713
767
870
870
871
1210
2182
1501
1275
1289
1543
2331
894
2459
919
2611
2821
1351
1582
1603
572
1074
2190
477
3591
2613
651
873
552
732
1026
2661
1522
712
717
729
4535
1292
2538
1295
1060
1636
653
1413
972
1023
1041
2677
2132
1503
3491
2610
2865
11463
1497
520
583
584
4068
636
956
2515
583
713
540
554
555
744
1012
1189
1505
1561
1587
2522
1696
733
739
742
1009
834
1808
2008
2047
2275
1349
891
1712
873
1170
1176
1498
2323
2617
2268
844
1109
1375
1504
682
1991
899
1843
707
710
1223
1234
1474
1894
47388
170
174
175
1758
249
1840
831
348
407
411
411
414
1412
253
656
80
48
52
900
334
171
254
174
698
125
219
454
839
956
597
355
475
1194
471
355
479
1085
27
64
171
372
356
407
246
252
253
321
416
489
763
823
860
1163
1249
429
842
237
239
323
216
124
141
143
145
190
235
286
293
351
384
387
411
1130
148
119
148
158
235
418
720
539
268
270
273
545
746
809
341
203
263
262
828
338
253
336
303
124
267
716
353
452
472
632
271
567
308
271
177
112
282
338
730
274
360
453
539
548
643
310
236
537
429
549
435
710
1936
218
226
352
358
360
107
170
175
224
240
311
599
349
636
433
343
587
1413
274
706
900
1246
199
278
352
835
938
443
278
286
289
292
365
370
378
369
274
461
464
472
503
506
588
594
594
745
290
881
495
620
998
1260
392
541
693
1768
301
127
172
184
108
187
368
423
642
659
664
931
897
1023
297
304
306
311
1502
504
611
635
717
733
855
350
1060
1109
435
839
866
358
448
965
1015
449
451
462
637
653
1301
748
810
1625
1003
1084
1142
301
122
155
199
221
223
301
597
1758
786
867
2226
1747
1907
267
484
489
2270
281
684
264
790
353
2995
1096
932
3479
623
262
359
730
534
659
661
662
665
666
669
761
765
773
773
780
781
783
868
871
906
870
876
1055
981
992
1013
953
963
970
994
1243
1246
1195
8057
1353
1393
1467
458
484
587
602
662
1203
2626
147
107
107
114
120
131
133
151
152
173
218
273
281
291
310
327
372
404
404
454
507
298
282
473
342
255
256
350
422
965
887
1150
350
824
793
1034
1101
614
746
291
411
412
920
2357
337
338
338
450
552
671
3474
95
94
3500
1286
887
8457
261
448
1608
263
226
273
160
443
448
198
464
654
431
329
441
330
553
787
825
888
345
556
584
625
921
2562
1284
535
544
545
665
671
373
485
615
994
1274
985
1649
337
328
555
286
330
337
443
447
383
335
1245
474
288
482
1393
332
408
689
813
106
110
134
165
183
245
256
263
280
409
417
455
465
762
574
170
129
288
1343
375
1453
202
746
879
1650
670
329
262
354
454
458
1087
369
474
476
483
489
719
745
965
1103
1617
511
264
232
430
608
474
352
354
848
184
196
232
305
506
187
188
508
637
687
471
196
775
165
170
223
275
335
350
714
253
259
280
951
299
313
377
407
189
491
503
540
549
588
204
805
919
423
376
383
387
390
399
527
532
888
898
913
963
187
1758
232
286
940
407
288
784
328
685
335
251
439
674
747
448
899
607
249
354
430
439
445
100
604
444
443
453
455
562
345
446
450
800
748
357
362
364
255
583
707
250
841
961
603
552
474
556
472
596
610
351
434
527
617
565
610
870
585
446
680
684
282
149
281
888
420
693
266
695
343
459
450
689
592
689
936
286
1346
352
894
263
808
345
471
228
175
233
973
1041
1085
1092
263
262
264
270
273
354
450
841
385
1282
499
702
690
942
514
167
422
428
433
230
217
458
465
171
219
342
342
348
349
375
475
510
846
601
457
627
646
730
743
845
272
273
278
289
493
324
1075
619
1173
194
1305
300
1818
1199
355
364
1180
222
476
112
146
606
1087
627
263
375
514
333
408
860
328
730
344
170
284
517
343
514
839
359
369
373
384
387
484
510
510
743
753
446
853
857
1159
455
1449
1713
186
365
716
351
1046
432
256
274
278
283
361
367
465
524
537
652
731
746
503
350
554
29
136
2025
215
129
133
173
185
203
221
252
257
281
314
963
534
411
790
157
194
201
238
265
268
271
374
479
484
437
1086
437
478
210
270
272
277
281
888
630
385
271
131
779
781
778
224
695
174
177
182
187
194
200
204
205
207
255
288
298
313
351
418
602
639
1093
698
376
772
341
781
351
618
140
146
1002
183
98
168
642
345
259
436
1333
789
471
329
444
559
938
287
488
481
74
55
68
120
152
392
504
248
380
192
367
838
754
436
250
782
330
441
716
455
265
269
563
573
671
806
1160
349
449
465
1168
2976
1207
5621
673
898
895
168
616
448
907
519
28
28
95
94
128
250
585
318
583
467
161
96
264
67
29
37
217
448
591
732
549
931
213
218
227
237
274
276
280
297
305
327
354
430
345
346
535
555
471
463
798
485
196
668
557
441
573
785
797
158
900
330
131
124
698
480
283
284
285
394
490
704
796
883
1134
1250
1562
264
273
366
446
478
541
651
817
842
1043
445
769
913
1065
1790
538
412
446
269
346
368
373
364
453
355
540
551
715
735
857
899
943
1376
443
453
461
476
607
750
755
771
801
802
808
910
929
937
1047
1259
1391
670
336
556
560
563
353
834
537
353
458
1046
113
234
216
128
389
330
1079
906
2164
367
464
580
328
599
723
456
812
28
68
553
331
338
340
564
791
1385
263
262
267
412
197
352
95
732
445
669
557
345
259
460
607
457
447
95
354
104
133
280
558
440
281
627
673
285
345
481
451
359
361
362
363
374
378
403
407
455
469
483
511
513
519
539
541
545
615
617
621
634
647
678
685
710
951
727
781
812
835
878
899
934
976
1169
1325
1341
1538
254
234
111
113
249
442
270
279
377
446
452
553
564
574
921
151
120
460
974
354
824
423
423
627
701
1297
985
1006
375
251
282
335
1038
519
453
454
459
612
620
623
250
753
763
595
909
1047
1077
1084
353
3013
838
784
4954
112
4198
973
259
265
273
251
255
372
431
463
528
744
352
973
969
1158
302
127
395
778
332
564
667
592
331
428
873
551
330
781
349
452
527
330
631
920
72
1262
58
425
252
253
257
260
739
603
433
704
414
439
353
779
477
489
619
1098
1104
718
463
1240
262
270
272
274
960
545
741
796
916
727
595
339
1345
341
468
539
582
315
184
251
591
935
540
355
358
363
364
719
130
99
103
165
182
819
475
308
642
457
430
436
438
614
518
627
736
752
316
436
906
945
537
540
635
1406
351
461
505
1215
666
800
1036
1226
273
129
129
175
154
562
526
794
357
290
291
309
310
311
332
402
408
438
641
505
792
527
590
613
619
651
743
749
903
52
31
32
33
98
1046
1304
158
423
356
597
959
836
473
860
1215
472
194
87
157
82
644
1364
346
280
281
332
328
329
335
337
458
462
194
564
117
234
812
382
1127
183
299
257
404
215
569
40
71
144
106
713
450
304
304
726
263
256
357
445
557
260
530
512
330
456
798
304
311
681
527
733
1050
1120
968
474
32
29
53
132
386
333
598
310
591
171
312
315
446
1282
666
445
781
747
442
475
360
341
482
145
148
48
30
474
595
442
1349
1375
941
347
560
329
55
66
80
271
292
531
350
319
587
586
281
280
296
187
265
315
573
581
669
107
150
351
343
147
295
72
28
488
746
445
446
146
746
152
225
929
1037
600
424
947
142
144
151
202
269
296
197
387
513
187
547
582
747
354
366
442
445
951
953
988
932
1222
1265
1470
1412
1427
349
892
143
742
970
654
595
1206
352
356
474
463
346
142
191
142
144
201
204
298
440
460
514
230
94
311
418
831
578
148
161
167
198
240
268
748
302
305
326
355
370
402
446
514
807
1417
425
316
425
346
347
352
356
359
364
384
386
388
389
393
399
412
413
414
415
431
433
453
482
488
514
531
540
575
588
612
619
627
638
650
662
672
771
783
800
819
844
849
872
887
910
936
936
940
949
1070
1074
1100
1109
1195
1211
1289
1315
1342
1343
528
1411
1516
1584
1642
1645
648
2061
2072
855
2229
2316
322
2399
901
100
1590
1458
466
251
782
450
239
850
404
421
575
866
357
348
445
646
319
324
541
821
1334
465
467
327
868
330
442
331
342
344
459
544
573
771
793
873
890
939
1014
347
477
990
1062
514
48
49
66
78
1405
745
640
241
250
333
323
417
418
427
489
476
280
282
533
424
304
262
150
380
136
201
210
365
100
102
106
116
133
151
159
471
358
219
409
318
874
370
428
526
526
1305
1047
517
1504
616
463
707
349
351
370
375
384
387
388
454
467
486
506
510
606
632
638
708
352
971
1007
1216
1212
1222
32
46
351
265
445
23
42
85
109
440
869
330
338
317
574
781
797
582
1017
827
664
555
389
98
362
312
396
244
147
151
199
73
355
104
295
414
381
721
346
461
346
347
354
470
1028
426
1451
1072
322
424
142
525
531
106
408
729
304
403
486
689
343
619
112
580
701
806
320
544
758
504
1085
835
921
113
448
117
117
151
901
315
361
731
669
285
439
377
388
683
1226
152
124
139
142
148
158
165
201
265
287
345
388
503
506
512
551
590
575
459
374
555
583
477
446
505
325
363
779
886
1280
1273
1113
614
350
583
308
737
107
304
95
132
138
144
189
202
246
824
438
350
465
587
343
345
346
457
239
94
145
108
424
578
321
537
341
224
107
112
112
745
893
593
352
216
261
407
320
325
410
411
420
433
434
135
175
228
624
349
380
813
342
1511
608
707
304
838
231
381
1808
311
312
314
411
375
292
379
503
508
313
580
697
456
266
267
1076
357
456
459
833
704
469
1072
165
167
220
537
167
174
550
28
40
731
967
1638
352
643
192
864
284
477
341
1458
164
169
219
219
124
406
453
345
344
1060
722
625
188
730
111
111
186
371
430
110
108
405
421
430
837
835
205
162
214
267
323
348
345
213
281
311
475
42
31
452
214
218
396
166
121
164
203
30
43
116
577
922
443
447
630
352
960
281
346
354
572
468
802
884
627
1074
627
96
22
27
481
351
360
366
375
385
385
389
394
412
419
424
425
486
499
505
511
519
534
539
599
617
624
634
640
643
650
662
674
773
790
866
871
962
445
621
619
306
621
262
473
266
280
282
284
489
672
69
27
30
43
308
411
314
409
517
340
307
410
689
105
108
147
206
273
726
265
270
271
272
369
442
555
566
643
757
810
200
114
691
807
342
178
185
231
293
300
421
493
792
284
176
225
231
296
598
170
307
228
166
1060
449
1313
555
262
341
176
255
935
187
109
185
421
129
124
636
378
1168
383
357
264
137
128
149
151
152
229
191
195
257
538
294
339
349
355
461
661
239
294
634
729
124
129
175
260
272
374
262
266
283
516
375
117
511
118
311
377
232
136
136
170
179
220
417
879
426
765
196
763
436
23
41
444
268
536
230
316
181
243
243
286
295
298
461
524
427
386
578
189
261
829
832
745
688
378
628
1271
304
483
212
637
637
659
289
295
418
60
798
45
518
540
126
190
603
682
691
319
1315
434
870
1061
1187
305
404
419
257
1044
1588
830
774
2479
690
698
704
250
260
263
283
289
291
830
301
307
1165
1202
449
999
484
490
494
1123
643
683
778
786
809
822
894
1566
1315
1508
208
270
146
147
338
344
1042
288
376
330
280
223
918
146
42
379
110
236
259
145
412
577
448
456
459
345
350
350
371
714
608
610
643
766
1000
1039
1064
892
1091
1198
1243
1449
1464
1423
1615
306
1518
1710
1774
1724
258
261
393
398
1888
2093
768
585
310
517
859
1551
224
231
237
347
423
466
270
210
95
293
475
693
262
263
339
250
281
126
477
230
619
266
312
483
320
321
323
329
330
535
545
263
171
1150
344
1336
198
226
1424
28
34
62
141
204
220
234
570
557
30
43
573
439
565
670
919
310
167
600
557
201
381
440
601
444
351
319
238
538
445
510
304
328
635
328
720
941
667
419
695
128
40
45
182
379
287
169
170
174
228
511
34
32
621
343
472
587
700
807
427
196
196
319
422
320
238
289
536
339
578
763
332
336
453
557
1019
353
577
264
440
228
485
818
727
389
840
964
631
1056
1063
169
468
165
168
173
198
298
269
278
252
474
255
555
274
277
552
1263
474
286
290
295
404
485
487
490
504
695
965
797
329
861
284
1585
440
230
654
165
119
126
130
164
301
322
332
416
490
213
479
472
354
360
480
601
952
131
134
175
125
124
222
316
141
309
235
177
1560
292
340
341
304
580
732
263
423
304
250
217
206
206
816
631
225
173
177
353
362
534
117
120
170
209
434
522
334
263
166
535
576
329
1078
514
518
522
641
672
1286
1203
1473
1551
630
1190
1224
1400
2510
1617
513
460
132
479
356
338
8507
929
344
226
196
621
667
271
284
498
721
774
669
384
388
328
453
146
245
522
646
424
838
315
353
341
206
234
284
327
351
359
376
433
465
472
476
545
578
593
632
122
510
121
255
263
340
597
693
548
937
457
307
193
143
155
161
199
217
341
325
317
470
589
893
942
730
434
442
450
452
790
555
566
575
1292
680
692
1519
1354
706
247
202
346
476
589
594
821
831
922
353
358
359
129
476
604
88
32
270
982
1378
1398
1086
516
516
432
173
258
346
161
481
491
557
283
332
479
175
869
454
407
339
474
454
858
751
1041
1100
307
853
1766
2736
790
261
263
719
167
610
511
258
262
267
279
280
290
355
359
372
444
568
597
695
873
862
6418
1059
2373
580
1100
692
791
446
1463
1110
834
598
315
803
534
548
343
347
356
359
475
250
590
971
717
150
377
1063
1189
1213
443
1685
603
321
432
667
328
193
142
143
281
867
143
142
386
387
649
653
793
911
929
243
293
308
406
341
457
459
304
257
1282
667
810
297
1225
440
342
576
513
891
385
555
1253
481
443
359
783
792
340
719
633
639
805
705
710
723
994
810
829
1078
1167
1169
689
822
577
340
598
694
705
30
38
39
51
59
672
334
559
889
162
126
139
144
210
232
238
335
473
561
627
1585
1265
803
463
387
580
947
344
693
943
576
668
462
462
332
562
933
194
344
455
344
345
265
690
196
385
383
669
456
442
358
372
465
515
638
642
693
697
705
715
374
896
899
310
215
1081
1103
1260
1498
869
145
717
248
255
514
362
359
372
487
615
726
836
1109
917
416
204
212
212
283
565
715
224
634
514
608
256
552
653
335
905
804
560
432
666
904
2697
605
798
800
705
244
246
203
603
607
2239
353
341
347
459
353
846
1195
905
775
304
308
618
577
265
266
691
586
247
694
343
344
383
572
580
388
393
395
511
914
415
500
343
224
441
262
263
282
433
174
175
180
189
190
192
263
269
273
279
351
376
379
388
382
384
538
588
597
677
693
1135
931
342
364
454
473
489
578
607
604
978
1193
1341
1359
1168
815
128
265
303
902
516
312
316
325
329
419
431
433
275
515
530
754
263
265
977
1279
344
635
455
444
123
328
330
174
576
490
Tue May  3 18:57:38 EDT 2016
