Waf: Entering directory `/nethome/dkochar3/project/reproduce-red/build'
Waf: Leaving directory `/nethome/dkochar3/project/reproduce-red/build'
Build commands will be stored in build/compile_commands.json
'build' finished successfully (5.022s)
Load generated: 83337.7 bps
Number of response times recorded: 2527
95
161
424
468
316
320
304
304
763
219
425
206
169
708
239
257
443
233
233
234
239
710
527
850
999
816
387
566
501
1057
569
170
242
332
439
700
254
417
445
577
498
810
549
551
290
292
452
381
389
454
266
478
616
546
519
563
572
148
197
111
113
117
195
316
547
929
398
623
342
623
711
1273
383
225
350
433
1340
746
1249
547
558
559
668
379
661
418
671
912
601
559
534
1382
479
1972
750
813
693
696
1350
476
455
456
976
983
388
720
369
504
1131
576
718
728
1233
842
698
1420
365
734
483
630
683
672
791
819
819
893
2050
607
560
1247
336
1379
1161
205
141
149
1628
1641
389
496
268
1759
497
807
418
1870
145
164
164
263
221
2009
252
270
368
327
663
501
252
527
575
394
368
143
821
233
287
511
513
288
264
297
389
391
447
184
185
534
298
97
1696
679
434
1515
511
683
627
501
996
745
161
172
174
189
899
281
913
232
326
447
985
378
367
484
505
557
759
1340
808
826
894
1655
778
601
515
466
237
346
357
178
331
993
615
239
849
595
518
755
358
963
973
194
275
430
136
138
154
160
169
201
207
1244
226
257
285
328
380
346
389
443
458
393
630
645
654
818
1202
1119
1319
1481
1089
1694
928
83
2176
573
1544
346
2746
412
902
205
166
174
418
284
274
1063
663
286
345
352
354
357
176
184
462
186
480
159
513
309
312
164
721
260
292
582
343
560
1143
1232
261
1457
1049
758
216
562
350
376
128
131
167
1183
222
274
600
349
536
482
866
1182
234
316
131
133
138
70
28
437
733
605
1070
597
328
205
421
643
420
316
319
427
958
200
465
113
154
591
704
268
533
407
316
432
658
304
1225
312
313
407
619
742
166
408
125
124
128
128
134
169
217
407
53
46
49
66
69
77
86
88
122
155
158
162
171
191
197
252
253
269
283
197
199
202
264
277
342
417
311
414
583
526
704
599
471
598
183
116
146
271
1944
226
403
383
387
393
394
174
177
178
233
311
379
661
907
916
904
1167
144
257
117
149
189
712
569
782
782
2940
442
216
125
616
304
4959
442
264
624
1042
465
445
469
607
628
640
765
834
1061
351
446
113
112
319
343
59
401
123
336
166
166
170
524
401
316
570
66
29
939
170
167
474
573
568
315
326
425
606
783
832
1172
1244
642
777
305
321
322
327
462
340
344
345
346
419
420
518
538
543
352
731
788
900
672
393
1058
1078
223
130
28
44
46
54
58
100
407
197
298
612
475
266
716
272
273
280
286
287
296
358
367
372
374
376
671
468
565
627
636
760
343
410
346
407
256
805
145
106
423
646
814
341
377
347
352
586
764
772
1187
575
343
344
467
143
251
1202
491
284
285
289
378
483
262
267
114
112
378
154
184
185
192
195
200
215
259
286
332
87
362
377
39
42
444
506
545
569
631
820
355
476
274
275
358
453
456
821
590
286
836
285
316
781
424
320
50
27
28
252
409
306
321
535
249
187
876
545
137
58
638
735
130
229
1434
676
281
283
1893
385
730
739
747
779
1544
238
2397
345
349
402
419
497
510
210
214
218
688
2721
359
493
3128
3382
3383
3426
3486
220
3622
4232
489
320
544
733
459
321
352
1313
691
693
562
1538
311
321
563
608
12359
286
308
273
134
180
239
484
547
597
360
473
475
496
512
617
617
321
745
755
982
1135
352
545
1219
588
410
305
306
310
314
316
317
326
425
629
346
956
982
987
262
304
307
617
447
518
524
582
353
362
587
603
537
827
265
269
539
635
858
1426
356
539
305
311
827
865
883
899
946
320
753
853
116
895
39
44
93
95
108
112
354
367
606
612
613
834
1084
445
335
193
166
318
230
444
458
1193
982
824
347
361
363
363
484
488
347
607
835
942
1098
587
632
358
241
246
324
609
206
1153
870
201
206
976
125
125
490
246
264
265
320
322
338
414
416
631
653
919
922
933
1113
821
346
346
160
164
762
239
850
1069
587
586
352
555
478
357
361
362
364
367
381
463
470
472
478
497
570
747
1113
824
866
1189
1110
1347
123
124
126
127
134
136
145
149
150
187
239
385
253
336
339
350
357
376
276
1427
505
888
379
388
405
408
412
522
666
685
689
772
801
909
1104
1158
1182
1197
532
316
728
269
273
279
358
468
534
543
661
833
351
355
725
310
312
635
734
849
1887
317
532
542
561
656
875
125
173
308
321
498
512
664
1699
317
239
239
991
316
1114
1027
215
124
3643
3935
309
323
332
338
409
419
436
758
926
970
1377
646
2102
542
1215
686
1305
970
597
803
806
816
9610
937
313
305
821
358
724
361
373
373
374
379
380
382
395
476
52
44
592
602
607
626
638
657
691
764
879
896
985
1114
351
355
356
359
366
367
368
371
373
602
725
849
895
968
999
1238
622
457
513
340
575
351
597
845
836
1065
1073
371
487
594
625
733
743
748
854
1396
1437
54
41
264
533
628
68
41
274
351
413
329
668
449
536
52
320
331
417
184
532
349
364
426
457
469
484
868
548
574
580
584
597
609
673
757
782
833
457
1237
1411
29
344
576
241
412
486
573
342
1623
184
506
263
328
262
246
268
426
677
719
244
249
250
251
806
347
705
936
244
330
857
220
164
239
441
319
329
373
572
207
250
13139
341
813
332
160
163
567
418
486
201
841
552
328
668
185
190
250
317
653
332
670
813
905
987
1114
1138
377
247
252
255
58
47
49
91
769
159
164
332
640
318
319
539
410
314
410
630
646
944
1313
409
166
169
228
304
183
185
456
1172
314
452
223
169
405
188
186
250
575
166
166
446
288
290
558
558
1923
445
670
1379
473
166
577
185
346
204
272
547
656
160
160
517
409
160
164
165
282
168
287
688
458
283
170
170
344
271
456
315
347
188
592
1045
1178
442
380
246
248
514
309
616
376
312
408
304
143
142
552
315
249
388
452
897
556
553
107
111
317
343
126
98
167
273
203
205
110
110
230
186
463
185
586
129
107
108
137
152
194
214
424
813
1049
272
207
352
414
167
174
175
179
204
224
227
249
271
340
357
360
380
446
616
636
954
1263
94
254
273
346
346
350
466
709
203
165
582
591
272
202
211
213
275
354
284
222
195
147
150
162
197
199
234
280
311
370
571
694
703
804
832
605
147
148
192
346
479
274
273
271
221
288
295
298
350
424
433
559
297
530
284
169
172
469
711
820
262
287
288
289
290
295
295
472
499
502
548
571
627
636
652
657
674
46
66
937
465
629
454
713
442
1041
1053
450
262
208
175
572
339
204
254
401
469
246
150
154
156
157
161
269
302
369
406
445
351
155
121
122
123
206
241
325
278
213
360
426
432
488
493
346
351
206
279
159
625
715
594
717
725
449
1060
352
470
596
355
194
272
842
435
112
840
352
831
352
2304
353
353
355
474
720
256
257
258
350
354
234
234
444
350
411
407
729
732
471
240
268
276
485
287
520
694
719
617
517
446
449
533
622
305
196
535
401
261
197
522
513
305
196
196
263
266
635
723
304
263
203
209
215
216
225
301
373
419
454
471
568
604
811
951
3372
196
334
199
196
207
212
266
296
347
384
408
520
631
841
196
539
12919
1322
432
438
442
446
446
617
840
435
435
816
1054
1173
648
566
273
370
463
547
1186
332
316
317
321
323
337
341
406
430
436
437
558
568
628
726
735
855
887
977
1489
404
196
197
633
263
262
677
477
579
337
551
463
624
263
885
785
304
305
307
516
451
269
270
534
436
520
626
354
263
539
356
194
113
263
837
973
625
262
351
536
631
697
697
256
234
343
202
233
347
350
787
198
152
623
318
512
522
535
738
618
608
169
127
172
222
391
112
193
197
838
414
699
704
308
553
617
413
419
424
425
564
568
702
1270
233
125
271
264
335
358
360
433
485
304
407
421
521
951
1414
256
432
821
448
191
239
284
343
170
227
978
473
66
415
430
436
33
42
356
556
567
572
575
990
1401
1431
196
483
623
303
1185
52
51
75
554
411
305
304
306
307
321
330
337
434
452
534
565
630
859
904
980
1095
1264
167
234
290
1125
413
832
418
837
412
556
711
715
841
1293
1829
696
427
581
717
728
840
850
1141
1547
414
303
847
1324
411
413
1120
379
196
326
376
452
458
248
186
247
321
515
184
445
254
188
445
312
184
553
415
418
421
558
835
843
1410
318
184
190
248
252
312
378
899
443
443
595
753
1050
1686
511
257
347
430
611
1124
251
248
508
474
715
89
82
376
315
58
33
597
346
352
430
594
1377
429
252
256
347
430
612
118
28
112
247
195
264
390
448
835
1409
40
28
681
426
335
347
790
793
828
512
303
305
512
414
518
846
337
510
250
252
957
597
259
260
609
936
1107
44
39
338
435
778
251
599
29
126
132
160
170
174
197
199
205
219
221
224
237
241
245
252
255
258
267
269
275
275
276
304
314
362
379
391
401
403
405
432
438
451
466
479
496
507
549
598
622
642
698
705
740
788
867
892
902
992
1014
1036
1045
1133
1144
1162
1195
1231
1234
1319
1477
1543
1549
1664
3096
3100
514
621
726
409
1142
723
512
304
685
429
251
249
251
977
422
572
575
840
850
858
974
338
339
516
510
353
262
263
442
443
263
276
278
379
447
474
558
814
924
352
535
629
730
263
267
454
455
714
729
262
617
1334
336
263
335
729
318
327
330
415
423
515
554
558
728
737
874
1262
623
252
253
683
1219
620
304
304
515
518
686
599
352
533
1173
262
264
618
407
410
1046
956
722
305
518
305
515
732
303
307
514
262
830
355
270
278
284
356
367
372
462
834
901
1030
308
844
260
213
134
227
309
305
311
317
525
540
639
724
733
433
257
262
347
440
261
446
539
262
449
264
270
356
544
725
262
622
475
352
356
366
375
476
499
624
733
1020
1206
1238
308
304
305
518
351
263
305
308
315
521
1034
1070
262
272
372
457
632
636
734
305
305
832
714
721
1094
716
475
727
1081
837
474
476
723
306
409
724
263
269
631
726
355
267
273
277
282
287
364
371
540
556
718
757
942
624
824
713
358
359
476
486
597
721
592
352
473
964
352
355
603
716
353
952
262
352
362
630
353
445
355
838
1767
958
595
1355
353
362
632
724
839
262
446
441
470
262
355
488
611
864
973
1095
263
444
471
476
534
359
361
990
360
364
482
484
572
202
1441
346
766
803
1315
458
577
818
1064
340
454
471
1348
592
474
719
447
453
533
547
570
276
287
294
360
518
574
848
341
341
344
348
579
593
698
879
208
210
211
413
193
144
343
344
206
202
242
142
143
249
142
350
627
335
468
199
342
348
477
467
198
199
268
621
407
143
451
827
353
352
473
351
352
446
355
142
143
193
731
826
265
263
727
285
289
330
365
368
377
393
396
397
467
409
415
421
422
425
427
453
463
470
483
486
492
504
549
556
558
571
580
605
615
625
631
636
661
667
672
705
707
715
728
750
771
784
805
822
899
510
513
960
965
975
1047
1058
1072
1190
1219
1225
1280
1289
1465
1562
1827
1537
2044
2154
2406
2496
2745
2748
445
535
537
356
539
1307
176
131
131
133
139
140
156
168
171
173
237
260
332
342
359
371
380
387
466
491
715
353
333
200
264
269
196
597
598
331
196
339
349
1040
331
200
202
342
197
196
197
204
205
216
218
273
275
355
406
414
646
929
343
460
585
690
613
264
692
345
1318
353
354
355
809
346
580
921
474
353
359
472
460
345
203
1071
710
443
354
628
434
524
263
266
268
269
288
365
447
477
484
510
632
692
759
765
821
1432
256
453
523
628
1142
317
414
422
435
524
549
550
621
448
868
286
297
364
365
1161
649
674
720
752
578
343
349
358
723
456
601
602
608
314
315
712
737
815
444
530
565
1392
1421
1651
308
473
624
724
831
1142
1169
1334
804
341
580
719
304
524
725
256
434
476
280
573
712
255
691
517
411
729
1178
692
668
280
Tue May  3 18:42:23 EDT 2016
