Waf: Entering directory `/nethome/gsrinagesh3/ns-allinone-3.24.1/ns-3.24.1/build'
[ 821/1698] Compiling scratch/basic.cc
[1687/1698] Linking build/scratch/basic
Waf: Leaving directory `/nethome/gsrinagesh3/ns-allinone-3.24.1/ns-3.24.1/build'
Build commands will be stored in build/compile_commands.json
'build' finished successfully (9.121s)
Load generated: 721606 bps
Number of response times recorded: 16884
32
29
37
218
111
119
128
316
133
281
277
283
283
230
304
431
384
373
463
424
383
433
345
246
174
532
519
297
334
355
271
484
253
396
295
497
348
423
429
365
443
453
389
557
754
746
565
483
555
351
481
544
583
420
466
488
382
301
529
621
481
1111
671
902
565
730
372
414
1225
585
489
633
884
621
710
755
733
737
309
394
402
1255
917
490
548
669
670
622
693
589
990
622
448
837
462
473
482
864
636
1008
820
1753
536
2372
939
856
483
1909
680
1857
803
939
635
493
626
1267
2094
2129
551
976
695
2340
1541
681
744
2574
576
587
588
253
378
2245
600
959
619
1997
578
2756
855
705
1844
2473
945
1969
813
771
758
798
2515
2095
800
1887
700
2635
2410
2446
2172
793
698
2617
2205
364
950
2588
2027
1962
2339
1970
1760
1098
2737
1821
2182
691
1110
1830
1188
2358
844
2301
1093
590
2134
845
2533
2958
546
475
1985
3189
727
1201
2464
2470
2057
512
663
2502
1737
773
1299
2021
1727
2470
569
2482
975
2786
446
2626
784
530
2327
970
598
764
1907
1176
719
628
464
487
3654
3816
3712
564
596
3567
535
3630
415
537
3115
416
595
426
689
632
536
2690
446
412
3631
690
2940
2241
2248
3216
3429
598
1972
3982
1919
1291
2609
3519
1955
2849
428
920
4548
2553
3675
2695
719
4632
3573
2266
1049
830
3649
4251
907
4070
509
1787
3484
2515
4982
443
4329
2584
610
4929
587
1901
2269
517
488
634
1656
3882
482
651
2612
371
4037
659
3576
594
395
5172
3482
5311
562
567
3611
510
5353
5394
4081
836
3798
385
592
3152
1825
3818
579
3634
512
595
4181
5092
4420
2430
2193
3057
3081
5658
5273
2688
5722
785
4741
2475
6571
2117
4866
761
2241
1783
2608
3693
2867
4576
3621
3629
3692
3591
492
1719
2360
490
5941
1635
5602
1772
2352
3754
589
1625
3538
1618
1907
4971
951
637
522
3484
442
2568
902
1863
1405
4098
1497
3495
3452
678
680
847
3991
460
3460
5558
5703
3520
1828
2003
4007
6828
5504
742
5304
5611
1971
455
456
457
6721
659
641
5675
4837
588
4353
3460
2458
5401
3423
5608
3469
2585
2877
2041
3574
3691
3001
735
3596
2522
2883
3852
7929
4211
5690
7903
1128
5420
710
3940
940
923
6197
5078
5280
939
751
2056
3996
5660
7761
533
7364
6233
5557
735
6411
1698
3782
5986
8020
5546
720
2922
6195
5734
4255
3590
6650
4781
5362
6159
3650
6674
1786
2719
5837
7629
1761
5581
8091
6269
5833
5940
8025
3454
3579
5958
610
5051
5061
6615
1792
2834
2635
5664
6078
2137
3985
4016
7799
7939
4092
5285
4059
3844
3511
539
6074
3702
3671
1905
2770
2738
5107
6589
6699
5181
4077
6684
6933
5358
2937
2657
8559
5852
2396
5870
7045
3702
9000
4246
4539
6097
2028
9242
5147
5722
4287
6657
2638
592
6728
3876
4957
743
7170
9003
7481
6777
5237
10109
3214
1567
3407
6567
3673
5520
5560
5054
8037
3834
9712
3499
3500
3512
6620
6902
8012
667
2371
2143
7731
7895
9566
3653
3962
3694
6108
8808
7998
5186
8583
2505
7914
6834
5659
533
7994
5619
787
5047
3786
2893
4017
3928
4018
5642
1539
716
547
3684
2978
2637
5881
7844
5468
6328
8445
6155
5550
1865
5873
663
7061
4056
3906
3718
5767
4678
10989
5526
900
5949
7827
9676
2693
8073
6319
3847
5481
4013
4249
3071
534
4863
6092
3714
11017
1690
3534
5803
11725
5747
4803
720
3596
3596
5168
8529
9442
3759
11803
3840
5146
3784
3528
8700
6454
6919
8508
3693
10622
3628
3683
8577
5576
5419
11725
6752
3961
3675
10899
8207
9262
7744
5194
4856
5755
7047
10090
3933
4592
7880
9895
10848
6068
3716
10019
5787
10644
5542
3481
4032
3483
5670
3706
6068
8096
6658
7301
10925
8917
8132
2714
4553
11690
7969
5336
6699
5939
465
468
10076
7990
6519
10349
9118
7863
7581
7179
2882
12940
5730
6744
2866
6924
3536
11782
5077
12534
7034
12191
9632
5057
12597
10062
10372
6558
3584
9755
9539
10397
12091
4029
5537
12660
3776
5248
13987
9567
5184
8750
5503
7157
9119
9743
5221
12308
10164
7391
776
6972
683
9117
9757
7513
6215
12893
13722
5723
8056
9817
11323
7781
5934
14278
9644
7792
12157
8572
7816
3587
11970
5807
6524
10666
3640
9196
6836
9944
13242
11090
7246
9581
14631
3676
11244
5807
12405
8773
9602
8070
3716
3821
12631
9815
9824
776
7461
8595
6726
11715
6485
8135
9445
9953
3981
5220
5745
8843
12345
3736
14501
14416
8951
10824
10953
3795
4617
9660
7385
10035
7427
3685
6467
4448
6854
12013
9129
8022
5653
9667
12736
14605
9808
14484
10161
6840
4577
11898
8660
3709
12967
11758
12913
11398
7907
13033
13057
15301
7854
15588
11439
6017
14614
754
4165
9880
9751
9648
2284
11749
8805
8733
9882
8333
8571
12731
5707
9724
13825
5459
14984
14621
3491
16165
10307
8498
10954
13073
6211
14661
10920
13916
11697
8813
7710
6047
786
14690
10406
11589
8690
16988
5925
8533
14286
14054
13215
3663
3765
16368
4062
9957
12808
15572
5198
11495
5552
6749
593
8372
11445
12962
537
14527
4783
5794
15662
15127
3815
5874
4898
7825
5758
10733
7775
6844
11499
8276
7707
5412
16223
9951
3618
15249
4650
15456
10159
9755
10708
5309
9935
6790
9936
9756
11710
12489
8325
17669
13215
9597
12829
8334
10166
12803
14777
10521
13921
12533
9626
9812
14448
4999
4145
12701
16035
3813
6808
13103
13774
8865
9823
14979
16237
755
3652
12888
11563
4265
11666
13020
8282
13468
10589
9052
4111
10531
12846
2198
2763
8848
12722
1890
12517
16300
15864
18784
640
9289
11627
11198
17444
15087
9794
11529
11224
19504
9853
2069
10271
16448
19418
3718
9596
15801
11014
5297
14100
17753
10956
10133
3912
11171
4185
15329
6213
13213
17362
14778
13141
19250
5939
9105
13546
12579
11515
606
19015
8123
15166
14689
7601
14731
13526
3788
19288
11650
16469
13411
6779
14604
6110
9033
5879
9776
10845
20069
11405
16360
12866
2605
3807
12603
13151
12219
2849
11036
2283
7205
2264
10801
14805
16372
13049
5650
8766
14302
15677
7398
11896
14549
18435
17071
6428
12626
5031
13785
17572
9847
13863
13923
9834
18884
14714
13809
12830
18479
17417
8703
10990
12567
8503
14303
7423
14658
12006
5717
8860
4769
6794
13786
13409
12720
3722
9562
9576
15870
6004
17967
16286
14505
1314
777
17389
13653
12861
15628
8573
10868
15525
14795
17469
8618
20050
14847
6657
2468
17294
8573
16784
2829
17570
3682
18515
13249
767
20885
11451
5731
22690
20820
22452
16017
18675
3720
9921
5852
5857
5859
674
15520
680
9779
8596
14813
11889
9769
10159
20369
20221
7527
15845
22453
21042
13431
18763
15543
13064
21500
3674
8676
22876
20118
21876
14877
2865
12776
9922
11414
1527
12665
18491
6769
5655
11501
10920
8858
20462
21216
17445
10079
2612
21255
10674
6671
13217
13221
8354
20820
20859
17583
7020
9970
15576
18862
3831
22332
11464
18851
16513
12840
7087
23178
22509
21729
10855
4108
10831
18764
5652
23411
17066
18413
6123
3734
21288
22133
4349
21749
18550
18624
3628
4184
17387
11586
23010
20001
20859
11711
9352
13853
18118
18173
925
12761
18165
21643
20375
14709
22795
4159
8855
14636
13354
14752
25888
26102
23401
24004
3926
20812
19008
13590
18140
20739
9918
1440
3756
18350
14618
5665
12604
13139
12424
5872
14839
6443
19090
21451
23750
24813
7195
10010
2480
19613
9055
6648
1902
6115
21123
13607
12909
18090
16745
26270
14035
21734
9749
14066
4724
8096
21500
21756
13142
20224
10863
12387
14330
10210
8404
17193
5606
880
22391
13767
6301
6306
19384
21659
23424
19349
22256
12823
6868
6870
24588
11610
9851
22788
10421
12891
5182
22447
22624
23442
23558
10873
15570
721
6579
22938
26109
20352
8300
19532
10054
24956
23379
26047
7081
25465
21516
9698
21328
13590
13621
19189
21605
7332
8547
6882
8155
10023
17815
17384
8820
3950
22595
20100
8214
12311
23594
9819
15122
27068
2939
16628
21345
804
7232
20165
16178
26238
18029
11067
1197
22747
13199
23680
25155
8899
23403
2875
6102
20996
17123
20516
21449
17344
20307
4262
10668
11432
20118
13534
25919
18082
27155
8242
3583
8647
19023
2709
21477
24889
20676
16059
14661
28510
17159
11878
12975
5802
24406
21210
4115
13741
16533
24962
21711
3870
9879
23547
17043
25630
27478
21879
22984
25507
4009
30267
5712
22321
18782
27856
27224
16607
12044
9404
30856
21661
5714
6787
6790
30766
14232
22177
17613
11661
8890
10313
27786
6903
13073
27869
23467
9855
13078
10562
25292
2478
26117
14775
20230
29319
25860
3928
17636
2112
23128
23730
9957
26312
20555
29858
686
19132
4317
15875
23901
23409
15678
6288
1846
10858
3699
30325
26285
10378
23551
28872
22956
12828
28381
12019
23633
10920
29523
28666
14091
17587
16251
13162
25204
23572
6177
6080
23704
6128
25147
11930
12435
7052
6811
14522
29646
11557
29696
7280
5525
24564
31092
21786
11991
24187
3841
30041
16219
23851
22878
6849
1133
4137
17660
26713
17161
24796
22934
27186
9664
31381
26756
15509
14592
17549
18433
19854
18632
12863
30947
28075
7118
27494
22652
3640
3644
27668
20909
12289
16185
19096
26805
20347
11529
16423
6825
22843
7886
4923
3790
29075
17526
28721
9901
14220
7136
3815
10027
16123
22057
31428
21828
25477
31417
32479
19496
33280
7961
3536
13952
13569
16544
19620
23944
30441
23813
29724
10408
28257
12579
11806
26842
11901
26509
18903
18399
22905
25987
24481
5100
6283
28847
12836
2709
27423
14224
17910
26376
29215
2890
24734
14499
23710
15844
27461
30111
5140
19603
18795
20987
14641
6831
14499
20203
2132
5214
11819
1876
14623
21974
22455
33104
11359
6908
7117
6936
30058
2870
23297
19181
23706
6094
6092
28543
5319
10118
2873
5194
20227
33580
6925
33397
5783
11793
11812
30608
29631
3822
3830
16783
16203
15123
16196
28668
6594
17174
27745
21515
18883
21865
27890
16549
30152
28622
15360
20434
32047
708
23169
9646
18826
16562
7717
31911
23836
16263
19914
33076
28846
37283
11589
23875
17039
35494
35189
30884
16553
22619
30244
32681
26477
35348
24173
9129
21237
28657
12117
17490
35570
2945
19267
3855
33269
14319
689
13597
3242
2709
5893
16006
19851
36681
4133
4104
14690
32856
6472
14588
20740
5098
34571
17830
32719
655
34797
4094
21854
29153
7152
7372
20229
19402
30585
11458
6845
33120
16072
34274
5389
31238
31097
33822
13102
10673
31068
19558
33484
7181
8232
9384
18177
8390
35939
26697
9438
8960
25732
13233
30653
30038
5480
3301
37516
28523
20910
19177
11183
31166
26381
36638
12034
12588
9429
16406
12606
33986
9777
1327
33963
3695
12703
867
18017
36987
31791
5755
9171
31200
40200
36892
8175
29921
861
18925
3987
4042
23605
7679
7270
31314
14702
2894
24792
34940
11854
26918
2924
861
35472
5507
27257
34533
26824
6646
22802
31784
26966
37099
18969
24586
24948
17958
5831
32884
3808
19802
27493
9672
20620
10255
33806
8397
8755
35797
16668
3793
3812
39541
4958
36178
33496
17252
24736
12709
21917
22868
18301
38970
34262
20505
30639
33699
20907
5222
35508
865
3880
14084
859
16030
14319
37999
39980
4266
16255
483
492
493
23825
15918
525
37705
34012
5775
9165
6403
9859
27091
35272
18232
23966
17530
5701
2897
34537
37949
2978
35778
26103
7896
8959
4492
32294
27729
21211
11717
13853
20507
23856
2620
18693
21677
18127
21730
2845
27549
18773
7519
2813
39494
12432
17015
41127
34021
35766
30763
16468
24105
6970
29221
26809
19071
43085
2982
18804
19180
3382
5771
3748
22167
14390
25821
9432
5655
4310
10105
24699
21869
12558
20915
26421
11212
23249
3883
26822
3855
41278
3815
679
29322
11107
39972
36663
9214
3899
4228
23308
11212
2599
1550
15700
31034
15541
25182
30903
9826
12531
35654
710
3201
7724
12170
33685
3894
37142
31184
20002
20778
38638
11705
37076
3850
24220
15949
18457
39122
26271
17895
4193
24719
19321
39529
13043
17352
26899
13090
29318
24171
14178
13157
15388
28395
13275
3977
31302
42217
7581
29558
8718
41393
6544
7553
3357
4430
19778
20922
2709
12976
7314
11004
9910
3836
3840
24091
24107
1495
25289
28407
2694
4192
4117
18578
25106
38833
6110
16149
683
9970
14600
10000
13633
7241
30125
20946
34393
39732
20278
15604
4831
10169
13521
5351
851
3791
9867
10413
33799
5829
3021
16058
25754
25372
16901
13493
28144
17015
40215
32189
7130
5853
15712
29263
4086
21287
43801
2690
45768
18653
42462
17363
14267
35233
3845
17097
7337
25541
39144
6315
41131
39182
588
35100
9874
8522
17680
27459
4170
26815
6802
11094
6481
19756
6545
27241
36539
11119
22268
16496
6120
32030
40302
42052
32964
26964
22470
4662
25776
7333
41681
40285
40351
2987
22154
43677
7217
27908
28268
17789
41802
3994
32872
5803
11931
7388
18730
24019
11322
47067
6804
39811
26690
4281
22652
7549
23804
12741
19086
35421
20855
27108
28553
4231
9159
828
11798
20613
8886
3738
5914
29768
26244
45297
12754
13225
1165
41642
22479
9436
20859
45081
44363
42908
36026
7536
19730
23785
42649
12013
15596
7660
19581
21177
39483
44882
5616
14445
1507
719
4793
6664
35604
5660
4227
31440
7171
6381
21711
44805
23931
16973
17805
1170
14356
11599
10218
7159
26031
9911
4778
44208
5922
25065
9662
37194
9191
37620
22186
14807
11169
9979
45731
39192
12632
12732
7673
24922
7694
14928
9183
4043
5627
6779
47475
26757
38128
9272
6478
5721
20020
2909
48840
38316
25598
32203
27421
40695
9148
2733
2763
22393
50518
35070
758
45888
941
32742
3232
10450
44852
45463
25115
13426
5437
2932
17447
44155
2845
7515
12998
40840
46279
16018
12854
33924
19205
31824
29803
39802
5689
45853
9480
11798
8661
6558
21807
5639
27485
33867
50845
9855
42322
8552
19116
45882
22610
25526
8608
8612
2927
47397
24871
22134
50882
10252
7772
18828
30076
46095
44234
48459
10497
8466
12752
46235
43016
20701
2501
32676
26546
11719
49750
45746
5315
33725
28667
9350
48071
10868
15957
6825
6122
9510
20315
5901
5189
13924
13856
14851
30814
11221
50637
3807
714
46168
6139
16458
824
8394
7461
15342
2469
34544
20366
14108
32310
26824
5403
51266
19553
21961
26848
16549
15850
6108
12386
46850
8756
14879
29183
9901
12338
45916
34807
10164
25278
34507
47894
15375
11215
32453
3950
4008
20022
6012
7090
5967
42360
11610
48709
31002
37812
12235
18976
26299
11946
13249
14400
34533
45905
8307
2826
54444
11439
4859
15941
36570
40283
47607
52341
16404
16539
16271
41024
22076
12795
16366
51882
21802
1652
19318
20921
10319
57458
7196
26693
52992
14941
50824
49766
11923
13911
17069
21849
37989
20898
38033
15074
58660
9948
11192
52396
3953
43353
48603
42761
12952
4831
23794
35163
3015
4568
50922
53358
12217
4614
45579
10696
34599
52735
45894
52443
6208
15207
46160
40135
25266
5614
16889
7480
52387
3725
7480
48940
15348
3712
16428
15656
55905
12712
845
8521
19206
51632
15117
58433
4010
21064
6915
11785
21238
7793
57537
10655
3968
38161
9659
38828
989
8171
24326
36146
5986
22285
14827
19615
52002
59288
33871
17391
35459
47966
5230
14944
7006
28152
30529
6519
12619
22916
36722
26426
54872
933
17252
50971
25049
3989
55660
14566
42396
29174
17562
8064
60966
26750
54420
12553
26286
29075
13297
11812
5089
53529
20455
56310
21185
55944
19004
39125
42051
38574
8667
41625
21735
4348
26353
6691
19736
7796
57001
9482
54869
21173
3785
52047
5177
21810
41625
24719
9573
5889
18648
27585
54534
18549
36992
51085
9942
15998
18213
19035
20120
5848
47399
58853
27578
48955
5969
36809
17904
8021
21749
8405
45113
21945
39537
50450
19140
25044
43058
14946
10361
8081
11919
64394
26890
9749
28011
55963
20880
6370
5071
6627
37005
18912
52386
10447
59514
33236
15494
15088
26357
33038
830
46353
13640
51849
25591
60393
7038
34305
7989
50993
60343
9758
6761
1317
17813
6746
991
7951
63838
25786
22339
55238
12283
9792
7951
876
952
64285
21140
22633
10055
31160
18645
26467
25107
28010
46122
19966
2848
12292
4282
16805
5423
30494
5671
3272
63373
25921
3142
6027
3835
10783
27194
17784
2813
19852
39848
6385
9399
57866
4302
21866
33709
21717
35292
17936
29695
15247
29826
1216
36235
19792
27705
62980
10654
31645
35900
5718
22781
36152
23633
60734
40050
40800
8297
37179
18775
10303
15851
920
930
8941
5941
30537
24811
7918
46446
16192
8677
16017
25158
37055
30909
24001
6693
47261
6003
52553
16313
66383
51161
38999
67253
57676
13424
64111
6979
16950
24993
46777
25006
66097
24747
25801
67466
49933
62900
11656
17056
17028
37527
51536
20137
3754
7798
1022
9310
14715
4390
10317
64081
49704
21883
4591
18057
16776
40496
33805
30551
55694
53679
46669
37194
59692
59743
28850
67637
51985
66831
11248
54220
50236
67199
27580
57611
29869
40489
3969
62023
24716
60815
69886
6290
43964
40595
54867
60039
5888
35323
3735
10633
33848
30351
4392
25738
58085
19272
62900
15794
11341
6780
52361
3991
4574
61576
41265
6564
14558
55244
31167
5844
61334
54536
7398
45172
32868
66038
8461
22063
62316
58712
69843
19220
5863
66427
6954
60232
13665
18345
2845
3751
20758
27221
54412
26516
3981
48850
8731
52998
66535
5440
32767
28142
17821
19098
67494
6997
9983
2794
15941
13905
25052
66526
68137
50021
8076
49680
63093
16298
16331
73041
774
21757
34284
7570
5288
41093
35996
14470
53190
71139
3272
7273
69336
4011
3034
56633
68524
3731
7581
22187
70021
70447
70229
37321
7467
62067
5729
33786
871
67276
6249
6760
13167
58116
33955
15280
59048
71436
59555
51454
61963
41213
3676
19608
44267
704
725
4268
7922
10106
74063
49323
49590
58835
26977
1482
8838
70153
70866
49731
23568
55261
68241
23546
42848
49861
23942
54318
10584
1310
46013
30840
741
13465
5917
33652
5076
14769
22187
36872
2901
6097
4246
10373
10411
33733
27850
18526
57642
51727
10733
6927
2635
7991
3740
75693
9900
10615
57744
66912
32880
14368
61124
24636
67240
5658
5531
39752
33632
3195
33402
4193
3357
4242
25992
3921
26054
5870
58605
72634
13155
65325
34263
4651
57338
4280
4899
3315
26573
3987
892
14536
33254
3455
43084
74315
40567
8847
7271
19621
748
35909
38331
77794
9004
39787
72038
12579
4011
38581
5892
4228
4296
4873
16718
20277
15233
72323
66660
12882
45088
67438
62204
12951
6026
5950
54011
66837
13574
9566
76948
8793
8374
47877
5348
6685
3977
27155
11370
10187
12560
11664
10520
21928
35299
6102
36757
15305
30937
28899
2466
55488
27358
15920
35844
8656
2779
48798
21435
14673
57076
7899
6226
59589
44217
44502
60939
6795
7763
71056
15177
39175
5877
38186
6572
13256
10342
1063
3840
15014
5393
3744
23032
11883
7738
68668
17770
26701
4003
65769
874
8524
17150
3991
4429
4438
7125
6771
4792
9151
57921
3679
4994
23030
83847
5283
31755
9016
17371
77497
16772
54433
13582
1358
40671
6062
6763
10499
1298
54942
54783
4859
1281
79911
1271
77050
9779
10094
18741
9977
25265
6387
2823
3043
6675
20061
17414
11598
21485
54126
4435
5509
60561
7613
8878
36259
23450
15150
80142
3958
15650
36596
7538
4475
5807
83774
19361
8866
13459
67645
10361
4253
13253
72115
74499
21032
43152
19437
751
45879
20152
19346
939
18294
11902
77606
15778
6915
14793
16244
2206
13140
8672
76297
1001
6509
9969
11849
43832
1205
20519
51112
28202
49779
78346
3283
799
36657
28012
84108
15112
3170
16606
20768
3751
8867
23171
6571
2858
6035
5352
12978
79605
3279
6523
85591
67984
4344
3854
17750
32046
79909
6721
34399
48034
48047
4674
8697
4767
6987
4312
68194
2333
8443
30234
4252
10041
4346
929
35306
1659
945
9370
45129
6650
1268
19256
20525
2844
48889
3967
932
4175
51315
10319
4142
1257
10497
40032
49704
90727
11263
73806
10410
9297
9928
5888
11513
33245
12344
86983
13691
3259
849
15935
80843
2920
32526
41622
28288
65175
5312
66149
32842
4287
85473
2596
7573
6056
19019
3275
85486
90215
27249
21828
4069
24906
867
21822
3881
21908
3917
40568
3811
12304
9881
39558
8512
4473
74006
91384
66794
3970
4619
4583
10134
13209
5250
13247
83424
11009
64813
902
11328
73901
90904
31603
1479
6933
57977
6943
6096
7627
13501
84305
748
4346
56568
9538
9373
5521
8025
4413
17911
83936
20529
7840
11992
43290
86066
986
3065
2940
26726
10794
5846
19359
9766
24406
82383
15265
11972
24243
6998
35493
84696
5014
789
30859
978
58104
2748
1190
3845
87651
2893
29509
90220
7433
7016
7807
11717
8815
3277
44120
7892
6724
29359
13349
3629
5795
10239
13497
11948
83088
13666
8751
22565
9929
11922
76358
11475
3836
3847
3848
12208
8958
3863
2639
63609
907
909
5326
5138
23111
724
953
2993
21630
27439
21279
8136
84498
10947
7194
61926
5023
10674
6317
77227
91800
90586
4667
17691
55142
4622
31089
3986
4892
83311
93888
53931
9939
1471
93085
96419
995
18792
10202
18831
13605
5264
53377
3224
21362
11642
12939
28399
17216
44672
90854
20478
33391
1380
5342
929
47343
9550
17515
5870
7351
51094
11283
51232
4240
16195
32543
3960
4266
93831
15357
14001
7089
93458
26940
81860
11934
26413
89471
30011
6999
3976
788
60110
70561
20860
9390
16554
34456
33894
18587
6186
4086
26645
8166
98904
84299
32607
55874
3458
54306
34292
15444
34180
34349
96655
2733
5889
3811
60657
31248
2606
8886
27011
57352
32933
6986
13694
22053
3961
2780
4035
916
43859
1217
75986
2939
3530
829
27667
6895
35564
18138
1199
48488
13560
62322
29033
9890
26493
3968
43180
82921
33830
54603
92250
98559
27537
10079
3912
9285
21875
89966
14790
79403
96929
5273
4225
7663
3741
100650
100659
4301
2394
94161
5436
97210
96301
59096
103901
70393
2813
6055
13675
23403
94159
38945
93749
3722
877
16091
7596
67942
28902
96859
1257
38111
101775
10830
9702
9904
988
17539
63992
2356
2647
6314
7447
94026
47706
4500
13446
3720
4341
6508
7237
87725
11272
2223
13812
53213
15149
17156
14267
6826
18532
12896
13255
14664
27428
2768
18208
78983
10480
96498
10025
95406
72447
8775
855
2290
95604
101764
903
1166
102736
14613
1286
5402
13660
746
96973
105402
91275
14209
100924
30682
101054
11789
19426
4837
4032
56995
95223
5817
91426
97111
97228
4785
17836
13331
76129
3919
89966
6969
30672
19877
93742
4060
5702
4017
20322
5006
4295
21011
67380
28597
98979
87881
1661
48606
10921
9742
7323
762
18442
4002
7904
6756
6773
3745
11826
1272
10207
12285
1027
3743
22033
3834
66099
7813
78840
6291
3176
99931
13972
4910
2429
4200
50794
99370
22483
99097
25371
95481
64460
17983
103549
83104
8824
98872
5297
6173
5205
109948
29284
4725
8934
6627
7556
68038
2793
9394
22342
2964
6678
7998
4894
98772
10678
104543
49566
747
12033
8279
3855
1010
4782
4337
97022
104497
101085
5942
6893
3816
12005
11392
20453
81234
12194
938
16202
10515
10840
91183
42845
21942
71373
97745
9253
41711
20909
7343
15610
13832
2718
16356
934
8600
76051
8672
695
42905
9796
1227
99141
11849
3986
3910
8915
5249
40668
888
78043
24940
35497
800
103126
1003
95756
5924
4936
920
37137
46524
20740
20789
7889
4486
10589
113492
12340
65921
3711
65565
92776
12890
3225
22953
4820
111171
22359
36015
63998
12901
4031
4468
8200
15788
44148
5001
6015
30550
107095
108091
1681
104199
17804
99499
2754
9735
7451
2002
6611
4238
22573
2904
21946
7280
1926
972
8267
801
4069
14100
109230
20766
102327
2334
3887
3610
5765
26920
95646
6999
101740
2714
4181
3982
15130
8526
3764
3982
58851
107732
90534
96489
50904
15679
1195
41486
21449
46541
12850
6039
24179
32727
96971
5720
19244
7263
111878
25479
4230
11791
5272
96297
9951
6173
5329
2845
3221
10657
13995
9985
12108
4491
107029
6739
55624
5927
807
105752
93859
69526
727
15262
35557
102825
91549
3237
21773
53618
5388
17827
8648
6992
26967
7424
19982
102935
73515
738
3997
13494
3809
3945
8552
28628
11927
91152
117907
6110
35170
18425
7396
2965
7462
95381
113436
7984
11736
19486
946
8398
9722
6268
78108
31703
6652
9048
9900
8712
34363
2941
1053
56963
5636
1070
40208
96066
10796
5041
14409
27079
3698
984
2865
88801
18005
36869
111028
15609
25573
2020
24053
3645
4250
57679
30451
13318
108227
2215
7441
11784
10083
4010
935
6638
16388
2896
6461
16536
102140
47090
4035
6587
10386
979
2807
811
812
15068
23951
4412
77828
5329
4757
16825
32040
9871
26158
109534
17168
105091
1594
99305
3224
3758
18098
37089
13111
29345
1281
24966
12777
10895
117949
117659
3333
10966
15448
624
21894
18390
8235
5024
9929
7810
5830
95166
32186
92332
13807
118680
20788
15177
5289
60160
43543
116540
115126
9479
7916
58278
23009
52690
5824
122176
982
4297
41079
95637
6828
7239
104538
971
105971
99268
47988
2916
4284
3202
90340
6732
15371
967
7393
121173
124510
14361
5319
9150
1466
2971
7048
2612
34535
3211
106578
8092
8512
4074
7604
42097
23541
9714
51203
3843
15791
26218
30455
15953
8575
9378
10008
70989
7586
971
28951
22874
2795
8830
10301
1084
59106
8981
6581
2972
3922
13060
2602
123666
2778
1429
126271
9066
737
738
1607
37994
10892
8753
62054
13687
933
14872
130146
60459
8880
22221
4274
9583
59206
10899
1057
1204
6096
38522
11875
50093
9968
819
10054
1541
8048
10793
2162
2641
128987
16008
5002
7152
5452
2900
2901
1217
5274
10647
10255
110650
2194
96892
86598
11642
34608
728
729
986
48371
13253
3957
6004
3934
9863
103278
4252
12899
5716
1270
123019
1185
11850
4163
1308
104009
7753
7812
94041
127452
3883
12943
733
9021
897
956
10093
21800
5177
5913
10228
7000
44576
19550
89066
3848
102826
4084
3823
3660
3882
3894
3942
40619
7481
105269
7813
21944
2648
104032
5188
13191
1483
4251
18377
5441
19728
13931
4561
15717
22851
10303
744
5779
15168
4181
93814
1076
2769
973
1017
2917
1292
3849
124604
7722
1627
12017
7023
2730
10570
4586
1969
15769
86723
125082
48993
3125
22059
6447
2893
1022
6596
84143
136188
47962
41497
10537
6960
13260
4162
44967
4740
4918
8832
106983
2892
133997
13276
14890
32749
748
1255
8738
101056
6552
14455
5957
131336
10193
96881
3733
106989
3095
6055
131989
7236
8075
18009
6128
14297
99089
6296
14403
7502
5696
18041
3981
18193
18277
7690
107879
915
20694
1479
129597
20571
3060
19346
138229
2632
3662
962
12012
9813
35043
9638
9654
870
972
6180
5545
5282
2978
3901
95360
127872
3861
1168
97186
97244
70698
7469
931
22011
3855
6112
50299
26198
4420
17525
3769
4141
17090
48324
4679
28915
2241
10506
9838
1178
689
15211
3716
4884
23189
3361
4572
1022
4273
3957
6583
7243
119677
2590
4568
7211
7227
64598
3847
11531
5724
100164
9313
9688
4021
9045
135744
2008
1018
7673
4641
41931
2799
895
25546
6229
17245
116064
7876
21734
3059
4926
80354
3198
2886
767
3258
778
5160
135122
8694
3788
123668
11775
1023
53998
1054
3596
20498
7018
3904
28997
3975
130239
10231
8771
27247
919
3747
4026
5688
112194
102323
957
8148
5133
1963
4530
23276
14788
3610
2946
9665
3906
32230
863
15691
2264
9778
1186
6788
74777
3838
1175
5685
8005
9191
13837
1188
35771
3044
1858
13956
1868
1206
4931
4108
15251
960
1049
16354
3750
2594
1430
6298
8169
742
22087
8208
14607
91726
8859
3546
44089
2784
85836
2439
125489
5520
5917
139337
1159
32266
24534
110348
8864
5960
61284
6179
695
2781
8342
100900
1995
913
3418
1037
684
22059
5985
3675
3691
12550
3878
12736
5150
6209
4159
19457
2420
106245
7034
1086
14815
108260
12012
120132
5795
108965
4068
3072
15478
4620
40998
5149
6249
914
1350
6963
3822
5522
7033
36304
107220
4897
5826
757
123520
4848
16545
14886
77710
12526
1553
13900
5767
13117
2742
5662
1195
7052
5786
3432
11949
851
5940
35994
9771
14967
3121
11024
20891
27158
10496
6386
5968
964
7981
7927
5833
141307
1052
2830
16453
22376
2903
7856
1063
3639
7046
14681
2164
2879
2976
4091
24195
1230
20861
5239
30517
124525
5960
21038
12651
7481
4005
3936
12243
18283
1570
16909
7830
130216
4281
5483
5703
4256
21515
1739
57946
15525
4556
8049
8517
8588
59063
810
4902
10346
11865
38144
23218
3992
14585
2569
15663
9293
142407
9143
19492
693
3726
11762
6118
2776
3954
3959
5077
3910
10996
24610
3936
9659
9909
1023
9797
7370
10134
138674
938
2739
857
49919
2689
6658
15795
1258
6417
12285
11075
3957
10404
4534
2014
109923
3606
937
150975
8457
12011
64931
45266
23976
4969
4925
13964
12079
13265
752
5776
5266
1315
72005
2805
149738
5562
12876
6069
14257
6637
18387
34290
113520
4895
3785
2822
2898
3173
3001
8703
5367
17354
951
12017
12262
152245
1301
4005
28020
4290
14070
23116
5358
910
1376
114613
5669
3926
67036
120749
2700
4063
15166
6821
67590
847
848
150533
13566
11021
10775
3574
3588
3605
3610
65170
3748
3761
3810
2766
8489
612
25246
4022
4027
3058
4034
4061
58692
28246
4948
26502
9663
138745
8229
114694
116274
54007
4736
4781
21995
10019
2509
30492
4069
2401
5061
2926
3791
1684
4768
6133
8581
6315
54774
50263
82921
16681
14654
4290
7269
3238
5718
10326
136791
31623
16549
10966
1058
6113
4578
6190
10083
6259
3398
4327
2606
25432
11583
5808
3961
4541
12824
99942
6739
6760
13779
6973
40383
4582
2872
10475
10371
5895
29636
879
4819
1010
1011
11814
18008
7690
12822
129890
12383
3878
159236
7973
2955
1269
10975
42583
6307
6240
104511
5831
159897
5897
18433
128707
14557
4090
7154
31806
21663
22517
1536
1277
16135
5771
4591
3852
57726
9702
157048
11502
4774
2949
10378
140870
30027
11541
14273
1285
746
11389
1692
13162
15707
66317
1220
671
730
724
3918
6408
4759
84999
19156
11804
6878
10830
4235
8405
36115
114563
2738
16048
16058
152904
8172
2776
2706
11230
21518
33432
17283
3664
4751
95059
93759
93762
12526
10172
534
94013
5122
3569
94225
94254
655
663
664
2312
4056
68805
3949
3888
880
896
908
80423
5526
1722
1101
2886
828
12204
3810
866
13678
95017
150681
10392
94825
1098
744
5112
2182
709
712
717
51650
12077
156150
16561
2133
95796
6309
14535
730
735
39941
2275
1159
1244
12393
32717
959
4978
2573
4023
96435
3070
1589
2903
12907
12969
675
78721
3674
2635
2246
96820
3775
3426
4111
1238
14922
2860
4350
3717
4330
1133
4127
15153
27153
6428
7129
3016
3955
3970
7082
89560
4193
975
27408
97491
2622
15695
3108
4937
5034
3312
4521
140277
2374
3413
2462
2334
1459
2860
5870
962
8001
2773
5282
148827
1134
3861
157963
16447
3898
798
812
825
828
825
1053
2830
1081
13160
854
1511
6269
22618
1961
99525
7150
1451
5947
4406
1749
2335
17430
9727
17444
2239
110638
7483
15865
5942
140016
4157
5294
2609
4250
6858
4341
6876
6728
2359
2361
2374
681
686
18133
3759
1311
5626
6946
8499
3576
8319
3842
6839
4778
5972
2500
3532
1097
3062
91825
5274
1085
17712
829
11700
51897
7834
4408
8192
133798
3515
8561
1422
3866
885
7789
3350
8556
3386
2787
1209
4898
3817
3741
18482
705
8111
3907
904
910
3154
8272
38913
48535
7204
13031
54311
664
4396
1190
1758
21389
172712
100525
8917
740
4356
166943
32645
6388
9537
5352
32712
828
981
9789
6436
961
48826
4776
10296
964
3634
6722
6080
8419
7073
12254
2103
878
4147
7883
1105
3979
1214
3938
129250
20815
2922
63079
7445
3972
13783
5122
11667
3881
3695
1018
4113
4972
2706
10585
2770
6776
17208
1184
1382
1256
4436
3563
5294
21483
868
10109
2701
1043
21395
11885
7456
2895
4498
5842
12883
1268
56043
36489
33693
10294
1845
7993
31294
3618
4811
4730
2489
2495
4819
899
901
908
686
10600
6909
20765
5046
3808
1153
146551
13603
1203
8579
1923
7260
7315
3604
4163
8680
8882
11104
28959
793
32457
775
54053
627
9505
3649
3693
10738
7125
4820
3812
15373
4786
892
5483
9459
2795
1638
1073
9621
4034
4067
10212
2877
1076
4198
6643
14027
6633
7192
75227
904
4225
4488
23972
4819
3865
976
977
10093
17157
5008
7100
5790
879
158416
13101
5217
2967
879
879
11236
684
692
6439
15537
3010
4291
7974
5008
11251
7995
712
1339
8826
3954
741
1031
19957
676
783
797
802
3795
4562
752
27701
8800
1073
2755
1216
1221
1344
12373
26234
2960
47208
7349
2693
3184
2539
1132
34673
9546
1100
28692
7564
8899
5902
13316
2688
79038
4684
1030
5616
3200
7984
6832
5686
3910
1076
1077
1985
913
5238
2115
884
1140
15828
4188
1449
3077
5585
6894
5858
6228
5939
14275
579
3290
8718
581
2742
9933
749
766
771
1273
2719
3786
3851
10651
9723
2811
3789
851
994
152296
871
4172
17023
6185
3471
1681
4701
5886
3705
1525
861
14721
7971
2108
4357
16136
11521
1065
24310
6842
5238
2410
3022
30077
2154
810
4782
1617
44801
9000
6041
1439
1194
1119
10049
16025
10071
62854
6600
3718
3864
2142
3666
6889
1272
2389
33616
2921
6887
4254
777
4586
45298
4336
1095
845
845
847
7949
562
3671
4196
4577
727
3176
7564
3983
3003
10225
6815
2748
3073
715
964
5034
23973
4727
719
3876
4146
1345
2720
3416
8143
782
3284
995
5374
16040
35211
8425
1143
1288
1218
7642
6456
5129
724
725
8138
7290
157977
5748
1373
6201
629
644
906
1132
5632
5348
2392
6356
823
694
708
1339
23672
6801
2194
5586
1012
35020
46323
4245
9620
690
17082
6061
730
6576
973
10807
5106
1500
4377
3846
1013
1266
1893
10735
826
2292
6655
4146
5824
10322
4431
4137
3863
168593
3866
8234
1792
917
2683
8443
28572
2811
22798
16929
3669
3074
2588
3626
3657
1662
120895
797
95748
9051
5078
11961
6050
3447
5706
21735
3743
1619
1208
4619
12541
5080
19181
9894
1185
4890
2039
5672
6292
3000
1099
13274
1725
3976
10408
1132
7225
68970
6808
3657
126769
811
7054
2837
10173
2342
17633
24936
6076
3029
20536
2601
6899
9296
994
962
4198
123593
5806
5414
7878
1998
194632
5072
4095
888
1211
4071
662
664
3625
133040
4159
627
692
909
669
11881
157907
3515
3777
1410
1345
6979
1041
1053
12487
3803
4203
1252
4243
8706
5658
7212
2809
21347
6098
5065
193448
4293
16091
3005
861
2479
684
1343
686
2924
4752
612
1109
4804
2778
784
928
867
806
1695
3835
1104
796
1442
7005
1469
945
947
920
1167
6173
1811
776
2844
870
814
7369
2000
9594
1425
4468
11306
2800
2166
3511
3738
13929
11463
1296
1232
2260
739
808
3547
814
5261
3892
1132
1134
876
4018
105389
7185
1072
2814
1416
2072
1712
1726
2910
5927
884
2280
2084
3972
1422
2115
16663
756
1785
12891
2163
2366
5185
13101
2569
11382
10910
2824
901
4758
872
876
878
886
6029
4433
1128
1135
4477
4009
1163
1471
3065
4740
631
5741
3172
199103
179783
1994
3330
28007
5426
749
2345
7354
810
15297
2955
646
654
72659
1040
4382
4429
4537
31419
3882
2402
2723
1014
2940
1183
202520
1245
6947
17843
9114
124616
201940
4189
3415
3976
760
110895
5818
538
5942
1108
2651
739
2512
3873
4039
15276
808
5930
855
42072
202474
14412
9416
1210
1214
4568
16197
3766
2778
116746
4881
4783
629
10078
2836
7327
1370
3231
2603
5825
124670
7136
1031
1199
2563
2698
682
3166
3117
769
5853
5994
4101
3044
972
1191
3639
6417
6379
1355
2067
1033
3979
6770
1244
1309
1315
7319
7099
117890
1088
4273
994
1066
2554
17218
5942
888
2603
2288
10099
1155
1459
3805
1486
3646
594
23790
1455
4826
820
831
158161
3020
5793
683
14465
4232
12038
4406
5792
4384
1324
3813
2697
1842
3930
14145
167711
4026
4828
1221
2701
2054
2167
3690
12721
6761
1899
4366
4025
5466
4127
621
864
1136
742
752
770
770
1163
1054
7055
6974
1010
1010
1697
1281
2952
6030
4115
3839
5449
2105
6415
6104
4164
4168
3442
1777
1950
3667
6739
2938
29507
55817
5708
3986
3907
1370
754
6355
8201
921
14608
4184
4177
2758
815
3148
204182
4552
891
832
836
2983
12021
5061
7472
578
772
1087
3260
984
797
5102
733
18606
6792
782
3722
3765
808
5747
1645
2178
2874
27434
4374
3613
7597
111691
18258
1980
1122
4784
4326
6294
999
6312
4442
4076
192135
937
4343
2673
2390
2686
14172
889
27459
885
1299
826
5929
7095
1704
5010
1786
3903
90097
6085
826
932
745
1181
1221
35388
772
1577
6766
3886
691
10385
4626
1361
1368
759
1082
21122
5264
2700
897
7524
12850
4076
7166
9512
4490
2377
3937
3518
2818
7980
9568
2834
6215
924
854
37325
862
17819
11984
63334
1175
1156
4450
9032
3256
960
7339
218231
4590
9735
945
50558
212380
774
1254
2001
4418
2116
1493
7824
548
558
566
567
1948
7516
919
1243
3748
3232
126223
1261
4874
2278
3014
2382
9014
171154
2016
987
9718
2706
1101
1432
4960
760
528
535
536
1106
4480
2154
213429
791
636
1357
5291
6954
2156
47664
2277
1104
15184
1277
1224
1221
1469
692
694
751
1570
816
2786
1585
558
1328
607
791
3981
705
1006
1015
1023
2401
2138
1278
8856
2252
4729
4356
868
4826
4157
1768
2943
35350
151795
3701
1461
697
858
892
1113
1119
3012
1424
1446
6500
4312
1142
4391
4414
3767
5024
3787
3633
5283
5252
2257
3170
5096
2904
5377
673
1598
1526
3208
7725
941
3634
1619
637
6603
5196
25133
929
930
1802
31066
2945
1335
4558
4466
4689
49848
6003
1123
740
686
694
6198
804
806
960
1295
793
227287
27078
7096
1379
5797
12947
1624
10085
821
1472
22817
1444
847
3027
2286
954
2045
2497
717
4230
34332
2161
2415
508
2316
648
5369
1029
508
2485
2800
25878
2876
791
2874
584
1268
224155
10887
782
1100
4499
597
606
2927
810
110856
6223
1097
1108
826
26539
1143
895
896
905
2668
1216
765
1148
1150
1168
2506
34647
1399
4523
1541
5966
540
88362
27749
957
624
2662
1345
2678
1357
4984
836
4750
887
710
4242
5959
642
650
666
670
34318
43776
1528
3207
917
3797
1197
1216
3676
6410
6326
1489
1798
1296
2221
852
1705
1718
1462
11023
3675
1808
768
1343
3280
4619
3826
975
223964
3864
3899
841
4659
7215
1285
4083
631
2383
4765
4275
4281
232789
4314
3537
3900
1874
3394
844
9662
1155
24665
3520
1119
828
622
624
1025
1984
1158
834
1727
627
640
5257
856
3977
5588
4023
789
1157
1177
678
692
4140
777
973
1752
6311
1832
4592
705
2191
2232
1448
706
596
2328
1803
879
3394
500
2029
236746
2632
691
5400
1265
834
31205
7369
2420
4090
4098
576
809
2642
1022
751
1188
2983
723
14009
2922
22529
995
1199
3668
588
5439
2968
2408
755
3621
1485
4326
4321
1050
876
4938
3675
3652
2066
675
2695
732
2201
2536
945
965
4098
888
4259
1166
1095
1104
834
689
699
1236
720
7048
2618
6055
632
7091
8389
2164
4135
1049
2460
719
3195
675
1801
678
679
32882
798
857
861
594
599
1047
788
842
4319
2346
926
936
3689
5709
2621
3201
1033
2726
1336
9407
1205
3803
3497
22644
1541
3299
6756
1033
7291
4513
4118
242357
4331
2103
120102
12795
8537
655
4660
4390
4248
678
2235
3112
14097
5655
835
594
596
604
605
584
621
3991
831
846
877
894
6409
1089
976
1127
1141
1150
1155
1279
1293
4859
1831
2928
1472
1622
5682
1301
3800
1872
1932
1998
2243
1566
1171
1382
5358
737
8082
790
5977
1090
6079
967
2985
1643
3654
11752
4082
1190
2973
1416
983
3239
3249
1422
665
1514
7043
3508
3526
3530
1873
8338
7606
622
3958
1016
9197
3728
3659
3660
3697
4157
656
3959
1032
969
786
2415
2452
4186
824
644
662
663
670
675
1087
7808
4336
908
663
4726
4786
3053
10290
1113
2119
5136
1336
2735
2550
5501
3837
1873
2969
2222
1385
6052
3833
2584
2629
6446
522
3110
2693
6626
6362
693
10087
716
6871
3424
1733
972
6164
846
3905
4777
4218
1023
11190
2760
3299
8428
5092
5439
1287
3863
794
875
1799
5872
1417
2962
19053
9357
567
395
752
769
2399
3763
690
968
993
883
997
6345
849
853
876
480
1233
1140
539
10460
6462
875
1085
1395
877
158990
3729
976
543
2311
3371
1398
583
3104
7945
885
2167
914
559
2359
753
748
3112
1464
819
24739
777
778
8955
3619
1018
740
597
1039
5457
915
1300
709
727
978
211198
477
481
484
2205
646
694
673
717
27867
933
13727
946
988
1185
1049
1149
2634
2349
2366
903
1272
702
64230
903
2658
2122
4266
2161
2168
3841
2357
2362
1887
2437
734
504
440
666
667
679
2131
707
980
623
915
916
956
2996
2507
860
5334
4029
1007
3634
1967
1240
3842
820
1260
4296
834
1416
1448
1577
3602
1664
850
1461
943
1856
2039
2561
1346
1988
4273
4093
910
1701
918
923
1168
1183
820
4870
1988
3498
8753
953
3193
656
659
662
858
2739
2911
718
917
4532
3428
4141
3557
681
682
4983
6402
3054
3035
6374
3132
2063
575
5027
7859
841
903
706
4231
3563
12780
570
2928
870
724
676
457
807
2588
1483
943
461
578
483
579
495
503
510
802
2958
662
669
1722
860
536
771
1174
1204
1302
7717
1239
6284
3785
2149
1228
592
795
1851
3602
541
1299
1059
1857
14238
2303
2229
1541
2998
3961
769
720
631
3842
932
1500
3573
1191
1048
1059
1090
1103
1106
1161
1417
1278
2673
582
1288
1646
1510
1931
1953
7753
2105
864
868
786
2493
4557
2056
2590
3250
2705
2584
7015
657
659
4324
657
667
4920
4236
868
5007
5048
838
845
851
1032
993
3187
410
487
3539
5790
1058
1315
431
3762
3772
1489
3813
581
3933
462
8254
332
336
348
350
2698
1115
888
677
4570
1117
912
1193
2698
656
848
1484
763
825
7223
1388
1559
4812
699
849
1980
268822
2452
1941
3520
450
857
1088
2726
1000
2578
1691
786
729
803
1078
867
1429
2299
370
559
579
8862
9553
3022
706
747
816
660
370
367
229
625
3532
746
442
5665
2779
441
446
320
5626
984
9802
582
591
602
1493
715
3778
1051
702
703
705
601
613
762
776
414
428
575
578
675
678
683
890
915
1100
1142
1555
10447
559
275596
3995
3885
872
1292
772
734
728
729
755
10871
577
1083
2112
4222
1364
1420
1540
3708
1751
574
3120
619
626
4457
1112
810
815
991
536
632
635
868
703
1251
5304
854
945
1344
1194
1544
639
1271
2224
522
1227
2074
1258
4743
27743
2060
2089
1223
512
277923
684
1227
703
5164
643
646
655
663
1498
3485
913
727
844
844
884
891
911
474
1436
276169
598
503
509
1096
642
863
754
1109
734
20035
808
3719
1805
7931
1248
1408
1136
1128
1136
2128
1258
2253
2365
3137
532
2538
1628
1460
1270
1258
1157
1963
3985
3061
1986
5132
563
955
926
868
401
814
3609
3617
847
661
662
663
1046
514
1086
5855
885
3639
652
2455
1863
810
2206
590
592
1091
1726
1255
1042
1047
1391
1018
2360
9621
1194
1674
685
4130
974
1205
1396
476
5715
404
375
2294
564
1377
1686
456
2867
2550
606
3449
6058
746
2930
1748
673
1651
2589
693
886
1935
736
2090
1379
754
720
8338
964
797
1031
831
1072
1343
1694
4321
1013
4593
882
1845
1084
790
1886
673
4467
6653
4487
887
718
4561
1978
1783
1763
2099
1148
548
977
3676
771
897
3192
995
2441
1480
1090
1365
1635
1636
582
2834
3071
683
1345
2797
2136
3110
4840
723
2137
471
741
721
2396
2212
938
640
2470
676
378
2102
3701
654
3598
2429
692
4207
3027
2567
390
1145
3088
7822
1668
2994
726
3223
603
604
6966
1132
1011
3551
9333
761
3452
2153
533
9795
716
2440
3798
4423
1009
1089
1412
5049
1384
801
10536
742
747
4997
4235
1204
5680
1239
601
3919
1619
1013
1298
698
699
2362
1663
890
2408
870
711
725
1079
783
4057
786
1279
1209
601
604
210460
1425
1342
778
788
547
966
796
2316
2478
1123
1139
737
2286
2087
2454
1165
2144
731
1448
705
675
559
842
1736
955
625
313
1583
445
458
459
782
571
12845
614
6990
3437
806
3715
480
1863
876
598
2720
347
342
577
2206
1985
745
667
719
724
1435
825
463
8525
3828
13545
3805
460
658
1173
4206
636
901
913
916
5044
928
1090
1094
6937
1139
1318
916
1540
1560
650
903
494
877
1528
728
1969
1245
417
427
415
1181
439
441
446
469
470
477
795
1022
618
704
631
836
988
1732
520
1164
2864
1239
1291
1064
1432
541
1466
900
797
3725
1184
3177
742
1016
2470
1195
1155
1008
1073
1777
4036
1253
1427
2290
615
2964
1081
503
412
3427
2494
752
838
5135
1316
3715
2009
1632
1023
850
804
11611
1120
1666
736
2136
1578
303370
982
13434
618
790
5440
2674
658
553
672
1588
850
861
5895
4562
896
1205
620
1044
1254
662
620
1452
305
1735
1938
858
981
453
992
5740
493
3688
480
1250
1295
1717
3576
682
565
2193
1608
390
2947
2404
207044
584
778
811
1172
2643
2650
757
3583
585
994
1013
623
1197
496
1632
3408
1075
3660
695
697
705
641
936
865
1291
1181
1186
1196
1137
4135
2132
838
1404
9084
870
4433
3799
614
1162
4855
924
3713
577
1159
991
2739
848
674
10471
608
813
542
3616
575
3671
1068
1087
4029
1106
2058
1262
1303
498
502
506
507
514
12867
641
521
260657
679
4015
813
491
821
4430
639
650
980
519
1515
1191
960
1927
1980
2192
543
3143
1565
547
548
1865
2176
2509
7711
313
1630
426
430
439
2587
4167
10377
540
825
716
1376
1102
720
723
739
745
1188
5016
1417
5481
1345
1117
2455
824
2480
2952
543
2721
1136
1539
5754
1059
2044
421
577
393
720
1003
472
509
2719
538
829
1663
408
869
1074
626
632
640
1404
12001
902
1146
1094
882
889
540
542
543
7176
1128
768
797
7805
1055
1063
1956
4830
872
1364
1377
1069
2394
2062
1245
2101
4456
1365
5233
1522
813
1580
2217
2967
13468
5417
2576
2546
3446
2218
5549
2859
2789
2064
2814
3839
5407
1252
1299
1480
5995
7067
3984
466
2781
4813
3995
981
14967
1217
680
8356
1184
677
732
754
515
517
519
520
526
536
658
1615
676
677
9592
1740
789
864
780
701
710
710
725
543
2222
531
1177
558
1189
2695
1005
1365
2162
757
597
1509
1711
954
1026
1842
598
684
2117
1136
324300
2235
881
1718
3182
1060
358
6273
1267
358
519
543
1990
666
673
624
870
747
476
3237
4690
404
564
4026
1255
573
587
641
7703
805
1225
972
683
4018
1457
535
537
1383
780
716
727
1028
849
509
513
1242
1270
1076
1082
692
1225
2337
1352
4723
378
1312
1590
2030
3746
1967
256
865
282
284
300
382
468
668
5148
519
2481
3058
863
2371
4522
695
587
588
627
628
558
2599
774
776
752
819
829
1260
937
980
1022
3040
1717
1370
1242
1823
730
3579
330801
2282
1937
1782
2562
524
377
2939
410
2405
2415
4324
8315
563
2620
2640
1219
991
718
1018
4895
673
1197
944
960
3317
890
1167
3849
1072
273003
3916
3527
9878
1166
957
3755
3545
595
2366
1870
1904
4079
451
4058
400
417
874
898
674
3736
600
2649
1065
956
987
2686
4977
1208
1103
1112
1116
1612
2912
5206
1553
6979
1304
1456
5583
3708
952
870
3765
854
248
2308
549
2101
2122
516
910
360
1144
593
594
678
631
975
592
593
594
4437
611
2498
4127
2800
1198
6735
1030
488
1050
3458
1234
3203
1374
845
499
501
1483
618
633
766
794
2564
2025
2292
6065
337078
110745
4612
2563
608
14613
538
541
543
544
547
555
586
3414
598
628
4034
958
801
858
869
2646
1078
1081
1105
1082
1525
3898
1298
1353
1372
7810
11754
14963
1792
976
3567
1110
2338
2065
2669
1367
704
1652
2665
2787
3760
2569
1091
2639
320
1196
581
534
3104
787
925
1019
14041
1231
12475
720
396
491
1069
382
402
403
23897
419
424
460
612
540
645
660
2529
2254
794
827
584
841
853
884
888
894
805
647
2741
1037
3048
1917
2008
2838
1136
2052
1357
463
3229
931
1499
1550
5684
1575
1612
532
266
104732
1988
514
628
2022
2089
780
491
58798
498
1816
2478
652
658
2615
3461
273
799
805
2799
2759
526
2350
622
1096
1278
371
1160
3316
388
3367
720
2215
678
900
349
4245
963
1935
1215
673
1100
302945
1689
589
904
908
750
758
800
989
539
1183
1229
577
1417
349
1148
249395
1313
1105
662
626
8965
619
599
2296
603
801
552
482
7101
2136
1036
1136
441
375
278
287
315
514
299
639
436
483
546
2539
873
883
757
758
767
781
795
862
289801
932
937
1089
978
1034
1288
1339
1105
320
1230
695
697
703
709
441
1353
1175
1645
904
911
469
308
1809
762
1164
274
276
1241
1339
2955
503
1610
1939
5027
1285
611
2589
2056
1213
778
2192
1253
2212
954
609
552
533
518
764
2911
2428
1149
354
468
764
3910
868
801
1474
564
3923
1124
578
761
1346
526
675
685
935
3463
1059
1288
2151
641
1530
1492
492
264
222
223
427
563
536
463
464
473
514
5308
617
2347
897
1011
491
922
3591
603
631
636
721
203
849
285
872
569
1007
1090
722
607
1493
911
4884
470
1217
335
517
350
519
1019
2334
980
1150
503
1112
666
430
576
580
1156
1236
1191
1367
605
968
609
1133
762
770
1065
941
989
364471
1396
586
97
99
1177
472
373
412
1442
364
298
592
362
364
376
509
693
713
793
827
649
495
703
1286
848
665
1433
1503
629
918
643
1452
1897
1529
1551
457
1401
800
1085
1377
1204
1848
819
433
2075
642
2214
269
276
277
278
528
549
544
846
707
600
524
1223
698
759
1008
999
1154
96677
1993
706
841
1369
959
562
1515
360
553
652
494
495
496
500
411
625
217
2694
945
141
812
828
355
310
606
1422
330
338
355
343
349
317
574
966
299
236
239
793
344
2386
616
277
600
644
710
927
1432
3366
1131
557
239
241
248
3734
543
253
400
1588
725
462
409
491
424
821
1224
1019
1588
364
330
741
541
1266
633
809
637
1641
1196
895
907
594
596
1860
867
832
610
502
529
683
548
597
644
332
654
678
239
546
764
579
832
357
304
694
313
452
599
498
1329
397
1748
963
1785
1968
755
759
784
901
659
1838
1717
2540
1147
288
641
723
168
529
3196
628
398
270
288
529
531
356
349
476
488
639
719
836
390
859
912
1016
1101
1655
352
690
239
343
186
486
206
596
931
377
948
725
5398
1357
629
153
173
178
398
351
916
815
549
826
383
379
466
467
489
511
514
682
712
735
1579
918
1121
1129
862
1326
1648
1372
546
863
501
510
754
760
2128
2397
773
1257
1262
1793
812
1378
1398
2733
630
197
2054
414
364
608
475
776
634
873
417
998
778
2464
2295
2757
396
399
845
699
535
1376
647
1636
683
700
554
290
761
335
777
887
748
408
413
421
578
522
668
670
293
832
875
1505
953
264
137
383
705
322
1148
239
295
1366
231
472
579
655
943
1276
597
338
526
190
746
371
487
667
613
758
875
1108
1393
1042
826
1247
964
606
1011
317
445
346
459
596
598
599
1153
601
603
570
575
460
461
468
2157
784
819
757
639
833
972
409
422
773
2438
536
541
899
937
671
2771
713
834
1180
581
1700
164
650
401
516
523
621
266
442
2579
861
633
2173
1602
935
2823
1558
735
3046
513
1222
374
382
383
388
395
396
332
399
408
543
803
1250
669
993
682
688
699
409
1826
595
3848
921
553
478
613
388
431
1625
1632
676
615
848
425
885
717
172
213
134
296
304
628
642
381
771
474
568
480
233
471
470
473
1989
4993
779
847
891
1585
701
995
405
458
696
622
1046
989
1107
585
602
859
1521
1101
843
2823
1129
280
282
1499
693
513
1541
2327
193
200
588
277
590
373
405
328
628
407
772
380
381
382
524
526
737
648
427
1108
974
883
1027
874
1078
753
1466
403
819
2714
676
904
484
493
718
659
319
1054
747
892
1780
953
921
2845
423
424
439
440
1265
1416
548
513
632
633
479
726
742
378
200
740
789
763
370
891
198
205
920
267
269
311
579
378
1096
447
1030
793
605
688
703
749
940
1401
1130
942
1872
1581
1719
2101
2076
280
640
502
249
573
387
818
238
370
185
244
230
211
588
276
688
323
720
1718
394
1344
1367
587
509
513
516
517
518
537
538
612
566
585
596
615
692
759
708
713
737
782
783
901
634
882
644
888
899
628
963
1012
1034
728
558
856
1214
542
1390
1446
1488
1583
1713
673
1775
1780
945
1545
1842
1001
645
381
1533
1804
295
2290
2294
383
2451
584
597
579
2588
768
939
962
2891
951
875
1243
1280
2161
625
1396
271
6432
1584
344
2412
2029
676
864
429
422
616
444
4636
911
4125
607
3366
3328
1829
584
1169
395
3439
5523
485
486
724
387
887
871
892
912
1308
281
602
1378
620
1114
1380
501
527
1708
923
935
1170
1182
755
1371
696
1022
383
1636
1012
393
390
1765
596
1306
802
824
1349
1958
493
606
992
355
644
305
534
352
362
489
943
367
461
410
414
419
440
442
443
583
846
614
616
618
645
594
1671
3068
1067
1161
1124
812
587
1200
1304
1195
1168
540
542
544
548
549
1403
1602
756
486
835
844
1771
1380
917
1035
341
1936
871
424
2387
2432
864
1291
624
3045
922
1599
6648
2483
643
852
510
1760
2715
668
460
858
2676
513
419
5502
431
1330
540
1169
3827
301
432
536
280
371
631
349
612
675
418
4228
1540
470
471
729
680
885
781
1176
817
1517
1041
355
563
782
2790
1067
692
610
838
1043
1032
1051
1475
1539
659
2233
603
1981
1334
2115
322
453
2464
652
671
1192
2439
659
662
673
673
675
755
764
638
960
565
571
408
412
314
315
316
321
324
333
347
542
549
518
861
865
1442
1061
889
759
1565
762
1615
359
1004
1079
1484
411
1444
1676
1705
682
1832
1793
1953
398
1976
2158
627
1812
982
2690
537
2172
1596
353
520
516
657
584
673
735
762
545
3408
917
1123
355
398
3397
3536
837
603
4086
514
515
517
936
2359
783
856
333
1297
1106
553
555
548
554
555
558
564
484
566
566
582
570
1603
6305
713
747
911
929
936
639
973
1005
1108
653
382
2288
588
1612
1666
325
558
638
1257
1902
658
438
500
488
329
622
2201
352
439
359
362
363
496
609
691
707
442
1063
3174
323
639
449
592
209
833
1118
443
767
553
513
4084
555
929
759
802
770
721
1186
547
737
729
825
1849
522
1553
316
1570
185
187
190
248
260
731
495
774
297
948
472
563
563
908
3627
677
689
618
620
818
1250
793
411
577
1182
6681
323
1598
1316
317
328
347
507
1085
677
738
1257
678
696
978
982
988
1179
1476
1448
1457
1507
1531
1552
686
1402
1416
99
681
2024
1875
1919
2250
1174
2741
4393
717
2553
2325
963
1269
457
669
3737
397
4123
530
531
1054
970
3052
999
3206
435
5014
392
488
1235
407
236
370
671
733
915
484
759
419
421
431
432
439
1910
601
607
994
889
1068
1170
1117
892
888
1493
717
237
950
509
578
3887
1692
977
247
826
495
283
609
2796
1506
399
404
538
534
678
619
816
738
453
453
502
783
1106
1483
1033
1216
2957
1662
1366
1781
352
227
650
2415
313
466
471
471
479
480
444
445
960
618
2735
692
698
1154
2193
1243
641
1550
781
1761
1226
559
569
2126
2191
555
802
838
1154
628
410
436
1216
668
404
311
448
199
1638
424
425
427
1006
670
911
7728
1084
348
350
1334
441
573
252
1531
417
418
769
568
714
599
1093
684
1365
1337
936
827
425
442
446
448
465
8973
1622
817
840
863
953
752
1079
373
1010
1269
936
1156
1409
325
1206
1165
1236
890
1275
972
976
295
229
412
547
132
409
1835
2110
255
557
671
413
3768
2549
253
286
3239
410
754
535
3874
403
558
567
754
722
731
893
605
451
1502
1510
706
627
1914
318
476
922
857
340
303
313
477
1003
463
637
1366
1755
852
436
910
1674
997
1072
389
390
1882
679
1695
1776
1220
245
187
264
278
291
293
289
293
353
369
397
458
588
643
749
784
797
946
988
1107
1173
1181
1283
989
678
409997
109
214
224
292
297
318
365
240
524
608
199
559
2200
311
792
424
506
540
299
634
389
611
496
508
279
831
943
589
414
773
555
456
458
630
918
1363
1500
451
403
1518
4671
1541
937
415
742
743
745
1098
1244
603
456
338
1620
2142
605
774
1061
1057
770
944
1432
561
336
336
243
836
1427
458
346
522
330
755
731
1116
537
538
890
618
1662
949
1145
772
816
726
463
342
973
9433
556
260
270
319
321
247
456
365
369
376
1262
787
1059
490
1716
1229
321
324
329
428
267
496
711
910
608
711
1685
284
481
371
317
639
650
271
276
277
283
366
816
462
468
488
500
514
540
826
552
467
1031
1075
893
372
447
998
588
1271
1020
1071
2454
732
388
537
309
615
186
705
170
459
332
594
173
2109
842
875
875
1266
971
890
948
788
658
1026
150
256
328
564
582
255
256
384
1034
861
871
1177
462
368
669
255
671
946
4773
913
404
473
4013
605
6668
769
1424
709
688
2195
816
847
858
869
1022
598
604
1231
326
1096
1460
418
1648
285
903
438
561
1797
567
616
722
1294
1408
1618
990
1934
447
983
571
635
715
1180
684
1311
924
795
440
724
375
704
704
350
1872
366
368
370
352
354
365
369
386
394
395
502
509
634
581
583
591
693
718
726
866
870
873
843
939
1025
1070
1113
1210
1159
1249
631
471
508
473
1713
509
297
312
1979
485
389
403
418
823
440
534
555
569
2355
692
930
1198
849
882
926
586
587
814
824
2872
1268
1282
726
1425
1183
1640
151
202
196
3573
365
542
697
791
213
602
427
212
460809
220
229
261
281
301
706
739
380
386
401
422
442
470
426
647
585
891
923
980
506
129514
119
155
169
171
171
192
193
255
196
198
199
202
210
215
237
806
387
1104
273
288
320
329
646
655
384
525
430
439
442
456
469
472
525
543
604
617
618
649
665
667
668
994
715
569
865
1161
93
1112
98
99
311
312
667
672
180
724
1024
1548
316
352
384
509
426
230
193
152
235
108
128
138
143
144
137
165
168
177
182
185
204
206
239
303
493
551
1069
840
606
903
424
539
674
786
311
192
292
862
145
106
146
498
529
866
539
128
391
596
529
645
668
677
490
854
909
1065
1083
317
331
117
156
275
422
178
169
133
226
346
215
166
217
338
129
135
444
288
328
733
310
804
1013
169
128
134
147
201
224
257
266
271
281
303
322
407
464
271
201
262
1114
419
571
654
593
607
731
972
1368
236
1357
442
309
169
173
231
107
125
149
222
223
422
292
314
397
475
290
480
383
283
223
898
130
135
137
173
194
655
394
813
264
198
266
340
704
153
282
114
122
485
167
346
233
175
252
260
286
211
394
356
413
125
782
180
696
167
127
286
107
515
144
313
314
203
524
620
267
274
1091
282
415
297
144
121
106
146
636
377
348
412
291
776
586
141
116
1201
412
1163
642
959
705
129
107
124
106
145
441
329
610
132
132
551
693
266
632
555
178
545
207
361
329
441
436
574
576
680
1023
34
22
48
53
56
84
316
630
542
204
408
849
211
224
844
205
298
286
366
441
1434
441
754
282
169
404
201
443
1430
402
330
332
216
218
270
417
310
171
576
633
399
2135
1051
316
350
583
1133
582
824
553
346
362
366
487
593
609
239
754
849
217
297
1718
305
330
434
466
306
307
1490
469
675
1448
967
596
987
1150
291
473
599
592
264
168
218
124
440
271
598
204
194
157
159
160
201
202
245
789
306
855
691
473
282
473
353
363
594
974
143
344
243
311
526
442
311
275
442
343
504
378
283
177
1086
1183
1402
259
260
1039
609
831
514
350
362
363
365
372
419
485
582
606
712
726
836
1220
170
298
415
411
411
202
505
640
917
645
348
206
226
229
344
282
173
179
357
398
477
352
271
295
196
145
192
262
266
406
332
479
277
280
364
372
378
457
467
551
628
583
695
342
1112
456
204
141
416
330
358
126
213
214
225
556
359
235
483
374
656
497
646
1549
1566
212
778
312
371
330
444
455
569
1033
342
164
218
289
399
206
346
113
284
328
294
480
355
367
372
265
616
622
625
537
721
728
197
468
712
958
881
313
98
95
110
140
161
184
477
245
252
927
337
332
333
342
344
346
456
467
833
689
281
368
1040
576
1322
769
414
379
578
344
304
218
318
647
427
513
640
665
512
869
1043
654
1192
173
142
261
222
295
344
1512
171
489
291
333
564
404
421
1142
328
557
561
269
979
334
418
423
393
568
579
644
276
849
335
992
556
1267
334
638
442
555
267
474
535
922
323
1033
120
177
764
444
446
460
215
353
282
946
366
432
764
1119
451
167
577
422
175
555
568
571
124
703
725
738
132
855
986
1010
1310
323
1430
1431
1603
310
332
160
351
551
203
197
205
346
202
209
265
427
344
354
569
473
487
710
512
311
623
551
693
615
610
2275
382
651
329
333
262
554
559
562
273
473
454
457
462
361
499
604
622
1165
386
983
420
598
552
715
1370
355
359
359
372
471
719
721
599
613
618
346
871
1087
1211
525
164
276
204
208
315
310
328
432
489
204
984
556
593
762
980
219
1151
167
168
171
178
1222
294
634
749
482
979
539
1023
273
428
441
704
990
1427
440
328
332
349
444
450
460
561
569
804
816
474
406
809
477
309
324
359
431
447
631
638
733
476
1131
744
370
216
167
475
304
124
1456
164
161
337
386
896
442
271
758
348
1220
1506
415
310
588
397
126
261
1313
265
266
267
358
469
638
136
173
174
175
843
630
635
260
263
524
215
891
352
623
344
356
378
832
740
552
718
736
1003
984
725
293
248
257
201
120
170
353
280
226
234
238
283
398
822
1081
497
266
601
617
636
127
128
132
136
147
204
323
357
943
237
477
1006
290
686
298
392
1458
895
1115
1531
885
1517
369
397
316
900
124
333
128
171
982
482
349
353
492
781
1284
502
468
990
615
362
413
2488
585
741
2890
398
742
1416
585
586
788
1396
874
3299
364
1593
1603
3685
221
478
700
125
417
351
266
972
351
519
233
352
1307
123
747
358
214
265
283
349
351
416
421
439
314
593
723
434
661
1124
584
780
515
523
629
648
992
599
595
346
308
1081
326
330
1090
365
532
540
224
253
439
511
1799
1945
718
590
446
555
293
730
542
702
748
472
525
632
1445
1127
639
339
313
473
360
629
372
614
179
135
358
3343
109
171
16704
262
315
414
421
866
360
130
555
564
915
293
531
120
170
171
388
1017
352
936
1210
332
247
194
121
200
444
555
304
271
309
407
517
557
438
129
124
952
332
339
562
677
787
308
463
307
295
436
361
362
524
216
621
637
307
524
979
957
525
510
504
261
171
351
582
347
445
1007
357
310
665
267
271
279
367
319
494
671
677
542
738
642
812
687
951
867
1009
716
280
1168
186
169
132
554
257
178
315
354
464
346
989
358
125
151
169
188
211
215
237
271
275
393
404
570
851
561
262
975
363
368
386
853
419
421
459
533
653
863
156
1188
182
276
1440
258
130
153
178
179
228
244
286
358
383
450
504
224
168
476
412
363
383
150
152
611
234
246
250
552
561
864
969
495
838
1119
404
357
363
365
379
382
387
243
425
499
366
625
716
327
772
874
1186
1215
1315
1345
1591
1166
1451
269
217
416
702
568
1620
124
124
129
181
269
309
329
421
791
729
419
960
310
554
523
244
263
125
1271
633
910
230
132
138
443
176
183
371
125
175
304
213
180
215
218
317
324
387
159
467
124
132
144
153
200
214
220
225
263
268
287
319
320
345
354
423
425
436
466
553
241
627
118
203
898
216
422
423
277
565
534
124
850
326
993
1275
1305
1745
868
422
943
702
415
315
316
325
330
334
446
526
532
537
540
185
774
169
171
219
223
245
327
639
1127
1290
1355
702
708
714
508
504
506
1267
1094
51
1175
749
62
492
495
438
1193
1295
783
26
128
142
146
150
156
163
217
218
243
259
259
266
269
281
325
334
343
373
402
430
519
524
564
588
635
638
644
647
660
670
672
673
717
719
734
742
758
769
899
832
854
894
918
1014
1065
1110
1154
1273
1367
1415
1462
776
1549
1619
1646
1667
553
1713
203
1791
1793
2737
337
2076
445
2199
2703
2704
3050
3079
3091
3110
710
353
359
160
697
599
600
389
4242
1525
328
552
329
354
1184
1023
330
340
593
595
360
786
473
479
595
1074
1458
125
469
132
181
215
455
378
417
557
601
486
412
473
555
301
699
597
175
215
689
806
440
165
329
693
477
170
205
693
841
213
124
167
356
352
309
415
816
736
406
593
445
238
324
263
122
263
160
119
121
171
178
140
169
290
298
227
541
847
316
602
714
591
406
248
428
358
368
286
377
289
299
343
376
393
507
439
460
494
542
634
546
586
338
603
688
698
820
878
943
997
818
1259
1202
310
313
315
969
22
24
471
480
341
633
627
546
342
421
354
205
161
262
354
357
359
310
310
311
315
313
322
336
274
422
534
282
741
770
803
925
1112
434
1054
1112
160
322
1341
349
540
200
541
742
460
475
331
167
125
137
170
223
269
201
203
45
23
67
473
129
128
215
130
139
143
178
179
182
220
229
262
275
348
976
347
353
377
213
214
580
374
375
638
938
169
176
303
622
396
170
537
213
224
193
589
878
615
312
318
478
863
979
1550
1329
165
1475
169
614
2511
1998
1016
353
354
716
553
401
575
475
124
172
579
216
531
889
344
415
309
559
551
351
267
421
442
451
529
271
207
1072
754
327
437
549
446
652
416
212
990
161
159
217
217
535
542
628
274
274
350
633
437
974
145
263
445
167
219
543
717
356
360
356
722
129
269
129
354
979
829
172
1091
270
279
546
423
628
346
523
463
223
289
119
123
152
181
185
196
219
520
304
344
362
750
785
733
709
571
587
1498
936
1220
432
1077
1873
340
320
328
536
2223
554
584
338
298
2839
248
588
802
436
1205
1072
132
225
345
134
135
219
159
524
128
630
168
295
152
1086
516
643
449
353
276
705
472
826
1068
442
345
216
221
222
223
779
129
133
291
370
491
533
379
761
770
857
545
460
356
428
332
160
743
218
567
590
151
864
1040
1603
298
507
160
162
706
197
469
113
115
320
318
581
349
466
215
171
356
624
352
263
452
637
820
423
574
663
1098
420
262
134
276
277
281
182
230
394
404
458
473
489
502
141
648
785
605
1021
527
1135
1167
510
424
425
544
547
446
840
265
1148
179
3602
213
260
320
328
336
339
340
461
560
652
655
671
678
885
1504
110
200
224
332
561
205
714
494
354
358
335
328
990
448
553
215
172
164
227
202
349
408
202
244
577
349
511
544
932
448
627
151
382
451
885
530
1220
527
420
1102
178
832
275
673
613
17412
552
446
1014
187
137
469
54
38
277
1358
349
488
588
609
717
1201
463
226
145
150
153
166
169
169
210
211
216
239
243
292
294
299
389
432
582
615
630
767
809
346
1160
199
321
322
200
422
554
643
651
23
45
523
724
2218
1820
184
717
264
410
355
505
144
145
149
203
347
451
245
453
600
127
266
356
352
601
95
372
227
445
266
314
388
464
490
538
390
558
565
633
948
513
410
149
153
154
155
156
158
163
174
237
257
1064
305
313
479
346
375
409
331
487
411
272
620
523
712
219
861
975
1059
498
674
305
659
515
467
535
707
641
251
354
264
277
473
489
374
288
461
327
334
363
132
134
558
146
565
731
735
183
433
436
448
428
606
320
950
985
545
239
242
245
846
273
409
331
1002
499
585
443
446
447
311
829
857
524
663
235
166
403
263
123
858
266
266
130
132
705
275
373
592
1352
213
513
540
143
148
201
151
156
167
202
292
122
636
153
306
156
167
170
204
442
309
333
343
497
361
373
382
469
478
484
501
656
506
521
563
437
438
441
740
650
1168
484
716
1220
413
347
1013
538
286
1011
161
1990
205
272
131
1063
537
268
269
343
5542
641
155
196
5170
139
170
307
261
313
422
165
119
420
216
204
206
209
303
422
704
170
136
147
157
170
185
194
203
204
205
224
270
274
341
347
348
453
453
493
494
504
574
580
613
650
654
780
508
793
815
880
748
1101
1114
544
1132
421
1278
242
246
543
548
840
124
169
659
443
238
449
584
686
817
1062
323
215
249
163
411
740
506
560
575
146
499
408
669
515
164
813
246
300
482
259
395
592
670
647
162
134
175
328
214
1305
390
697
319
832
643
587
591
592
981
126
162
1125
119
136
231
294
393
38
123
308
260
288
118
471
1881
198
1074
605
201
269
463
715
901
775
207
1005
283
206
212
213
215
280
266
417
292
293
560
433
484
703
499
3488
122
473
485
604
522
370
906
1148
693
561
564
565
566
959
1409
1560
1153
527
307
337
976
615
643
250
1025
1087
1149
353
730
15280
478
239
1073
1134
1165
1196
231
18137
1163
133
138
1030
656
684
983
425
433
550
554
22458
667
557
696
553
418
556
354
268
466
535
570
374
679
1359
352
352
281
284
458
377
486
687
687
317
787
979
320
343
431
443
553
577
336
868
945
610
529
1543
463
793
809
1825
391
394
623
1520
1177
1100
832
402
3205
285
286
406
697
328
197
412
553
441
405
889
264
592
676
369
371
373
374
375
376
384
385
386
388
391
406
483
472
510
531
571
587
625
633
635
649
665
684
1084
1114
742
750
776
838
404
405
935
1005
1075
1168
1233
1242
1553
1977
404
206
207
209
217
277
282
338
346
357
469
498
746
445
355
756
462
379
390
178
482
485
486
487
490
492
503
525
346
228
122
592
601
457
459
470
364
556
215
904
1151
1253
1273
271
181
221
409
339
609
628
176
228
672
63
22
445
1130
264
447
470
1224
1054
1084
33
28
1227
551
1082
242
500
332
316
317
322
199
284
286
132
135
139
1131
1198
438
874
817
523
211
332
333
450
554
402
540
558
567
919
437
490
1225
291
479
311
424
168
457
416
125
530
316
214
341
179
143
144
153
161
162
181
192
200
204
208
234
284
293
310
420
498
142
154
157
159
296
290
329
366
367
499
733
505
1110
1140
680
954
390
1621
317
127
1032
172
182
218
645
368
417
443
442
225
168
699
341
243
142
145
245
444
539
441
839
600
750
475
66
50
51
58
60
85
87
92
96
105
125
132
168
205
503
332
701
233
849
138
144
191
1208
534
1437
1460
1600
1695
189
131
3164
750
284
922
2731
343
438
896
536
548
24
21
23
375
880
1323
1618
403
1296
1115
375
189
228
232
486
230
138
144
184
191
241
324
465
84
103
14475
309
422
524
620
744
857
474
138
170
170
928
236
898
289
321
425
447
167
346
137
185
201
235
171
319
349
425
621
514
304
414
417
142
143
200
247
352
732
593
591
415
957
406
1509
203
632
514
485
286
166
260
172
133
171
284
229
400
940
598
585
842
1076
464
463
378
1608
355
839
142
145
149
194
507
356
352
346
595
472
944
1037
366
367
485
310
625
420
1050
725
750
968
1007
442
1348
263
353
473
354
361
854
1094
335
204
279
475
161
275
163
220
333
473
571
635
343
462
318
318
1092
1475
63
437
216
1506
193
244
261
264
370
436
546
619
332
283
328
407
304
307
273
161
486
372
549
1079
671
729
355
445
2404
2493
347
352
3112
3113
3131
3164
3166
3177
467
3191
3192
3227
3230
3250
592
3341
423
3368
681
473
377
571
591
444
594
643
347
321
274
448
549
375
223
494
296
491
398
1358
144
287
148
150
461
765
768
282
171
697
925
978
462
395
484
493
839
18860
1342
860
408
358
362
634
697
383
603
607
598
841
418
960
353
521
128
285
364
1483
617
447
816
1144
171
273
221
127
130
135
191
192
195
224
226
228
237
483
487
289
385
225
448
130
263
197
335
341
562
888
468
503
1064
904
219
596
376
509
635
1210
349
712
572
705
497
1094
214
321
160
215
123
216
241
755
363
891
495
505
805
3091
864
35
35
658
271
277
351
375
687
791
1045
873
820
993
3506
1454
170
3793
747
4046
5620
952
291
295
386
491
311
912
203
118
131
167
172
204
265
275
390
353
264
271
278
353
370
375
379
123
548
142
232
723
340
847
449
563
178
286
307
171
484
407
136
133
824
332
304
307
310
311
313
325
326
327
330
477
534
537
553
726
846
861
875
713
170
246
253
290
294
315
438
459
539
418
478
312
410
628
352
353
362
363
445
547
304
1552
488
391
636
652
925
307
1333
792
2318
352
124
175
141
180
284
431
386
447
382
384
390
659
768
1038
1315
599
924
262
124
396
464
834
342
474
828
694
166
170
690
1043
575
289
574
381
1100
170
149
152
158
159
167
173
187
191
201
233
248
666
326
329
414
481
457
915
334
355
356
357
364
332
604
835
668
263
635
817
470
456
350
589
454
1527
131
626
486
278
263
340
360
682
708
837
873
485
494
1629
500
646
476
936
632
720
726
366
375
1087
508
609
614
627
266
860
464
470
1313
599
940
443
346
347
348
461
634
587
196
528
347
196
197
684
891
710
414
822
287
781
1215
538
421
630
314
326
432
439
228
642
650
340
771
167
170
181
235
345
349
455
390
506
1362
861
871
221
66
607
488
407
513
263
396
264
272
277
277
167
352
367
286
294
729
470
357
597
223
109
146
354
262
467
481
225
203
206
348
125
1071
324
269
512
366
340
172
226
229
467
743
442
444
445
416
263
532
698
434
180
272
226
142
263
265
280
362
840
547
729
724
594
270
139
183
442
231
512
308
514
349
363
364
694
588
591
599
604
610
864
1093
1530
1125
1193
451
595
1029
130
364
106
245
603
192
249
260
369
1368
760
616
865
1075
1099
1261
216
473
167
522
355
696
184
718
435
110
701
357
94
242
711
726
821
475
198
207
208
245
342
350
352
401
414
248
251
254
423
100
94
595
520
304
201
335
1428
228
179
227
352
598
352
465
470
554
224
620
711
490
909
423
750
783
389
891
1331
435
1382
156
193
568
514
113
115
116
134
148
395
222
241
432
391
440
288
472
478
479
1085
775
790
791
1253
1257
1670
226
106
144
573
348
457
804
59
43
118
304
90
31
304
306
261
398
265
266
267
275
290
293
295
297
305
309
321
333
334
337
342
250
300
424
452
360
476
482
977
534
545
576
599
516
634
643
665
691
728
763
498
939
1005
1050
1091
948
337
452
222
742
876
701
470
166
199
398
1442
356
3626
3737
832
33
31
576
1276
387
544
341
691
4135
601
608
880
11536
299
367
536
546
791
2344
801
984
741
239
337
349
406
412
431
499
588
600
355
357
360
245
246
844
852
502
1112
756
895
443
41
33
833
362
363
365
368
495
601
604
872
881
966
1008
744
441
445
461
463
633
767
769
771
780
692
901
1215
425
1352
565
176
143
152
192
1558
204
344
988
442
1135
696
561
705
717
723
867
1307
1567
407
512
942
583
350
468
470
475
599
689
823
838
949
1200
412
556
698
278
346
597
821
597
824
243
817
485
480
484
287
938
1072
368
1223
168
127
131
135
175
186
229
479
501
506
586
352
356
358
371
483
589
622
703
726
861
960
1203
161
222
280
332
196
265
444
268
446
573
642
675
734
748
340
966
353
355
355
479
260
138
178
221
227
232
1896
78
28
274
272
830
732
125
125
136
226
437
348
123
124
579
143
154
383
406
435
463
347
42
33
350
247
143
147
152
153
197
226
143
230
267
952
597
408
424
433
545
1049
733
747
952
353
445
836
263
894
775
810
280
1048
957
246
194
252
313
411
587
585
340
358
361
362
472
477
599
1060
1069
360
1179
489
1221
264
441
837
416
353
451
361
433
845
471
673
262
160
163
170
178
178
280
286
309
320
352
355
569
412
744
767
161
381
1494
282
178
185
234
241
244
248
291
370
410
497
332
332
305
320
410
460
415
502
355
949
365
366
474
482
602
515
732
586
310
471
584
730
736
411
337
1430
555
1055
755
695
817
133
217
228
1312
263
263
266
273
274
275
361
453
720
517
264
263
666
244
514
503
589
305
314
417
527
530
211
631
744
350
356
359
1024
816
197
217
399
594
599
718
201
203
479
352
262
1099
262
617
621
627
214
203
333
205
975
944
774
409
521
743
1531
353
332
196
198
356
1090
341
251
247
341
781
503
388
510
514
519
142
634
645
443
142
443
332
628
334
332
419
886
327
381
519
522
660
891
1041
1043
1350
352
351
353
370
379
391
481
494
506
507
530
609
621
629
653
653
768
897
1026
363
1087
1148
1245
233
201
197
198
464
299
346
143
211
266
272
353
445
870
1518
707
202
337
134
196
596
899
353
354
304
307
411
415
446
361
441
452
354
169
591
168
361
1135
472
631
352
166
98
163
205
510
124
302
594
515
541
305
263
849
963
277
168
1086
592
503
1173
988
263
263
625
275
668
167
227
340
328
330
517
559
350
356
357
374
398
413
450
483
490
507
509
510
521
546
569
595
629
633
639
649
675
756
771
805
828
887
889
933
984
1066
1151
1206
1245
1260
1321
1449
1520
354
264
277
216
447
638
337
661
678
231
839
1194
1054
634
1504
913
594
1575
261
437
628
273
462
466
628
253
753
903
262
274
344
450
520
594
621
265
128
129
183
1156
272
443
269
274
329
335
447
459
589
556
923
266
958
329
515
597
532
444
448
551
823
213
124
130
416
45
41
44
104
147
301
331
396
569
1080
628
250
94
166
123
135
178
182
348
329
440
709
384
585
351
266
361
364
483
567
445
729
356
746
746
851
349
420
424
557
622
845
833
446
587
23
101
222
663
316
267
267
1534
192
296
301
329
748
1618
272
1389
352
202
490
350
605
353
834
602
982
454
1048
555
61
24
901
334
138
23
352
835
47
35
169
171
700
143
149
160
198
212
256
316
358
473
625
357
447
833
233
285
131
169
172
173
174
226
228
296
440
717
343
700
442
591
353
190
194
196
200
163
160
558
344
349
350
351
353
442
469
482
564
613
629
702
809
812
858
865
1022
1052
1065
194
1218
177
231
129
132
263
214
221
320
326
267
356
445
460
461
462
540
655
472
667
596
838
836
778
740
960
986
994
1143
329
893
402
143
589
360
1093
1194
553
629
412
351
541
552
420
143
553
154
158
164
718
719
206
207
253
305
395
426
1066
545
1164
1693
1336
167
100
102
128
293
450
362
526
905
251
339
666
528
787
602
624
1194
596
292
477
695
752
866
427
425
438
556
1207
753
1197
446
266
167
533
632
278
462
347
360
379
388
396
413
502
569
601
612
655
661
666
682
696
704
776
780
786
862
891
923
982
1010
1059
1060
1153
1178
1235
1281
1333
1416
898
508
2299
617
1103
1276
672
790
446
746
261
130
171
351
262
439
536
443
330
558
329
665
328
485
831
345
191
403
321
744
649
443
330
1056
1681
489
247
272
340
344
357
405
416
434
443
501
602
692
707
825
119
419
640
424
859
751
142
159
161
165
167
194
215
299
325
424
495
599
584
351
359
481
587
588
841
1059
586
43
51
51
76
78
79
83
85
88
90
96
100
116
140
165
171
187
204
220
245
649
723
328
164
118
122
161
161
394
516
405
240
322
195
1641
246
468
170
660
637
32
48
1539
159
118
164
300
216
386
335
273
532
320
648
593
358
362
605
719
850
347
345
316
316
634
527
717
316
354
324
619
630
650
713
907
1209
1239
1278
1440
425
534
291
306
307
857
515
206
825
126
130
132
135
161
207
294
356
352
355
357
598
712
593
602
858
1087
972
355
1094
1405
587
304
410
533
316
215
162
163
166
167
226
229
384
392
462
351
464
94
98
277
167
128
317
319
321
327
330
331
539
463
752
766
987
1007
1177
165
371
401
445
592
802
986
753
539
282
463
368
479
480
609
477
844
852
199
1063
1092
1233
288
118
513
306
320
336
414
427
430
515
562
630
764
765
848
985
1095
475
953
282
410
168
314
315
317
321
407
540
956
967
1095
513
593
726
124
422
268
530
1535
1839
184
318
327
463
355
215
581
517
315
316
472
437
447
453
516
560
732
738
985
1110
1288
293
203
238
318
320
334
407
281
166
443
188
195
316
386
458
129
225
717
592
316
139
146
156
164
168
180
191
201
262
273
318
324
347
430
460
507
613
651
674
868
226
130
133
231
325
477
167
316
316
212
135
140
225
279
286
723
547
876
500
501
322
734
128
169
28
92
154
157
747
747
442
472
774
1509
1534
1714
638
795
631
397
371
443
449
99
94
109
110
127
139
150
156
162
485
327
343
421
429
452
570
676
803
302
126
220
94
94
145
151
164
238
332
387
590
527
588
310
466
742
69
29
37
63
582
446
703
1225
1067
1199
647
99
94
316
715
472
352
719
959
1650
814
446
541
266
269
272
272
283
288
292
294
761
407
357
376
450
467
472
712
1022
1492
1298
304
621
742
452
1142
315
317
319
1230
391
125
224
598
408
406
206
204
168
124
259
161
166
215
388
407
411
569
418
318
340
341
344
443
460
463
465
466
602
631
767
194
793
810
961
193
203
986
1194
690
298
569
435
1165
681
1947
1230
194
192
1045
464
590
347
317
315
270
203
248
287
243
194
365
195
409
824
305
835
902
304
587
442
745
593
773
1246
1473
1553
1384
1715
1330
1420
628
272
534
210
274
285
347
353
205
211
604
514
523
619
119
136
139
119
221
284
244
252
461
367
533
391
548
588
571
794
927
276
122
163
185
193
197
215
233
256
286
303
382
386
482
305
344
124
314
414
421
722
1144
756
442
263
297
162
263
202
159
160
432
586
349
350
939
573
597
352
355
356
305
272
205
277
309
224
433
369
1110
765
315
317
629
207
166
546
633
450
918
443
834
352
476
1271
310
515
162
159
161
410
130
406
333
202
204
165
216
261
312
94
94
99
234
240
197
197
203
208
214
220
222
223
239
242
252
305
314
360
368
408
440
441
451
455
468
492
538
547
563
581
590
622
633
728
765
796
486
793
923
1034
933
117
2555
143
668
187
218
243
304
366
439
477
2120
3371
616
3598
4239
1015
3507
3514
3516
3520
3525
3531
3534
1188
3638
3736
3747
3842
4155
217
594
330
335
352
595
278
163
1050
281
280
479
771
332
95
518
271
1048
316
272
320
429
641
613
1012
914
1088
1298
457
458
463
910
192
272
341
575
281
128
281
309
131
138
140
142
200
227
247
445
229
576
578
228
658
163
169
173
188
191
217
283
287
310
316
334
357
393
441
445
672
346
707
524
310
940
595
519
525
1044
1057
248
582
276
162
170
220
224
226
276
404
264
264
364
447
633
1132
275
163
218
525
164
385
225
143
615
272
172
220
279
1078
162
99
102
103
168
198
247
182
288
1373
450
451
597
1049
1049
177
130
664
281
214
263
169
531
574
215
132
184
356
215
322
458
415
272
273
456
463
646
835
1110
322
567
585
466
581
1064
170
128
131
218
224
597
473
601
726
238
238
445
262
264
269
270
458
552
914
153
1798
720
531
133
142
145
797
200
250
932
334
503
507
787
445
445
4336
216
265
285
298
302
366
471
481
508
658
770
310
635
473
101
199
322
453
266
267
737
413
834
94
522
338
170
636
443
377
378
750
904
1669
305
446
516
597
375
898
280
291
297
380
386
408
582
588
598
607
402
324
715
238
354
242
331
408
409
723
274
368
1103
477
655
1356
855
269
206
409
580
650
338
810
771
448
743
944
1216
713
517
1864
549
653
476
4486
445
594
197
197
412
336
340
482
443
669
1356
2078
1107
1111
733
178
504
1416
630
140
636
640
197
728
743
330
877
982
1000
1310
1203
442
187
146
377
443
376
446
354
263
360
270
213
371
163
165
471
554
560
273
575
576
673
1117
789
462
1433
443
1053
591
472
285
289
483
772
743
595
751
765
1534
443
443
186
263
57
42
449
443
598
167
744
166
375
285
1060
282
285
382
387
633
669
716
491
69
22
328
576
477
280
238
249
249
424
492
783
291
1214
195
335
226
285
287
744
443
744
584
637
952
533
2152
581
1062
518
262
506
273
354
385
672
840
1109
5376
559
118
182
525
655
403
664
398
122
124
289
474
175
437
1216
486
239
581
316
316
472
595
877
320
428
758
404
199
264
160
273
160
165
228
334
349
356
562
769
321
440
541
44
898
86
421
323
457
207
1094
608
206
1212
502
161
165
398
443
745
746
754
179
161
132
123
124
126
372
332
164
169
297
308
354
564
629
249
124
169
178
184
190
222
243
266
411
471
480
531
367
124
222
50
174
181
22
239
288
297
205
208
289
131
172
174
177
181
215
215
247
438
628
330
536
556
440
585
289
670
333
226
140
146
162
167
167
225
227
279
307
327
516
570
572
668
726
743
807
857
867
921
736
407
592
194
752
244
898
118
160
785
1361
328
334
335
339
343
443
555
624
788
200
348
1028
295
142
353
352
1098
218
163
197
216
537
227
175
179
181
188
189
236
245
284
319
449
346
352
369
439
486
513
908
1089
263
480
401
628
192
143
146
193
209
261
266
708
388
1063
160
591
748
354
540
627
339
514
331
560
744
1001
1818
928
9776
107
753
328
718
358
262
903
729
718
367
597
606
738
1102
383
145
171
175
184
1616
268
270
530
531
472
717
953
351
125
124
125
131
317
111
157
162
282
334
339
880
347
381
387
272
352
351
714
360
481
489
294
121
896
989
990
1090
1140
354
713
780
332
333
780
308
304
410
550
262
725
447
264
265
273
372
449
534
667
649
438
1543
372
1541
304
701
456
13785
343
348
922
938
588
1358
472
447
262
534
748
316
320
324
645
543
515
515
406
417
940
126
133
138
190
286
323
353
373
391
625
410
305
308
410
1022
444
277
277
281
283
286
287
302
307
312
316
329
332
341
342
343
350
354
357
363
364
368
369
380
384
391
393
399
406
409
476
478
484
486
515
517
629
643
645
677
683
721
730
746
762
787
810
925
820
847
851
862
878
919
922
961
1287
1314
1337
1363
1405
734
736
1578
1746
1843
792
2009
306
318
322
324
329
367
369
381
410
421
426
446
480
497
551
560
586
619
639
640
641
651
683
692
716
749
773
773
818
846
912
991
1257
278
265
266
728
590
1200
299
125
126
595
592
203
272
275
347
495
443
337
440
441
447
178
426
159
123
471
382
697
690
773
776
542
283
876
118
121
354
355
1218
2817
719
1100
329
439
755
516
126
128
131
146
150
644
180
241
257
278
294
307
333
560
440
338
339
345
459
554
577
558
1245
1445
167
798
247
1360
224
174
714
723
836
168
125
129
172
314
125
911
174
362
125
441
258
129
145
298
443
893
507
898
244
262
276
299
303
170
405
225
1782
227
130
2073
232
2099
2199
2240
3874
7736
796
361
1007
1031
475
223
130
1097
715
264
187
232
168
128
175
225
305
452
121
454
158
244
165
289
443
385
775
445
445
450
1052
2005
118
118
442
331
333
341
448
677
440
333
448
684
1033
1224
301
263
308
406
195
332
228
132
780
1023
332
913
383
834
370
380
385
388
394
402
403
406
408
411
419
424
471
473
476
495
549
608
618
646
653
663
668
672
679
744
842
881
903
1002
131
1055
249
1662
1898
322
209
132
435
384
399
410
469
348
530
198
251
217
299
309
183
410
230
372
378
390
402
289
420
295
488
196
502
532
405
123
118
124
127
196
244
247
336
337
631
169
126
213
420
205
180
482
127
136
137
171
236
263
271
223
302
263
401
354
269
453
166
589
1216
329
439
214
368
464
205
123
123
128
210
341
668
286
474
906
292
767
244
380
447
444
227
444
891
349
510
745
443
377
677
893
442
447
449
1643
193
148
148
201
245
449
333
331
497
118
125
291
669
283
298
301
402
505
569
696
1011
1054
142
499
735
240
243
249
251
252
261
261
319
321
416
439
573
601
778
442
178
269
286
290
379
385
187
450
491
289
547
553
351
177
679
759
327
794
1575
637
380
226
273
536
427
592
1043
224
398
124
174
1360
196
235
239
129
168
232
360
468
473
512
131
130
411
129
129
177
352
119
355
119
120
162
961
471
778
447
451
464
474
781
351
687
777
911
267
805
229
839
884
951
978
183
125
136
143
163
179
1105
307
504
361
363
372
378
385
388
517
605
622
638
639
1003
1013
1697
267
344
327
244
246
248
252
332
344
424
147
346
200
204
250
295
142
372
515
409
128
131
135
178
481
494
525
562
413
706
707
1053
963
1347
1213
238
413
488
891
328
832
358
474
839
218
224
300
647
318
425
446
447
263
555
665
672
207
1638
169
124
420
154
1285
261
257
557
329
352
352
357
473
217
136
138
151
152
155
167
200
201
227
233
254
594
596
743
799
171
177
180
654
161
117
376
1155
382
126
160
168
215
473
646
640
426
1154
787
329
558
202
347
118
121
122
123
332
177
220
380
448
390
393
634
550
560
727
462
229
450
416
360
666
819
118
55
83
90
300
248
145
250
162
253
167
98
107
133
143
302
327
624
264
267
279
462
559
564
648
722
217
218
280
281
158
248
572
441
342
319
937
573
459
575
298
31
38
144
164
165
166
176
187
189
189
198
239
240
243
243
252
260
264
265
274
286
291
325
326
337
357
372
381
400
412
419
431
458
493
499
535
548
575
596
603
652
661
674
701
738
781
783
785
795
878
901
909
930
995
1015
1196
1241
1452
783
1774
1777
1821
1855
268
1938
264
2092
188
2220
440
2446
109
356
191
720
669
328
211
162
915
128
1026
294
184
245
251
263
446
