Waf: Entering directory `/home/flaviojr123/reproduce-red/build'
Waf: Leaving directory `/home/flaviojr123/reproduce-red/build'
Build commands will be stored in build/compile_commands.json
'build' finished successfully (0.636s)
Load generated: 850712 bps
Number of response times recorded: 19967
143
203
168
74
210
315
49
235
103
157
393
232
217
255
266
481
396
440
365
549
382
537
426
428
436
611
400
533
621
595
738
546
407
809
496
537
959
830
682
689
608
609
892
1277
415
487
661
446
804
818
596
669
692
829
352
908
930
684
382
970
968
327
411
450
542
471
741
716
267
1502
277
289
295
295
297
390
393
395
787
606
1932
1385
778
805
398
626
1148
1925
684
731
844
556
2137
2246
835
1859
2099
798
863
864
563
494
1671
2339
514
569
700
357
2439
678
1881
481
977
682
396
704
1984
682
1656
430
789
774
831
667
2913
2609
1252
506
897
2843
651
1130
740
744
2646
1863
1448
426
397
2591
1175
2589
524
513
2499
2955
3075
938
3226
2836
3305
2202
2544
895
2363
403
2421
2377
3437
2052
867
2770
381
410
891
1891
1811
1046
2281
2491
2972
649
933
592
2152
2511
2653
822
2006
2787
462
764
919
2438
2439
592
495
3774
333
3742
2508
460
639
642
496
650
3361
500
502
629
3498
3501
2442
780
687
2108
3616
2581
448
4420
4011
2175
1835
2837
2546
2653
3304
2771
457
3508
824
780
505
2679
3438
2761
4177
2257
431
3492
5064
3820
5156
1685
2863
2772
1469
4269
4236
3793
231
305
541
4031
526
370
371
588
5567
1090
629
4613
3542
737
3704
3522
1047
5338
650
1948
5606
733
519
5191
695
3235
3134
3948
963
3135
3547
3762
4267
3741
5236
3721
3302
645
2393
3204
3916
562
1069
4131
1059
400
647
2259
3408
4999
5327
3420
579
697
3579
3768
4041
6339
3466
5053
3541
5486
1699
5680
2429
4447
591
592
3857
3561
534
5601
2301
3369
508
5435
705
527
3886
531
686
2166
1023
396
771
4034
3393
519
5479
3655
4324
5530
4009
2075
5509
5239
3476
4325
5135
3562
3446
3530
5845
5465
6389
3602
6535
3487
2556
5200
6045
3972
868
2372
5202
4718
4553
5515
7162
4448
3967
534
2994
581
3495
6103
7586
625
2679
2601
3288
3289
3364
5327
2507
7689
1962
374
3385
5628
3617
7212
2267
5837
1748
585
3572
3573
4385
3635
2706
2125
763
767
550
3776
7017
7394
614
440
6860
8234
2436
5686
736
807
3581
4908
5164
4224
4915
7026
5483
5067
8668
5606
3909
3939
3556
7156
3647
4117
475
3897
3550
6614
329
6504
4118
3727
468
6378
3672
1030
339
3628
6932
7160
506
3678
8823
5515
6933
611
7167
7138
4516
4185
6886
6434
6552
4205
4939
5803
773
5619
6639
8623
692
7446
3932
7623
5808
2293
5571
7260
6370
5210
2541
8007
4299
770
6526
4420
2626
4215
6666
3838
5247
4012
5848
9100
1020
4948
2873
2123
3319
656
567
3857
4966
4901
6452
2958
9446
2056
4918
5601
8219
2803
5874
6932
818
2592
2736
4263
2731
4338
7481
3568
4128
6677
9133
6395
3703
4755
3396
4773
4076
1757
7403
7421
9935
3844
3566
6749
5900
3626
8018
4124
6563
2335
4568
6144
9080
6601
4095
3771
786
632
6673
8792
8234
3598
4346
4922
6440
9673
3448
2366
3633
8486
3520
10688
10599
3571
3575
5103
883
8290
10506
8176
4624
8300
4710
6676
1038
4963
7686
10081
5661
6601
9631
2124
6646
10706
7888
2673
7024
9506
9481
3912
5881
5644
3652
2773
8311
8549
9132
11276
5916
8527
8476
9562
5596
5166
3598
4174
2486
10794
2662
10799
3476
679
10926
6806
4554
5669
6637
8996
3561
5703
8692
3657
8136
10109
10855
6863
8740
3530
10012
7659
4796
6318
6681
9704
11022
3440
8869
9869
8261
12661
10795
4056
9734
3452
5874
11945
7825
631
11465
9546
5558
11871
9449
9908
438
9480
6690
6116
11544
12953
9640
9646
6890
11632
9817
7345
8078
5455
8922
3896
3794
6016
10930
5675
8763
10267
12809
12463
10486
10830
7166
11304
3707
5508
9650
7809
11609
5883
5317
6832
6406
12818
3666
3699
716
6488
6596
12747
3538
5889
9609
4863
9355
3687
6656
11982
12707
7259
2947
5843
10469
6413
12475
6694
7445
7719
6623
9893
11095
3523
3758
8530
6486
3475
12459
4730
8112
6140
10922
7333
6830
10581
5166
9491
12267
9419
2004
7261
13473
10545
7446
5499
7961
8146
14389
13505
11685
7574
13753
12611
3607
3614
9445
13517
10541
9327
5669
7516
2667
6061
10863
6894
7282
11317
7083
6674
5754
12853
7367
9516
791
7839
6008
15004
10047
744
4237
12502
9287
10947
14128
7101
11678
2417
5837
11404
3471
3657
12919
9821
8462
8635
6824
5591
3625
9273
15819
12371
14537
13352
6716
8990
8481
3497
8568
8320
9449
6967
8677
5376
6612
12712
12506
9745
10030
8984
12883
12551
13271
9367
8194
9166
9752
12136
13018
13102
13452
11035
7045
14418
3506
10099
7089
14325
13965
5527
9788
15584
9648
9747
9851
398
14698
3490
9241
9599
6782
8761
6476
12801
2901
9483
8169
8406
12197
15491
11506
6792
518
5615
7053
4977
13334
5946
13779
8582
14929
15732
8683
13426
644
11169
12753
5951
9614
5999
1391
3559
13957
15784
14836
5672
8680
5149
9554
3015
11931
9644
2522
12554
11226
8835
14516
10969
2416
10355
5522
562
10673
14602
5776
8848
9636
16726
12636
9728
3739
11796
15153
8697
8703
8748
17244
10203
15860
15053
10163
15288
8959
16415
15139
11537
15734
16885
14378
10264
8252
11905
15567
12608
10752
14991
7834
2795
11211
10054
4396
12692
11682
12508
17955
8688
6682
8423
11306
10497
12490
14076
6335
14107
11921
15710
3501
15298
14737
9917
9736
10553
11165
15561
15713
2412
13962
13533
12273
10239
16199
17988
3644
9320
10386
13551
18571
7416
5935
11232
16208
12660
10766
11715
10500
734
18749
16872
11062
14999
16244
8457
16559
1051
16599
19469
12685
17054
13893
788
10326
10723
3539
16588
14920
9367
18412
2911
19359
12683
17264
11482
12394
9908
9381
16692
13458
11140
3652
8798
17734
17143
15681
12584
3550
5769
15013
15177
11757
9467
12854
10426
8541
18049
8703
14883
17903
19208
3148
3794
8417
18440
12391
12792
3614
17792
17312
13715
21289
16557
9950
14667
13822
13524
16080
8814
16342
17823
20448
17490
6601
18229
15607
18358
3612
18454
13550
7881
2234
14019
6462
8900
18877
14631
10239
17875
7671
12241
9727
5680
10887
662
17721
5589
9555
9511
17168
5086
18719
5616
12486
14703
19809
7683
18953
14614
3573
3714
6650
21441
14844
5754
14212
6025
4945
14418
18986
14581
18335
16326
10708
11272
10893
19162
20555
18889
9526
12881
9745
7388
19789
13034
14724
13455
16736
3759
6679
17291
17062
13059
13091
3625
16778
1029
10371
16157
15960
12615
15815
13151
15775
9773
9784
18572
8428
20122
14729
3898
7958
6793
15765
4280
7707
18255
9766
12739
17297
5412
11212
10498
10558
5753
21774
19986
10832
12552
20269
17603
11399
2764
13853
5680
17622
18039
18042
9411
21632
18779
14709
17307
15455
2948
5415
11710
8379
12760
6587
7048
23470
17001
13056
18213
10676
22157
18443
2749
22238
2876
14612
17399
9409
17729
2614
18034
6728
15353
2460
21168
14330
13023
18998
16936
18738
19418
21632
13476
17712
24735
24204
19343
17895
13265
23315
21786
15882
14535
10288
16867
10510
3050
3932
20960
20220
894
18869
22322
5851
955
16312
9796
21943
9838
22449
19511
17530
10481
11336
21801
10781
3884
13078
4197
23939
18739
15547
9906
12489
6089
17596
4099
16915
11626
13039
14663
14770
6384
4978
9108
14578
6584
25387
17703
22521
5620
23883
25189
6941
3844
24019
19291
26307
23662
20759
11953
20492
11847
14256
23497
15563
20685
3991
9879
6568
6991
17618
15747
18983
12488
15760
15769
9575
15136
18805
24095
9724
14721
23821
18162
23180
9717
20724
9538
24599
5325
20708
11014
5646
5987
21657
12516
6739
13040
18101
18710
953
20021
5798
18588
21691
14122
17207
19682
25141
17932
6783
21371
12748
9626
7039
23856
26647
9819
6974
14282
17682
24621
12467
25321
27374
6413
14344
896
14803
27494
24781
12555
14748
8467
26651
15604
22470
12431
17745
22943
5696
17988
21297
14354
21439
20760
18629
18583
7021
16646
24096
19057
12572
24030
15988
22922
19232
14065
19701
11139
12763
20356
14499
22891
22413
5676
8338
22426
18943
8624
26747
28201
16450
3799
21908
10866
20920
11707
23978
9518
9443
13558
3686
3687
22553
25400
14951
9781
28269
6688
18057
22675
13974
3891
3895
12768
7730
8546
25730
18482
22047
6948
12441
553
4085
4169
3766
23275
13424
21081
28762
29705
24018
16033
26830
20909
4469
11731
17460
13188
18059
23280
25960
29798
28524
28851
26848
27097
22574
29734
29880
21320
12514
4911
17073
9014
521
13800
21967
19517
9705
6659
6662
6557
23075
22122
24377
19514
12802
6625
21656
21400
8191
6764
22030
16989
23789
682
23899
12687
9386
25878
22625
23836
24675
27933
13051
11488
19884
27135
24497
16148
8424
23448
24797
28762
21812
11280
10704
24601
12673
18810
25050
28247
3777
25125
21930
6787
14708
13876
13285
17616
6790
24549
25078
28023
827
27062
23632
28855
20148
16328
22238
2787
14167
22017
5247
27164
18400
29087
24558
20793
610
6835
19320
27703
9505
13672
12740
19754
14144
24490
23931
14259
26023
9495
24531
4057
10773
17132
23725
8107
608
26938
14435
21512
5823
14059
16262
5537
23746
5712
5566
27949
25227
2244
22813
10004
22446
5735
32503
28429
28296
6990
30439
30526
25711
16038
24546
16960
27027
25763
9797
29506
9278
27020
7679
21274
21773
21596
21577
20006
29217
12718
18777
30962
20755
25211
30033
3544
30255
12743
30345
3622
19311
24741
4266
9802
22726
8111
30686
11674
26933
2689
30321
21060
29370
30739
23703
26192
19129
20021
30734
804
5755
19376
2371
25232
14978
27842
22445
6946
8536
20561
13304
26513
24944
20833
28465
28212
12720
12751
18175
30709
12618
28498
5548
17362
5498
26735
25449
24813
25026
3377
6406
26519
15020
5547
8543
17284
18738
26452
24572
28679
25581
9860
21113
15036
15228
6815
6431
9738
22879
26214
17537
28254
14727
21120
3819
8797
24160
20545
26946
26260
17792
11035
8856
24576
8881
33081
26924
14080
28001
24018
2809
27640
15099
24736
24263
32267
22423
11376
24778
9345
31864
32726
22504
30846
24930
9799
3637
27440
10457
3479
13427
12720
3753
5995
21730
3676
13433
29875
18846
21903
18260
16277
32789
13707
4558
31061
19143
13415
9626
9627
28359
27828
30564
7577
9528
5824
22512
18899
22138
23866
16455
3813
6774
10042
17463
10446
10066
21910
12702
17966
36046
22460
19874
17578
29556
25970
23321
26821
29085
20092
35203
11730
3831
16080
14774
27626
25530
6344
24136
13562
5801
26507
12800
6584
36647
25013
30446
17825
12866
3861
35268
34295
1409
24138
31135
33860
30885
32297
3573
5986
14589
862
5435
22060
32523
34414
23631
1826
5575
24072
29233
24554
30275
30077
3771
24725
14729
23053
27677
21902
13151
33783
9758
29343
7798
3525
7216
14274
18684
35457
10318
36554
17562
33613
21207
33042
1162
18771
3629
2666
18131
17366
27842
18642
25394
32558
9646
28314
19862
7051
18137
35537
19349
35536
31344
26040
24826
29750
26462
31424
32406
8989
6093
21648
21506
6859
5530
27335
28647
26223
17596
18714
39003
27526
14397
32014
36303
11615
36692
37796
20963
21295
22578
5577
6848
13478
38594
26819
39892
24041
13591
39096
32944
24850
8780
37113
14750
39542
18410
22363
25153
7283
8925
6764
8818
3736
14896
10319
12356
22715
31092
23641
16309
32699
18890
34355
37300
20768
37046
10704
15150
32147
8969
6824
8311
4414
27795
9738
21526
24571
14587
32899
29937
3701
18821
8721
36353
20854
28112
21836
13418
9955
666
24595
32766
27452
6834
23929
19254
6459
16380
3843
38855
38845
33826
10524
36403
6580
12247
8177
882
33787
26714
28494
14815
33541
35097
11765
4140
25424
31285
39426
18766
38808
20779
36402
35021
37233
41577
39880
12074
8811
35424
26840
36812
31684
37379
6712
13063
33724
24163
6859
37449
20877
40986
37978
643
12438
12431
30882
11470
32694
28314
20922
27816
24553
32694
16208
35719
7158
32465
3341
22391
15435
24822
32022
14453
24620
3893
21684
18621
24911
16586
36710
7696
6038
25084
38392
9427
6596
41100
3699
18998
9757
30255
26676
31940
27881
27232
14511
33591
11673
19167
33380
30538
18418
41718
8226
27803
19500
10039
15944
942
13554
15598
38846
24701
39066
6877
42856
28968
29349
13541
31135
38210
946
4137
33083
11786
25878
44195
8796
28121
14582
27082
36803
7686
12007
18641
27753
13069
30088
38017
9241
29738
26053
19350
37929
15394
3689
30299
20501
34514
9527
24810
6601
26336
5706
7398
771
16061
19366
20898
38629
38537
31697
848
11653
26329
13165
19304
7001
10457
6577
24075
21820
10607
806
28606
4820
21726
13069
21374
12083
31448
6927
39018
20492
16615
42481
7043
751
581
39360
21660
20683
20700
36167
21814
7447
31029
44419
18556
15801
6773
9579
4736
6854
43937
12091
30828
34346
12776
21066
22088
16806
8035
27417
7046
34338
2738
7054
4110
40478
17757
2512
27297
14909
6139
13362
34648
13195
27138
7118
36722
9915
20692
20158
5568
3878
42975
21860
21867
14700
21938
37123
22775
34710
18521
6275
44782
47388
15678
46458
31374
46845
6543
5818
14302
8611
9544
30708
40608
22518
44642
3799
20774
37945
12839
2622
31511
45007
23699
4096
4099
18159
19121
3964
10159
3801
46057
38958
15662
15850
38094
17607
37134
31889
42584
3600
46732
30716
47996
20122
25041
26351
15162
8238
6067
45697
11963
29992
14694
43006
31018
27892
24906
14470
46581
26984
34590
14974
28441
10132
41804
9589
33277
43340
47562
2809
40800
6789
41730
34838
25533
12769
12692
43478
5484
25654
24684
18647
24712
18714
20325
3692
48959
9911
27376
15274
48172
35573
21348
24007
39551
42839
33473
30802
35725
7821
20842
48918
13171
24302
2754
797
26314
25324
45781
9549
9551
9552
25418
3814
12515
49661
18812
26286
35777
9524
6671
3391
555
12691
26648
41672
5535
10403
43797
22129
10408
38099
35017
33251
6729
51871
5132
18584
7145
3702
52346
22773
19924
19040
13055
22815
39387
33702
39180
9848
37147
17610
15449
17016
12810
48096
37071
45953
19843
10266
5636
20326
23199
47560
27332
963
48429
28001
12809
3537
49034
49039
20179
15709
17777
49900
48231
558
27254
2782
34763
27064
16075
3809
876
5089
23102
20153
3783
9008
926
3691
3696
18062
21086
25216
23360
50008
558
36457
18964
43132
50322
5851
42975
16850
3763
5332
12977
21773
26116
9318
42267
45709
37059
14193
52813
3730
39363
7306
3781
18626
4035
15016
19234
3611
35971
49211
15708
17123
7094
6953
45724
5997
4278
21422
29151
30180
46507
46265
7067
35553
10972
41260
5421
5421
2658
5758
5856
30559
51186
7451
42946
41236
26594
8247
54790
44458
3959
50874
18562
9756
47989
31096
9901
47264
37022
813
27748
23731
3548
21692
11078
25826
47058
46017
15319
35963
10155
23854
26795
9818
24489
3727
2230
26786
6596
46231
40185
36678
3789
35785
548
4121
7393
27241
7546
12052
13104
27494
48068
7503
47201
50988
8653
7590
7319
6333
7438
936
4367
24622
7798
3996
12683
12710
52027
4471
9330
37250
24857
48985
15972
50913
47582
50396
50957
49023
31953
48595
10106
54185
54908
26473
46897
42738
33164
10302
15339
22142
20166
6324
9948
27524
34053
7160
10067
18669
28177
23802
3847
37653
50043
8685
24384
18936
12660
29430
23645
32897
3739
21187
30873
20123
6076
46476
9764
32303
13046
30909
16827
25386
9628
9633
9766
9845
50511
3709
727
26213
25178
9747
17657
29577
6982
22006
6301
6613
6617
6622
4946
25954
27022
8163
1286
36720
52331
21381
649
28163
17526
12315
26398
33544
9123
624
4372
7584
59929
53401
5423
50749
38659
47831
49831
29890
2858
2771
28308
7095
596
8071
26068
53131
1069
5448
29135
6728
54000
35605
37980
19420
3843
3845
3770
3771
3772
3775
21685
11654
6988
54679
45165
60039
10740
812
58517
11941
11974
28268
12572
12576
12578
12211
21764
21765
24635
6465
20456
5224
20965
10180
7247
7275
43743
36614
11481
12059
6771
48532
3539
16324
4776
16632
2569
19566
45637
59516
21830
3900
39438
802
3350
13365
13422
29940
40133
795
11045
3658
3201
10712
5658
31093
61909
31333
45985
56938
59273
38530
7991
37922
23641
3333
11667
10250
25178
6313
59394
40674
13321
12259
14771
14677
18046
3054
44577
14471
18419
2770
3569
6305
12514
42370
10050
18398
49169
527
528
39764
13820
4109
54559
39809
10063
3663
38883
31459
13952
46290
58695
12099
58994
39097
53760
10823
35904
40337
14629
35723
5810
63047
56086
19346
31861
32169
810
3018
20555
60021
57819
12802
15778
47997
16387
35596
16040
31616
3096
6992
57769
16671
11625
922
55679
16576
48428
16624
44549
20478
1817
58534
60814
11057
6333
34625
20776
7807
17646
11192
27930
33859
4427
59431
48542
50014
24012
17782
9473
63089
9744
1031
2995
5168
51336
47990
48988
23361
64833
578
48386
42954
8700
3872
10150
1280
30386
26304
10342
872
22118
8676
65432
3777
22747
3748
3756
11667
3746
17431
27238
23905
23559
19310
8843
64802
9659
16241
63426
4272
62937
19235
22135
58368
31033
58401
53617
30948
21895
19452
9884
55265
9707
2179
30575
68218
31275
36604
15028
23752
47347
43595
4155
4377
10940
60894
13073
14831
932
2576
23319
11740
10168
13577
9488
3663
43951
551
28041
3771
8971
20209
6291
51507
19201
460
9558
45739
12451
25412
37871
5450
3090
9553
9459
12594
858
9726
59729
17713
19597
3752
20722
847
18693
18699
63980
36805
3641
7896
13027
9989
3436
4017
56566
61553
38351
37038
23800
13003
3778
19035
3555
4230
54254
63325
9614
41667
3886
11420
11923
64191
13406
13654
38810
15677
6552
51813
50498
53222
3799
15519
21705
710
3941
59421
22156
36755
21268
17521
7008
5572
15747
12128
10919
48721
27188
2815
46335
64389
38351
64088
65849
24678
865
46484
55955
3068
44260
1970
17388
40098
4190
3834
3834
3283
717
17717
3941
2421
26343
13694
4376
11395
920
56129
23229
1121
12505
27115
47305
43422
58770
54686
68728
1224
9713
12812
4378
21780
3765
711
30749
760
4315
54695
65077
4002
4046
48884
48850
24824
9573
62535
758
3961
65394
6385
38577
13692
21446
13219
72923
8845
11617
37058
26661
37205
3828
9815
68095
22675
24680
24680
24683
2510
24712
61013
5025
11005
7401
10100
1756
10108
28890
24953
61272
59517
68359
64111
67016
45682
70815
28830
3651
5686
72346
69487
4129
76264
6507
3780
10064
3248
56381
10058
7875
4494
3991
4133
3058
12392
29861
63113
4107
46673
3743
13184
26263
30047
8406
26296
75555
28152
62054
1033
70174
74598
670
11499
2797
24510
24512
6755
6756
40089
15441
9439
18607
3815
54864
74316
20501
798
26954
11443
74422
8356
68961
4328
72499
67660
58567
44727
66834
57900
7507
24620
7696
72980
43627
56335
37443
56736
65797
614
52985
1353
27913
51883
7793
22101
35048
11620
21961
21843
18415
36281
22163
4768
28394
28419
3521
607
26233
11927
8781
18034
28668
6061
21833
5912
28957
28960
9355
8576
26274
34036
52096
22722
62849
14076
3658
22970
11558
55098
9731
3922
67415
46183
6671
442
3787
35947
9854
7954
10055
74638
42228
857
41504
36590
10247
3725
24123
4007
13008
32060
63801
19385
4665
10595
1276
3763
71687
79094
55693
33984
30645
30663
30668
30672
30682
48093
2713
10712
7850
20790
25043
16120
78948
75350
5382
9851
6838
31128
21547
15555
3851
73544
35414
49691
1244
3647
23723
11767
9733
5817
10261
4618
23969
31280
6071
10936
12161
75442
3340
6315
78834
3678
2877
3063
71765
4259
47734
3800
7352
3733
28692
7668
22442
45652
15841
29269
21863
12815
9723
4816
50445
3583
50631
61980
46178
54719
50865
24626
660
17613
11944
19336
5429
32243
80403
26579
72102
45831
6754
75814
665
5840
3636
75899
11938
5905
12051
16806
18627
8470
5171
5290
4818
77723
31023
6836
38514
1925
7380
43168
33089
35335
12195
67731
9612
19587
35711
7340
83737
9648
35289
28936
14188
4124
68715
9625
35429
19827
4236
9621
14182
17626
13069
9641
9787
3709
76884
3707
7803
19587
6741
69372
14527
54984
5203
677
18807
16270
77213
8192
3881
4639
9338
35947
60999
36288
45994
51893
75451
70563
8462
14622
9145
15651
33730
75122
9642
579
4139
21850
9588
6996
9819
78858
9639
66423
14288
81339
49144
21926
5910
45616
7368
3575
3628
25487
81659
72022
10378
81818
64033
10264
9591
45626
32332
3089
3856
3859
9694
54953
9770
9807
53949
78179
12082
9941
5723
7341
6374
1326
21610
3677
5973
3441
42021
6145
9355
86743
11266
11268
491
3607
800
45761
3335
9513
11581
23211
24982
16999
11979
13099
5682
11679
39000
10315
3893
84174
12512
3745
3747
80224
17879
11338
69729
11949
11424
12842
13056
4030
14823
5514
4272
52052
5729
2918
11804
16158
9913
12834
6084
4127
30827
8019
18696
52736
13830
636
81643
37433
10135
29527
999
866
24950
6796
5464
2909
54969
73970
2811
3576
15100
12994
7319
2875
85231
21603
56757
22870
46267
24920
14102
82751
14935
39591
66381
30749
3900
23625
51684
3800
10951
9711
7644
28979
41778
3990
66827
28686
15126
66751
9856
13781
17701
2361
46978
10292
83380
1144
46086
90598
54315
49947
62659
2699
32861
714
9063
45959
5453
41780
84230
42990
549
17952
47177
11036
46693
17807
5660
6869
9865
20684
618
18131
78805
31509
18047
43739
39850
6217
9545
86891
9659
36042
3792
24431
69272
13664
44419
18372
48091
44994
83709
16721
24825
54749
82123
84610
5108
5250
2646
53576
9791
17336
94555
32045
22481
88876
25643
17592
47634
21052
43198
3840
63636
28430
94607
67732
47378
7605
70889
35856
28076
20330
80272
9576
19539
27034
26226
54258
10842
93697
8888
3591
49170
95817
27282
8598
11397
64676
5591
8091
2907
46056
85011
87862
18147
2881
90461
3935
3941
50038
10113
4150
96077
21591
9708
30824
15124
19242
95957
9587
59887
7048
14904
21686
3987
45814
28533
45820
64126
3816
3821
86539
97134
838
3847
13421
47878
48228
18217
4152
7965
27342
80961
22049
97731
98342
4115
81148
17869
80927
97671
33794
3838
13260
26294
84812
48826
96191
2376
18795
93880
7315
42829
4219
41092
6808
29285
21301
3678
93913
15460
7052
97086
4209
55052
82477
23619
41834
14078
11777
5961
97179
84226
6864
7928
97301
23341
9138
2068
28656
717
7288
21654
720
721
729
731
22282
96174
95844
100415
3768
730
3782
36714
3595
6008
8127
82793
2684
4001
28485
995
39318
45742
42175
25224
6345
16649
85367
735
26637
9682
14091
782
4015
7559
70786
86084
21730
990
30842
23599
49540
9864
8667
4541
10161
1253
95791
56594
24795
52196
32647
99207
5221
3129
92803
9034
96639
17624
16011
37186
32333
2841
78829
51948
733
16724
60272
4584
100954
10971
95586
80690
6827
63196
96747
45745
70493
2945
4294
33037
67965
95777
13915
63540
93649
95774
3723
3728
3775
52936
3784
4243
4251
609
4034
100101
31351
3623
96743
15511
3735
4351
84295
20822
32548
1315
5048
5762
22105
18495
43129
86341
7794
607
43171
52468
83038
35330
101425
54391
31714
19036
5508
1802
4100
17027
621
1408
98310
70600
102811
6155
824
2633
19526
35159
98437
6371
12849
7223
63108
11581
5272
4547
15192
17143
2667
4228
43635
4104
3300
17873
3806
96755
4319
7013
995
55742
704
3526
17613
48022
3615
17180
98776
13765
23551
5626
74924
99010
858
10970
22605
3686
81352
45647
86683
86701
10384
98267
93561
49074
19638
10953
21672
32907
21674
21716
8495
14875
3147
8169
57342
10871
9680
1138
59198
106323
4061
2454
105016
11087
22211
97286
3772
3775
3776
49907
607
88626
25481
12696
3531
75089
67899
96656
78108
102783
3515
90875
3594
3743
49357
25647
31424
40892
30774
3725
47511
9511
100387
30633
24825
50820
76149
36507
16061
9790
9794
41607
10132
23416
99777
4591
86409
4520
6910
16671
10278
66356
9799
100802
12757
18591
7823
93755
93756
79705
2372
3145
7861
10123
12317
22478
3012
5829
79745
99314
40407
1028
22793
95543
37923
2892
93545
7763
49717
2693
3155
10852
9155
4762
3032
103647
11199
10772
7652
99542
3861
108979
43155
45827
97911
26481
7078
6395
39581
80002
25531
2666
11619
9894
2509
6042
35332
6479
81553
102683
9783
9785
3721
3725
12647
78701
96175
26603
66416
499
2061
70024
108938
18048
4256
104631
61913
8821
25034
103076
24661
93030
13082
13378
3709
62972
69217
4349
101740
45781
36373
106725
5953
11821
104049
16083
4070
4074
101906
3897
13684
3705
18865
9310
16380
5526
10182
99629
11559
101819
26253
13026
2482
7193
5180
8449
5889
8512
111073
105340
96656
9790
9792
7091
111064
6251
93897
1106
96849
6787
96860
47417
105948
103433
56108
7426
7045
5640
104297
2535
1252
1054
3765
62771
93929
32861
45446
14382
6579
780
49863
7630
3794
44890
14281
9887
67656
89773
114283
99010
7397
93923
19420
4661
11520
103537
110910
3633
16496
66889
13028
13029
104614
18759
3106
3164
10593
18845
10464
14893
102970
96761
2851
98603
485
490
494
496
995
36506
10638
16290
18505
8680
17998
113125
114158
3574
700
6657
718
5069
51267
918
90220
3694
94111
66556
18016
68655
80291
38421
62044
16161
4413
9462
107298
104085
66651
727
9709
9292
20532
45851
11765
9333
99608
3576
6779
12479
114674
9731
93916
112372
106342
738
3789
1073
2551
4308
51861
6738
104610
20379
90982
10103
25109
745
3786
3791
105040
3798
25057
804
18614
85352
39591
21604
3927
4579
809
5332
8084
21800
21808
22156
19042
4208
21934
22038
4164
85925
543
48523
5503
8962
12006
11578
698
3557
25162
2906
9185
9204
763
103324
89524
6960
105281
3972
3976
9492
50172
1012
102792
4005
3752
3746
6101
5850
58528
68997
110666
12264
13254
1077
102604
24142
82066
102540
5745
85686
21789
103023
103029
99617
103200
5135
10391
113139
118420
2850
5380
47641
7074
8265
21843
21433
95998
2900
12262
97750
109818
10636
16742
17570
114763
23899
21827
21835
3712
3585
3597
110472
113206
5750
3780
108584
120741
3534
115657
73274
5805
70622
3797
764
48723
3992
102952
88068
55661
6729
45650
707
9646
7060
903
7110
3758
66888
113031
10610
26730
21632
22441
122809
24301
103802
3287
63307
96587
3683
45757
6878
8866
96794
96805
59322
96968
968
115176
13720
916
11297
9828
3957
45356
35126
9805
50446
50449
45587
92018
62269
5723
24772
72754
108386
11367
4613
115046
2000
1058
9979
6501
98225
6657
37378
18239
56663
6872
113647
7068
6888
96865
1424
78469
99678
7054
9584
15149
23811
2984
121514
4153
117078
99940
11424
5765
5787
3620
100165
14868
3765
3769
6958
3360
1151
100312
5993
27117
106580
25349
3985
100432
114082
100564
6291
2392
108614
106865
9082
75991
6393
99672
99673
75733
122745
25555
42874
4459
4466
100794
669
3625
12617
12618
65128
114764
14087
8905
956
100304
33587
25736
44581
42460
86723
7271
23902
8308
3509
2885
3729
31277
101365
7518
30416
9629
3884
89635
106166
2634
3995
12505
21822
69174
120754
120491
102251
42018
788
2207
27260
32664
15066
30937
5537
1116
28792
25170
97322
117464
127365
753
6698
102070
49435
45731
76222
15796
6943
3428
9795
12485
112964
102678
103753
3033
10945
17232
80541
15508
96165
4476
9638
11466
97144
7705
11111
21797
24236
10005
87252
3798
104377
79524
44132
30180
11910
27690
104632
4092
16247
7314
95998
16134
47360
14287
100363
12337
104869
12636
65548
121365
90150
27441
12862
94638
9825
105684
96726
96727
105702
105703
4418
18638
12188
11834
26205
35510
9887
6034
13355
31068
16459
888
10079
123958
32184
106558
10181
17449
102114
9884
98586
99161
21316
67223
81935
787
106165
9701
3140
28151
14644
19914
107416
19635
17628
100004
54177
96750
3808
3825
3826
125858
700
763
98959
39291
112473
25942
6871
4222
6688
15558
428
107276
122745
1097
36471
21961
15610
124419
103876
4474
15889
33811
12990
8419
6140
1012
16122
16181
15159
114841
28568
4377
2808
16012
6914
11643
109030
18387
50346
7576
109138
11006
109294
20064
108340
16746
128304
16754
125673
8727
101831
101888
668
20454
3273
130646
9555
713
17141
17160
109803
9267
3728
3730
3765
102895
7058
24795
621
4586
18552
110444
109462
90185
96716
8656
99693
99742
99743
8486
114746
63270
20938
103146
100918
9824
4321
6654
94221
11981
10780
42477
36007
133558
80309
18594
111325
10383
6075
121401
93825
3864
103459
22241
1039
9943
56574
106873
542
3745
6786
6818
29578
625
5624
15523
702
5327
30622
14949
94452
10282
44762
43636
10386
4834
9716
3535
38288
103246
96837
3755
6194
19793
4938
4682
101811
3364
1131
135926
5953
797
100465
3812
20255
103943
11398
127651
1056
24112
11408
32965
20399
5762
103148
5862
20469
23000
113243
20594
986
3767
24782
5768
138283
49419
12629
2857
17135
4255
104700
4065
104722
20893
9806
133217
4167
21184
59192
112870
6106
1099
100150
96565
96570
96574
21537
744
62150
123770
5783
9763
21759
131368
19349
122163
1296
3700
113735
22147
75651
3699
10316
27414
3783
91692
14970
7156
15250
2996
46209
836
33153
97673
22583
43833
106407
131279
132357
10264
29472
2876
3306
39075
25962
129480
842
13503
93614
725
23078
98167
2024
111186
50602
509
537
94905
2364
695
706
138663
728
744
115188
134645
16292
912
932
13723
25233
6124
43341
9747
45153
129808
105757
16931
108907
14843
134596
28392
24267
20557
116983
45651
20767
6174
117204
117219
24595
24604
24606
24639
3822
6284
3629
24808
24811
11155
62049
9721
4261
2575
117683
2793
3388
46376
125895
38348
11314
20546
5787
22149
634
6964
6900
117081
2720
25814
4425
3626
5605
2887
7206
7210
4791
24057
3898
4124
4129
20346
25883
126198
5635
836
1052
3391
61941
26206
91097
26247
30434
17464
100689
6902
122485
5621
1016
19008
47824
8336
3706
3446
119455
3713
3759
45773
78678
102668
142364
2228
2860
7752
709
6103
27462
17942
4045
67369
120376
119386
23923
2825
43424
10018
961
2956
69226
3710
35026
3081
98111
22068
9350
52744
18777
6953
3219
81717
17011
3768
8778
114009
7205
25251
1172
2520
45381
6293
8629
11484
3461
47823
8731
25633
3468
6807
15869
5518
93865
101381
6362
5902
96692
11863
132114
7507
95048
90264
6904
9618
12123
6317
122144
30771
737
4986
787
12113
9732
23032
9534
9783
4005
9785
11580
5844
2685
1215
3827
111258
26932
22523
22234
839
62268
39523
6831
3702
19943
35837
128974
9420
102754
98325
78074
53121
125048
39255
123669
123686
752
22289
12978
32500
55787
4408
22859
138844
2645
139316
12520
40252
35819
4254
14188
12508
117018
150118
33100
145085
33530
109318
121572
125424
124348
15111
10747
610
5805
21539
8593
52575
9822
3367
129652
114357
13449
3653
3663
110095
3682
15966
11797
15353
3946
45816
6634
3048
51979
89964
45003
110455
126573
142099
7056
9406
92904
2177
3646
3659
5541
5557
9168
92910
3862
10043
35590
9990
80029
16997
35444
54211
5703
45767
3761
8594
12741
46041
10583
8952
102666
6569
82646
130553
4523
49288
58315
15977
17773
11715
9807
1410
36618
4021
36627
36664
6070
793
3465
3547
36814
5675
60885
10035
6334
3667
129605
93490
5695
5746
6627
6628
16942
11523
6697
52934
49350
4109
28688
23071
8439
13576
50464
35256
787
13837
145188
5132
776
48342
156260
7629
5042
129985
5199
3782
7898
17599
10500
38626
3921
129322
6663
9983
130498
12873
105511
77003
18914
130694
7517
2556
97759
14267
104145
32614
9812
45155
3670
3673
110464
916
5811
13752
122486
3787
5937
3860
4092
4102
10277
115305
57354
3665
3589
3784
37591
3640
86211
98978
7790
21429
74454
9861
9863
8929
12269
26520
15565
141890
130580
4412
40954
129110
5876
950
5839
22146
3375
22158
127175
10096
129919
733
23354
144009
150639
5724
21886
5782
21029
26163
36846
1121
120121
16470
4820
7964
27916
149876
109409
42853
6453
39211
10352
4101
22487
6134
117480
160086
1173
60641
9916
9506
160544
12915
19929
79371
7202
34631
61113
7217
6035
35338
3896
7076
64476
10225
6410
5919
125873
8307
6280
5335
854
24179
18659
128430
8697
29532
6245
11872
9434
955
24312
4166
45810
12148
3791
3792
11437
13786
70240
6754
23315
146900
87824
152008
2812
793
36977
3928
67078
151851
5639
161173
56235
9227
96585
5908
9680
15675
19444
6217
6230
113695
112014
9918
3715
6185
24125
706
1956
8784
138162
64401
10670
73063
6657
105908
3251
113526
128638
129355
8074
156462
1028
138643
37479
8250
6886
15554
134006
1269
790
934
499
503
21888
1158
659
672
756
775
115468
7850
17412
21458
3872
28741
95924
812
3875
6150
114073
140174
72655
8632
11820
161021
1369
153673
35262
133710
3947
3821
8980
141701
24142
7225
9837
9892
4120
18649
4266
141032
2971
12570
1421
9697
142221
19004
5921
43496
14558
13349
1205
9945
18412
101682
8130
19546
107339
11331
29813
15885
2759
12828
3691
3597
117190
5427
11910
3634
165783
4825
3902
10890
116913
5719
90564
758
2833
620
3255
135107
6477
4825
144373
82296
35607
897
825
143804
5676
8774
2878
9919
144981
165251
22692
787
153307
148244
16763
103230
155799
21916
139643
2980
2942
17668
50512
10165
10093
980
946
7971
5756
65512
6538
20655
907
3499
83597
11956
153788
2783
3801
11174
25643
7240
141914
11614
3689
13641
81278
9890
7574
717
9147
7215
169686
685
687
11911
3057
1182
72236
31934
5576
14282
3819
27882
18856
18862
6400
122531
4306
713
150533
132691
4377
9003
23598
12125
158934
18866
4019
19535
121498
76795
167613
167765
140886
10564
3640
11556
3771
3772
2602
37618
108930
7673
11579
2752
23514
24194
3911
5899
12619
12629
6556
12858
3686
4581
97827
33853
13076
3239
3884
2999
824
898
122194
10563
8661
658
20316
3658
45781
37945
6885
29522
11912
14304
23457
36586
12993
6502
5824
118539
12533
5894
11924
4113
702
18529
11357
9738
11995
12530
130004
5898
93722
3983
160062
44160
2757
3553
6118
9060
151930
5835
15707
15708
3683
77519
6856
23866
8861
15966
3643
3643
27150
7352
15733
94109
40928
161808
9706
6017
38636
9824
39886
176156
6100
6223
3705
7559
8154
24877
24881
14563
3873
7902
5826
151514
14064
23723
19791
14116
169534
4437
162543
142248
9994
30039
63977
6428
17608
1926
3615
5346
5549
6138
12722
34601
16999
715
5998
4035
4358
9845
4085
72297
5734
8831
62685
4481
15362
10593
7006
18788
7370
5862
10023
2860
9781
711
66054
4391
114027
6971
11242
989
19593
130133
10267
899
16927
41532
23796
685
51505
10869
15003
63989
815
58087
718
13337
7502
3759
3016
11161
12036
6531
13558
3591
959
4544
20611
5820
62907
17777
8394
3572
3583
19513
10689
17563
17753
12681
5870
902
18066
158230
14048
18350
162977
25806
29970
178234
16970
16462
8716
5147
37624
9100
6951
18766
19448
9632
3839
58323
6255
22458
751
3744
4200
58618
159431
62996
12959
16105
9529
3667
31021
58816
32002
13472
3927
16542
20192
44707
20990
869
31108
9556
22476
9219
6420
2393
3867
9715
4539
135442
18705
3557
15356
10736
17301
8515
15856
21184
4107
15984
3849
5344
68544
161262
1135
1200
7778
68901
11098
5815
45240
12775
2859
8510
3575
15836
111178
10087
805
4119
563
29471
9632
25315
6671
4463
698
710
11569
26989
2626
9387
4202
4409
26738
7405
23623
21691
19077
22571
4208
45890
10690
3837
121341
84622
169791
4165
9524
2590
12959
22662
22838
12805
114071
6199
6131
5738
7992
15109
11013
2946
3804
5760
6565
1364
17532
9567
3521
1164
18221
16178
42037
96821
96834
3999
4023
3708
23831
907
73028
19790
97104
97110
8469
3693
37293
132887
6288
125468
19109
637
10618
654
655
1310
29609
15640
12707
3908
24521
79238
762
3753
558
562
136998
97831
13403
6338
12686
12688
9673
6316
10001
20440
6832
23770
22997
34162
4588
13191
7111
6385
161726
16724
9725
5467
28459
10486
15331
3154
14680
5752
5360
3828
17946
13803
95845
6452
13150
11341
9278
37893
7103
19490
9741
5574
61136
186846
72570
12030
21239
7146
24513
10038
51900
77823
51906
6631
3900
7762
127058
6008
34120
9987
9828
4711
29948
13147
15483
835
101749
54694
652
18732
5865
163631
14090
110421
95673
8408
7445
15077
22183
5976
8439
4199
5770
13963
42233
6743
4595
15690
31389
102885
3678
9838
6831
13611
5914
131922
3806
8160
122536
14026
4029
2125
9992
9712
9715
2882
620
9573
4137
23302
18265
9700
27994
12875
10170
3718
987
13595
195013
9808
3828
3740
80073
3695
29146
13077
21780
1557
2527
2288
11770
28164
9896
11954
13840
19162
7407
4280
8500
3915
25007
37746
1915
957
20391
4006
189195
21892
2739
59487
51467
34677
8269
9717
854
5039
5033
3285
7424
28154
99734
12252
14828
4350
9899
11750
10181
2851
9875
3776
12133
144626
64534
10193
2746
4127
34358
6699
28707
4117
2801
866
614
3832
646
647
22556
108132
94352
180857
6998
16653
198981
572
10229
724
4509
17673
9831
11921
969
971
33540
46868
5837
3985
1127
1027
108898
3325
97997
60082
6880
6188
12435
36121
6871
8308
18906
18914
4485
1265
3249
2249
19105
771
2002
15911
19330
11434
653
14821
5906
11776
178739
96044
705
15746
46139
40650
7636
793
6630
25161
13419
7458
1184
7495
20373
22198
36266
7442
842
3667
3813
17831
2176
2103
26608
24627
18072
17690
3895
5877
149129
4082
23109
3636
199435
3546
16383
3698
4089
22185
23295
1457
14695
35038
473
142721
43378
640
648
201465
106927
756
41224
780
191408
47960
10855
4437
6197
3027
3886
9217
8491
9583
18087
10177
21078
157401
26152
63486
29403
3951
204968
5486
29636
17883
10280
11865
8111
7781
9766
3678
10101
4267
30498
58668
195511
673
3712
70137
3865
2986
761
1478
8408
9833
9857
6970
1030
40919
1052
50004
6724
6169
10153
20146
3035
200959
187347
10543
8114
33844
14012
7502
5769
953
1500
4178
12866
12867
4092
2300
25906
2371
1622
4014
14500
2519
9579
9568
1553
42538
28444
11891
28866
4577
9653
10222
759
9265
12434
13907
1330
8593
9094
10542
53212
110006
177708
10087
5856
35587
43386
9111
7236
6158
105142
12800
682
13482
9964
7538
11385
8143
18206
10967
9656
194301
18128
26861
11909
6625
7851
7619
15382
7109
4825
8083
834
14818
8328
4404
44033
841
9689
26944
25642
6844
15100
19447
14454
21090
8753
30365
10118
9319
10993
8354
3424
51835
702
15955
16539
3938
42151
2809
3788
23303
16015
1070
935
3920
1108
1112
11740
178860
50711
502
98979
825
4138
9889
9893
1094
27137
4833
12470
10153
12252
10203
13037
10231
751
4956
6125
2799
5689
13232
10778
25511
45965
3585
3591
4183
5343
12963
6722
703
726
9748
18595
20373
5655
18222
6984
17042
114687
64659
3914
88515
8539
54847
1271
57370
2812
2149
6541
720
2786
4455
5663
29228
4157
16201
4515
12645
21768
3535
4757
16558
8418
212354
12169
8423
12360
10013
4054
20741
15372
5975
5564
12454
102925
8456
15610
13717
3837
22859
3896
69124
16077
647
2961
4191
191658
8582
10260
3608
16205
3061
56940
13216
4786
6097
22846
5992
11375
74406
8101
3563
5665
9795
137593
2173
681
2507
3680
3688
3689
17054
9917
4476
6069
118711
2844
8045
54939
701
5475
10250
57386
4218
3807
6553
18205
30585
10841
2770
23386
22533
6849
6011
7798
15253
3858
23397
6856
15793
5511
105966
2377
2970
16843
1472
5031
3883
1747
71564
3581
23712
7077
22189
8992
180595
77197
5851
26077
752
6145
180882
7303
23617
27228
3930
6318
10525
121153
3856
103767
9697
5625
802
219099
4496
5876
46876
3671
143233
10073
11412
796
6907
6090
36753
799
3892
3904
2784
11425
1121
4110
6179
4885
3135
6381
12076
654
47120
6198
697
18144
23718
10113
105179
838
13775
148596
2730
41440
22010
832
13739
18628
10528
38386
11796
20214
4284
8369
2257
4190
223702
4424
2871
216100
80267
4622
2661
3491
59727
3843
984
3845
3859
11195
14490
9914
7289
5571
584
4578
19449
6461
3660
3661
4330
17977
766
2495
6781
10062
954
4128
3075
2868
9744
4361
3710
139851
5685
4955
621
21870
18669
5275
12835
10488
22165
22166
3652
22274
22466
2849
8172
31422
10100
678
4069
4115
5373
5997
10295
911
932
8034
26756
4976
1029
11600
1131
10048
2611
23201
2775
4305
7293
3603
3183
4931
648
8543
5104
12537
3773
859
12690
13940
5781
2295
797
11570
3886
3829
3887
3888
13040
6860
5802
21284
132372
24569
11963
3813
8380
781
16319
722
1051
7406
128236
8970
6346
9438
9028
3754
2768
4111
1227
4252
1420
953
4868
3863
12427
10872
1136
3679
7716
187302
7855
35235
15948
21914
9610
9631
17436
47597
2671
9808
8827
9980
3808
3819
3044
9660
3821
4102
5570
24993
6484
3061
2730
4115
2817
5540
48401
16941
4352
4356
4370
25232
5325
2397
5069
5404
833
49704
149050
13702
9846
1287
4124
4666
10130
27573
3124
16038
7478
7477
682
13957
7980
41455
11050
853
42816
851
4666
2446
48655
16295
9138
9721
26749
5981
980
5916
3281
12572
4607
8447
31284
3665
53191
12629
3618
3648
6133
11902
43842
7798
6077
11902
1063
3844
67814
4073
2651
3843
37937
13278
6993
2946
4110
5568
9307
4109
6955
9546
12814
6799
26938
3122
702
80750
37337
9561
9795
4684
3112
4798
945
10243
14251
95752
10354
119967
13796
634
13668
5942
34875
5429
741
678
7949
4404
7542
21541
5842
664
817
14417
17959
1213
23262
24311
17351
1806
6859
11337
6916
9029
7089
1303
9716
7810
1088
6382
12536
1006
15452
7531
3419
210357
1462
6546
7751
16400
732
7899
6041
8316
3595
1708
7146
5768
55116
54007
1148
852
7419
4075
10920
36846
2895
8704
7733
8520
4617
6289
6163
4211
38901
10367
28740
6277
13070
9001
25644
14239
38170
2649
12762
12129
539
18331
8746
4655
9834
9840
978
5157
7564
13377
5787
12421
9423
3869
11481
6787
1221
5961
1440
1966
2705
4061
3845
6132
24480
68131
97322
1033
910
18392
6253
10214
4125
5865
7905
5322
3963
18632
5319
18649
6153
6171
22136
815
8766
4665
3835
750
5134
3764
16917
20555
2663
11509
4043
911
9947
33983
11565
2041
14420
563
2765
15670
760
3889
17729
3905
3908
131553
8685
2772
8700
20840
8904
15483
4213
8648
27594
13939
11619
5116
7296
12559
6135
2061
21825
22999
9786
9298
3904
2915
13130
17613
10419
34035
3703
226219
3596
23329
16783
17889
2870
17964
77773
55376
2823
14462
7308
5085
4758
10164
10082
61998
5817
5517
8852
10510
6298
940
17783
5694
14682
8273
9679
810
817
7808
1228
5780
614
106941
4842
15767
15852
8742
7570
8914
739
35745
4267
18684
8650
11981
1279
20945
661
11748
5596
1292
4244
9537
4372
21896
1097
18344
7908
59066
64170
19449
19541
88445
1852
25123
20835
238938
71125
2859
3838
6903
3066
854
6831
13229
10799
21379
3655
3365
7053
599
609
610
14143
5879
774
856
2744
1043
1243
232697
2520
7306
2540
36386
18491
2731
5671
4413
6509
2564
14806
3091
8253
4046
9944
7895
788
27373
796
6054
4114
3613
79445
4442
3807
1112
10000
25737
2262
2197
3848
20246
1083
7567
3813
3733
11404
11902
20667
1058
9663
11125
29174
1610
11741
1168
4717
14301
5568
211474
5766
107862
883
2847
1892
6939
49493
811
4410
4138
677
9782
7159
5904
953
18095
27287
24048
533
1458
8495
10804
1187
18878
1210
5853
5636
7522
1323
16096
16128
9961
3617
3233
8039
6332
1394
6840
9544
23685
12782
937
4038
18725
4935
617
6641
6703
1193
56670
4157
4104
511
513
1080
1065
6799
49836
8229
4622
6032
584
2904
4576
2656
8705
1490
6090
7891
63977
2942
885
36142
1356
27851
4025
18402
4097
889
57569
58087
960
3545
21620
39248
2027
3710
2066
569
705
4542
9798
7707
1153
2472
22123
2036
961
10129
2609
13998
11724
3502
3859
4985
3777
3784
2851
4513
5160
3066
2006
94139
6145
4531
10109
4593
23541
3915
6768
612
5660
5595
4876
3711
5791
207229
511
3852
11972
3918
2915
3956
4205
3446
13570
4264
4291
4302
6667
5782
3058
5902
23757
3825
1919
4495
17999
3238
1987
230059
12579
4495
7280
96907
12101
25574
6007
19223
4816
9192
4474
42251
862
12610
15401
6289
6346
6080
1393
4700
1075
1095
7346
5015
3113
3689
24589
3877
26822
4663
2689
6304
663
21611
3837
10684
921
3705
1876
8934
9469
877
878
33769
556
12617
469
479
2027
3623
631
643
663
31225
801
6791
3622
3624
4540
10133
2181
1016
6797
4065
2821
13082
11109
10486
4301
28499
4106
3862
2472
6982
56901
4117
5422
4508
876
3562
3856
3857
10136
7591
4129
9165
971
4468
2662
19664
16300
6263
1415
2297
30822
5240
13942
10651
9911
5757
3563
1294
18531
10301
11468
4660
3807
5556
29833
9838
6662
11884
261191
3990
5902
4242
735
6186
3709
3578
13442
13241
5252
798
2700
2833
13801
1213
5675
994
5921
6171
8416
948
3677
3682
167174
6584
7429
8413
9779
7656
1428
45970
25422
17815
1904
14006
6038
8823
6133
59379
250189
1126
12229
1401
2705
3916
9591
9593
9604
9492
608
15587
3783
6687
5687
7666
9819
5643
22260
10031
14739
10085
669
34940
8997
10272
13719
5490
3693
261746
16617
16669
3372
1152
9413
1163
7534
815
6112
6765
1396
127216
8804
10745
1355
1035
2668
2892
258727
2902
31252
5823
9421
1410
1417
1432
1461
16235
3919
852
3666
3675
84063
10920
7016
10157
2582
1947
15978
13915
6683
9544
9545
9546
4088
12663
12664
2208
642
6789
3097
4057
6654
3620
5014
4854
42922
102333
11851
818
3825
3540
1131
3829
5752
6992
18162
4132
45839
3883
9804
7849
4532
677
696
14193
2581
5932
1347
8864
11772
10939
53721
12806
9026
956
9092
1280
5803
3185
1492
6933
5154
226301
7168
5230
1181
4111
3803
4504
15263
5152
6733
8304
10166
3850
5764
10388
111570
10429
887
669
8032
545
4505
7221
4435
3278
4401
21828
21837
8365
913
925
17701
5093
9911
3691
1348
16120
868
7972
1051
1736
123340
15011
3650
761
766
2876
7420
1436
1023
1414
9414
272565
9660
846
952
801
836
9369
24415
13214
104681
10347
3706
3707
264843
6874
853
35857
35868
9615
10657
21603
2249
5673
1178
929
3605
89371
6046
7406
83250
11128
3605
2649
640
3764
16965
4113
4269
2293
42078
958
963
4293
1106
20518
639
3087
1280
3131
2730
19625
2395
3272
3752
3760
2852
3576
3586
5800
5639
3618
3019
8237
5743
4295
4029
4053
12861
607
6759
3737
3630
9352
5902
3834
26257
6833
2529
4259
1486
1500
1153
27822
15460
1072
258068
28220
4875
17309
1026
7496
1970
10008
1474
3646
795
1719
22405
7519
6766
6045
880
10514
3156
19189
4069
11057
991
3038
6800
52180
3273
500
809
6460
24623
1088
16416
920
936
24790
2802
7340
6558
741
522
743
756
5366
6738
5620
721
919
6082
3609
23533
1321
1135
4381
7265
24656
21050
25881
1572
4527
9189
6634
6661
23351
1074
2570
818
31249
3162
2951
24083
5911
2764
4033
4026
736
276661
9918
4356
5465
3470
16094
3931
3523
3531
9034
3800
3809
3812
649
8243
3736
3749
3775
4056
22010
96093
4110
4112
96106
3936
1394
1203
3962
14826
4313
4306
3111
915
7737
12560
12566
3594
846
4665
8556
4025
96762
3848
783
675
4469
5895
9551
1062
1080
5352
4781
10708
23332
1192
909
922
924
20101
758
6459
26755
3678
23706
3073
9057
3094
4247
11429
962
1449
5919
3727
3810
6207
8300
6714
14359
5763
8432
51339
3767
632
21849
487
21797
2381
7419
1389
799
6543
3613
6821
6823
25935
11309
6102
3446
7052
7023
1247
25047
1026
7230
7084
3189
16906
44813
2756
7730
75114
7821
975
833
5502
2205
4160
16463
21783
1514
4247
4467
5988
27923
92864
857
13434
4146
1011
786
10633
8838
9420
3619
1247
1452
24039
24763
1442
260922
7666
9780
738
3698
9604
9605
22767
3702
9891
3889
1646
3469
614
797
4078
25726
6764
4375
1046
6403
1095
102596
822
730
3433
4294
4418
24508
66561
11284
3410
6498
11761
755
1838
5878
1265
1411
2616
2628
5994
12214
12488
1139
673
2735
12786
757
10794
12699
12892
21410
12346
7193
14825
3827
6408
1406
1423
10347
1038
10504
814
19413
3657
13767
4084
1060
14481
4256
45465
1352
1361
1369
5459
7590
11624
4746
106311
14208
4927
949
2644
14459
23036
8518
5626
5828
916
2639
3094
63740
3339
15222
15228
1189
4358
8413
5309
6357
1141
15486
3820
3838
4111
6785
6794
11886
15860
637
4378
4412
7091
16171
772
774
6871
4675
12257
6700
1386
24627
183131
16651
5663
661
27124
2929
2701
1756
5532
15114
4130
2918
17367
5722
5725
20532
903
8270
706
7522
7966
3347
15391
764
1099
1190
6887
917
5327
1345
647
4955
572
5807
5558
18887
915
18891
18898
827
5776
4024
9792
7393
111179
1235
9542
4866
5772
10107
19507
7968
19781
587
687
6343
295590
1398
703
3445
3699
112387
2959
1141
201910
1310
106507
1458
2507
1193
831
3211
844
5266
921
1721
7815
828
1120
1171
3767
714
8162
15198
10286
12166
1101
4648
1316
4830
1035
21797
21798
604
12783
937
594
5305
1271
677
22081
9075
22392
1119
2452
9790
22670
727
22566
3602
3603
3778
3480
4897
2289
3794
6830
9581
901
3525
11893
997
646
795
801
46383
98431
1227
21800
21805
719
1134
790
2787
1394
1117
5186
4112
2860
5885
5354
3757
24608
885
962
28575
805
4503
38946
10169
18272
3717
3720
6427
2608
25135
16093
2684
304686
16056
18723
5522
2673
3339
4194
826
25742
1110
19200
4547
5636
16730
3167
1466
14753
11186
7216
3560
6469
1533
5756
30171
2849
6217
4275
1110
7139
3184
908
39379
2866
27688
15986
698
741
743
20887
941
4167
947
996
114477
2553
9955
4081
43526
13944
4332
1248
1607
2501
2778
980
19353
1471
28041
759
24786
1661
10646
794
3918
3919
2708
2351
10140
4586
13836
5394
7490
4027
2738
4162
4319
1588
2703
2622
4442
11552
30495
133032
191350
1440
1134
640
864
22077
9747
1664
9760
675
770
9990
49295
31415
12160
12767
31455
10267
1557
4633
7655
306937
4946
6480
3981
14332
5369
2323
4038
11887
2933
726
23859
1021
4789
973
187474
10634
2397
1709
3899
3826
4405
807
808
10089
4750
1796
9584
13018
7238
3477
25435
3214
4119
1585
13296
737
16708
1656
956
13522
867
2665
695
57056
870
9984
800
3869
988
1950
936
2524
29732
1550
4073
1161
1340
851
1761
1435
7912
1474
812
6953
222356
1496
903
2805
1071
2347
3774
1247
67110
1718
866
1050
1060
1063
818
803
1067
1071
573
4260
1561
744
9607
835
839
12097
15110
3767
38205
1317
34145
1476
4112
19783
921
6717
4050
2609
1397
1229
1980
6570
3024
4789
4841
1188
1199
1219
1226
2686
4802
2696
8469
5033
1239
5080
721
1500
1517
4561
5365
6515
822
12626
12628
2236
3923
1131
567
5597
3797
3811
742
6973
6989
2681
1570
931
4429
3788
777
1122
570
1000
2652
3643
10531
6231
1150
3828
3829
3843
3870
3886
566
571
3671
3800
828
1081
4195
4204
3994
3358
1258
962
2925
3449
4479
561
4389
4454
4486
3634
3120
35492
718
659
661
5309
5315
3920
552
3924
3925
772
773
6241
1139
2396
4497
6554
1323
5170
793
5620
8392
442
931
15613
943
944
1716
5712
5565
807
3576
1254
9943
5114
4397
6036
764
3909
3910
9790
10127
6186
1474
3851
6255
1075
3508
1757
954
7218
7270
16522
3705
6468
1773
1172
1192
3602
6854
576
1206
7572
3591
859
861
768
3739
7167
729
745
750
749
4033
1002
1007
1030
8464
11519
5713
1269
8710
850
852
6517
96597
2316
5413
17609
1771
2652
1409
16178
8594
3892
8639
232983
3967
3968
3970
5955
1377
1737
6594
6596
661
5750
3716
2700
9613
5933
6151
4638
4640
6261
3769
872
17030
9486
9971
5084
3605
10344
9859
9860
9646
6517
38239
6842
3808
6694
3832
3069
3549
3985
3987
2508
3109
3990
4123
10412
4142
4150
2818
10470
3493
4348
5100
4244
3585
773
4428
1069
4437
10762
818
820
4719
754
4555
4761
4805
10216
10220
10977
654
554
2555
8399
11407
4036
4957
735
742
764
767
776
974
9565
9572
964
5746
1367
1060
12238
5944
1631
1636
1657
6293
12573
4395
9442
744
4027
2842
527
12868
9684
9702
1855
2243
9649
920
2482
13026
2617
32903
544
7316
3348
10387
2919
13712
775
12866
1143
8260
3273
1116
13148
10650
66459
1149
3549
13399
13417
1207
3709
1467
775
3763
3776
4267
11253
3306
4013
4018
4021
4083
813
4304
4310
797
34446
2341
765
12023
4694
887
4576
10600
960
2695
14502
15416
4750
4804
1172
12998
524
527
9431
15764
715
9503
733
787
788
793
910
15254
765
14897
1043
5527
1143
1264
5797
5805
6019
1189
3968
1399
2498
1438
835
10943
2595
2766
43228
1111
1416
5068
17476
3097
3105
3672
2362
876
7111
1629
2747
642
1171
1175
1175
868
675
3941
7782
3829
3225
7721
1710
3854
1479
1792
4285
4288
2161
8091
3965
9743
55943
4573
333713
3878
3880
1977
1321
1045
804
811
787
626
8453
19764
959
13590
875
7111
1031
3053
1397
971
5071
3340
5819
1643
851
1127
5429
1889
665
845
3845
3847
985
10192
1037
523
907
718
1236
5860
1634
1433
1733
870
6267
2850
8769
1978
1158
1170
4912
6774
1667
624
1021
2856
1358
6237
1031
6971
6055
1370
6147
7776
3532
942
7476
533
2091
741
741
750
760
4299
35881
2882
966
1027
21809
3483
779
1817
4171
1418
1174
1357
3554
2498
2494
4168
3923
1881
4411
3922
10372
4697
9869
9874
1356
3490
1128
4322
10162
1475
3100
3655
3656
3762
10702
792
4028
7325
3975
959
657
1045
1063
863
1347
1050
6731
2301
4718
1600
2789
1377
5842
1415
791
4388
1344
1349
20461
31606
1455
5235
3768
7133
5880
1308
5870
746
750
3041
800
803
806
4483
1272
1282
1291
4650
955
964
1387
3192
4972
9900
1021
2783
8192
1719
1320
3023
5003
720
842
785
4324
4262
615
4973
3179
504
1163
744
762
3903
994
1317
1002
7593
661
598
601
1230
1567
642
4363
1476
766
1375
3804
1650
344268
9754
3836
3838
847
989
3568
3576
3579
3589
1532
499
1061
3797
3818
3820
830
3978
9666
9819
7842
1077
9845
4210
4222
1019
2744
10024
10042
2458
3161
18550
1166
4463
10216
4601
671
675
1276
830
4649
4654
1481
4790
874
1060
512
1086
560
735
12654
26366
1232
8819
7332
649
867
945
1067
436
3650
3651
3660
3662
3674
4212
957
2747
992
979
4303
5980
3106
6959
3533
3535
469
5504
699
1214
4800
4126
2069
591
596
1033
1632
3888
7819
806
769
3565
734
632
3618
3640
907
24116
988
6690
815
4095
4107
747
1516
346403
7200
2735
5564
1791
5368
5406
1143
2036
1465
2395
1394
2020
1289
20312
5057
2445
810
5318
4292
5487
6398
6679
10815
6577
1569
3045
4290
6933
6780
640
851
3643
3652
2972
868
1095
5911
2774
3894
941
1905
3141
1727
2162
6641
9702
1698
1722
1494
2693
6712
842
4447
919
2636
94093
629
10344
1660
823
824
825
4568
5580
4641
1371
1483
3834
9612
923
6394
4369
2688
852
840
1488
4141
2411
285789
2928
591
1337
43501
1297
1804
767
1493
2831
1392
1274
3798
610
822
351000
11791
1282
680
682
36819
65671
1213
926
1373
1407
8262
1133
4658
3823
1683
2082
1346
1372
1561
1313
867
867
869
1527
658
659
661
676
679
641
1706
897
865
877
888
889
2281
1156
3703
539
1073
1101
1116
421
421
646
697
747
1278
574
575
1292
4010
613
967
985
780
1502
827
1566
740
917
4180
689
2541
911
854
2097
2933
1101
948
655
1510
759
771
1529
1134
1005
4583
778
1484
3580
3582
3583
3591
3592
2770
754
3856
9751
3568
4032
753
3745
3763
2404
1269
3915
1085
1309
4199
4072
4122
4118
1129
1285
3634
4279
631
516
2047
527
528
529
4387
2991
672
679
680
648
3253
4636
6818
910
912
700
1127
1076
741
748
754
1131
1151
3444
990
1024
5914
4281
1303
1314
1321
1367
1085
1078
1081
33435
4632
1797
4745
3666
2130
3785
612
615
4635
4640
908
2853
959
2860
3692
3697
4886
4472
3061
2539
7038
3917
3924
647
1442
1449
2698
4181
4183
3374
618
1394
3067
1419
616
1593
3508
4658
854
4757
1470
4999
4174
1497
586
4421
1015
3889
672
7582
1240
1423
2166
935
2827
4489
1985
840
2936
2859
2500
1130
3868
9667
982
1832
651
9896
6988
4332
600
600
10086
5751
1872
4693
6003
1002
10453
4915
2293
7954
10940
1389
7416
1494
1100
7238
6052
1465
7335
1740
1933
796
1180
18232
1434
7000
2421
13819
1193
2759
1562
1206
1747
1025
15050
366920
649
1060
1003
9412
14202
789
1168
11348
1317
1559
1437
7686
798
1344
831
3302
1560
43553
1082
819
93783
93784
93793
93795
1782
1327
773
785
94078
94079
2017
4167
780
11069
1898
1352
94901
1331
2392
1956
18449
1724
4347
136132
95782
2169
2213
3284
2833
2633
5337
610
1401
608
611
617
765
768
1667
931
2839
987
721
5044
1393
1414
97369
3765
1179
1639
8699
1571
4376
4586
4635
4640
2340
5826
1069
2658
4875
2081
2456
1845
1979
794
2846
793
761
609
510
1078
1229
641
594
934
2396
913
783
1222
1641
924
3624
1106
1247
1653
7175
809
886
4503
1870
1325
575
1351
4863
667
1056
912
327
1540
465
2400
546
551
5193
1004
2050
22510
1098
911
1207
482
483
4149
485
1454
970
596
597
913
640
8827
782
790
793
811
1805
1144
953
591
2875
1018
3220
1220
597
103181
1728
5827
2712
3513
4065
2092
2599
3589
591
882
2519
705
793
1760
1024
5226
4110
4126
792
978
584
4802
1180
3673
621
628
1512
3326
870
2801
797
844
1381
843
1597
1371
1035
966
590
378260
591
453
3593
600
1998
494
749
18544
977
846
930
3813
923
1085
2580
1282
5381
1196
8636
4086
1924
1424
5670
1589
2403
4926
3024
6120
631
3802
6171
2094
831
6367
1362
2007
5203
4293
299163
721
762
4090
1559
10987
3702
3728
895
1069
3614
7137
3364
7188
471
479
1138
7357
4184
650
666
1176
1120
708
1174
623
3481
3929
3947
973
3819
1259
1722
1251
1240
761
1240
1244
1830
3837
814
1498
4011
4015
4024
4351
965
790
794
800
4343
1280
1284
1291
573
1063
821
1084
2230
2248
1409
1586
698
82142
6548
2155
1422
640
3098
1515
2549
3902
1137
545
550
551
922
675
695
709
718
724
6910
3023
727
936
3448
573
2356
1217
1238
1271
2591
630
1459
1927
704
692
699
700
2043
1067
1011
729
732
901
2711
642
650
1165
485
862
548
1012
895
5354
592
750
5341
929
1695
1059
666
1506
3608
3627
3632
6082
3765
6083
3768
3787
695
3764
3768
3969
3973
3982
4013
4036
4043
4308
4367
6022
1474
1330
3852
3857
8605
8695
1147
3520
4536
4440
4449
891
1898
1166
1362
2291
934
1694
3801
6662
6665
895
1041
6860
4058
4069
6909
1785
1069
4547
723
666
5236
4475
929
961
924
945
957
1255
2169
7988
824
619
1472
1485
1766
853
729
1712
1782
3200
678
1455
3303
11413
3594
3226
2631
1118
3552
1211
1229
8191
3983
9609
9615
9616
1095
9768
9800
780
1328
595
1329
9958
9768
9781
9785
3606
1827
1037
2824
659
666
669
1098
522
915
3586
940
632
591
4447
1194
1198
868
11222
1655
833
1071
1384
1929
2935
713
715
2364
735
1508
1738
4198
12698
6698
2692
4174
1524
2760
12861
20192
14143
1499
1530
4153
6915
2941
2848
2226
679
3030
2426
611
617
835
866
870
1898
3422
3704
8270
1096
1091
4100
1549
1270
1945
874
1380
1050
1449
1153
767
15192
3634
790
2553
951
742
752
753
760
2793
280
705
140127
774
1151
690
1161
1348
1378
764
3629
1814
567
1046
1230
952
2018
6384
962
4071
3129
1194
2675
764
2070
2114
738
2563
1527
1360
1531
769
625
1458
856
1075
626
3786
1959
470
471
1033
479
2253
1876
4041
4326
595
7436
4554
796
802
805
776
1024
842
846
848
859
862
868
878
883
1310
5241
4960
1372
525
1112
1161
1427
1453
1504
5776
1002
2238
1770
1627
1810
6107
6139
2592
2348
2500
6369
623
2745
1158
865
622
1060
730
800
732
740
741
746
726
4600
618
817
690
2264
783
1692
5245
1194
13120
8818
2261
2007
1120
6002
803
814
1271
835
892
1037
1058
1102
1273
3689
1390
1399
1428
1439
980
2507
415935
2924
3298
1637
1068
6213
6128
3722
4135
367
373
374
3801
376
4246
1731
518
2106
616
573
740
993
834
1227
1229
1093
1784
1228
3903
4513
1443
2950
1358
1444
3862
1337
596
2692
972
3571
2527
663
737
2472
2402
709
823
570
581
5244
1352
804
3788
698
621
622
623
648
661
663
5929
80560
901
906
1172
3189
28562
13754
1099
1227
1129
664
668
943
1396
560
770
1146
2258
1783
731
729
789
624
7483
2134
1103
1305
1237
501
1496
762
1194
1201
1191
656
8880
773
11176
927
1661
54245
716
700
934
1027
625
852
1116
1120
792
959
1411
1422
1105
1586
4074
1954
1006
2174
7069
1250
1872
1009
3655
3508
2464
4155
1529
3897
4070
3717
2233
3735
555
556
3927
577
3278
751
2179
3582
683
4010
4774
508
519
13235
743
1765
1525
945
1094
796
974
1186
6613
4252
1177
4103
936
817
1591
3222
1755
4819
2119
4988
5125
3968
3968
3969
2162
5638
865
776
6864
705
24771
1782
4515
4344
1210
316
555
1161
664
1620
654
751
1224
2668
1239
1005
1547
1505
1157
1378
3296
769
1335
1387
2626
622
625
627
642
648
822
737
2672
792
797
799
2308
1046
1094
2859
1202
9215
543
550
550
567
570
1285
1374
680
701
706
1728
721
749
1456
772
394
2688
1570
864
975
940
3402
949
580
1758
1065
1126
2967
404
1444
464
1525
352
359
360
366
1682
516
867
516
673
680
691
694
746
1119
497
1111
1466
3472
709
1765
724
1143
3596
754
623
1431
690
655
1325
1199
896
1277
1280
4202
1162
4345
694
2908
825
4530
4553
4506
941
948
905
1188
807
792
795
796
786
1380
133893
1591
2479
1939
1057
1507
840
2865
1664
1488
1312
1534
1933
1079
2377
1283
2289
3921
1906
512
514
521
687
816
1760
2612
855
893
980
1055
665
669
595
675
599
882
3045
701
702
456
1740
945
697
970
527
1055
1067
2550
714
734
1494
946
1489
1684
1191
1240
438727
988
1606
2131
947
2425
3623
3629
3631
3633
1083
882
3828
940
838
861
1680
586
1689
1296
1602
1943
1162
5845
785
7743
1254
1852
1449
855
1729
2701
836
3069
1124
2226
1735
2565
629
440
780
3299
986
2406
544
3673
575
580
1778
1620
807
5033
1081
685
335
1189
1041
863
314
1374
617
518
730
689
349
536
679
550
419
1339
1259
999
755
1584
813
541
545
868
918
1428
448
1166
546
547
614
725
1274
919
2181
790
1130
1786
1369
1385
837
824
965
2158
2172
860
1166
858
1133
1306
1317
1763
1572
1087
1545
1395
34613
703
1147
326
331
1913
341
345
347
450
556
2526
347
596
597
606
1473
880
1400
782
1459
850
851
1730
444
446
2391
578
669
675
678
685
851
864
883
895
1053
1061
1157
1132
969
3619
865
908
1570
1498
1606
3932
579
1008
1590
456
868
1034
1805
3404
447
592
1032
1038
1050
4062
4097
1244
4120
1255
3732
4334
1555
1463
680
4203
1380
1017
4734
4757
794
796
808
718
729
732
1012
940
1243
1207
1156
2069
1459
1665
768
772
1381
1069
672
1322
1346
749
1907
1562
1581
2976
489
1816
618
622
524
530
547
701
3302
786
787
701
988
1115
1069
1278
1396
1436
4105
1623
860
4414
2076
1110
4930
4709
5191
1083
731
2858
3057
5739
5866
5055
3359
1448
3317
1307
1369
3759
1906
1396
1398
1247
1481
630
816
757
701
1010
1248
716
322
349
367
485
518
655
757
1636
710
719
702
984
995
1015
1031
5434
1845
3105
1299
1374
2117
2169
1749
1769
1590
1743
1755
595
604
1923
759
784
794
2336
933
2460
2464
3677
584
3395
1955
1982
1388
798
860
856
1219
1052
2051
1943
720
1916
1354
4077
597
1270
1595
986
1363
672
793
558
745
446
731
879
901
1272
487
1295
1242
3661
1053
930
3908
399
860
592
701
711
4327
755
2629
2563
1025
1265
937
1948
755
544
1003
2613
1554
582
583
3372
3461
3469
2557
661
3630
3694
487
3804
3840
2778
818
582
548
551
558
4219
691
750
755
1201
915
888
913
605
4560
1118
1928
1498
1043
1663
1699
1753
4592
8215
1413
5837
1434
765
602
1316
2122
4322
1879
1260
624
633
634
1513
794
815
1727
1766
1048
1030
3600
3606
3608
3610
5336
844
1286
2514
4098
4118
1960
1976
4710
4741
585
887
885
1073
494
603
681
1475
1578
2719
906
550
1106
1069
2703
1676
488
1059
1767
1998
1180
1254
3990
2584
665
2184
650
776
894
1059
1066
685
687
692
696
1388
1569
1153
731
506
2179
1895
3911
1402
1421
1164
1173
4580
703
1438
1091
917
835
836
843
658
666
1127
626
599
600
1099
1374
1386
1418
806
629
1031
1552
3126
3127
1055
863
898
2066
1335
659
704
45065
1375
2871
1359
1391
1400
910
1747
824
855
1428
719
1963
1963
592
892
1466
1636
16997
1154
695
1061
466
479
664
999
898
919
705
829
698
1191
1210
1349
1356
1537
1582
843
654
1618
1394
2202
1358
815
1422
1076
1175
962
699
1108
13009
1836
1180
835
2705
1127
675
896
1426
784
968
1371
1150
1323
5811
2295
1383
661
1590
504
699
739
2199
711
760
1310
927
6328
2723
3358
2602
641
591
815
823
986
1078
758
804
1321
1510
1659
811
1944
779
930
930
1366
1101
3657
3667
3616
10239
870
3313
1677
3301
4354
1831
4521
553
5034
1159
1168
1165
565
709
3637
3660
3765
3773
4020
4164
891
1294
1214
4734
1464
2299
1492
4909
707
1187
1622
1581
467
1102
2423
1574
1384
668
766
1676
823
6291
1145
818
1110
1114
1763
863
1519
1716
1806
1474
1784
1439
1126
1449
1302
1467
1611
715
998
710
728
728
1366
808
964
965
731
737
742
747
749
758
2361
882
513
750
895
1285
1801
1018
1539
556
1591
1603
675
866
1850
815
1716
2628
10847
779
2433
1968
1667
1023
3325
1095
3028
3714
3716
905
718
720
720
677
3438
3738
3745
5524
1380
3973
542
3984
4415
4179
4187
873
919
841
707
575
1649
5220
1019
656
669
683
684
685
1597
835
78057
972
990
1018
1201
592
1522
1707
1838
2255
1552
1172
3711
1968
3592
3593
3770
2954
601
800
3918
4044
3316
4184
304
2642
822
992
473
675
679
713
2915
888
902
1446
921
1117
1414
2069
6675
2247
725
1318
1625
1066
2164
3752
787
793
4157
1923
955
987
1005
1154
1193
1834
444
449
449
857
602
3762
1597
773
1653
786
788
727
918
882
2009
919
611
1143
767
671
1956
1685
1079
1629
755
3830
1794
1067
1706
835
4356
4372
788
790
4727
4941
2234
4952
5171
1267
758
5366
1556
5426
1711
70708
5891
669
623
6433
3099
3101
1328
1139
1322
744
1266
2227
1438
984
992
1179
1193
1211
1057
1067
582
585
586
589
597
1737
701
712
731
1796
835
841
1541
571
1063
1076
1296
1897
1001
637
920
3977
1190
747
1452
1474
888
1044
1226
1346
1361
1581
656
1182
1357
1573
1630
651
886
756
823
591
1389
755
893
924
520
409
2899
1774
1104
2108
1510
1760
657
1655
1092
835
462
462
468
654
636
1246
644
652
667
734
1158
1164
1186
1587
869
1116
856
2259
2417
1390
1406
1430
1056
1057
1074
1094
1097
1448
4003
2776
1344
1126
3304
750
879
3644
2140
2908
2318
3306
2545
1603
2629
806
1129
1721
3632
598
501
697
1233
714
709
1185
1094
813
659
1351
1572
1900
610
617
2092
1030
1061
1835
1232
1285
1338
4532
1730
2053
557
753
875
5998
6351
580
786
801
968
1772
2566
9572
4281
1332
1366
4179
7357
1493
7523
634
1724
902
1021
1035
1937
1958
2109
692
757
759
1135
1056
1677
3824
596
3797
804
4321
4873
2933
9160
5198
2562
2691
3035
56972
5980
564
1017
1037
892
1604
885
703
704
710
711
991
1213
1226
1268
803
1543
1756
1356
9865
2881
1335
975
1662
947
1265
2410
789
786
744
931
737
1000
712
517
521
527
760
761
635
927
964
968
880
1206
598
1432
1266
826
1714
1144
3473
1913
1834
1049
1535
1552
308
312
331
359
438
467
483
520
657
687
692
765
769
796
3191
937
1072
1082
1795
842
3863
1866
1918
1350
1512
2603
4638
494
1128
3374
929
884
455
469
473
474
476
484
485
496
499
605
610
624
1289
698
714
833
743
747
749
814
820
672
30838
1526
1526
1606
1420
737
1299
1077
1457
601
543
760
3753
1085
765
2475
1472
1554
1009
1720
799
812
1351
936
1219
1222
1290
1235
584
2179
2226
520
1170
2582
2589
621
3291
931
805
738
3296
1324
788
2257
1216
2013
4230
866
1837
3799
1291
2581
2835
2388
2368
3101
3078
1083
662
678
546
992
1116
1120
1145
1370
1753
2004
1599
1974
771
772
1287
2148
629
850
1144
1462
824
953
1136
1115
2716
2005
792
555
563
601
608
611
613
864
966
1030
847
803
1441
1356
1517
1680
912
1031
1423
1049
1797
815
1281
661
873
883
2490
812
1050
1797
2158
971
1096
1901
696
937
683
928
1200
1230
3127
1260
1278
51300
1467
1074
1646
1671
540
546
730
1328
2194
944
775
1160
1327
20719
1111
1667
1832
2256
553
592473
982
2769
198
2883
226
653
961
986
1074
470
609
599
2403
1004
1141
1279
1225
452
323
562
342
349
350
350
330
870
555752
340
347
365
3356
210
222
871
553
297
914
323
326
695
283
293
302
311
485
565
616
438
445
477
933
1648
745
942
964
812
1196
1755
1240
1562
1460
1482
2083
785
1973
885
2357
1258
302
655
783
814
342
457
233
193
435
795
141
368
592
290
584
409
608
1139
434
994
1513
376
539
403
774
10340
653
660
514
616
854
647
467
1167
349
359
365
368
839
742
969
579
585
999
1052
1097
407
237
312
189
208
209
394
765
1214
1029
743
458
401
981
673
399
538
602
908
1177
1197
468
997
468
476
479
612
619
328
772
1754
1118
1075
899
521
400
658
542
552
554
577
584
377
461
849
742
748
774
813
822
954
970
977
983
999
833
441
457
464
594
628
690
1430
419
804
809
943
1146
1236
2074
1018
915
492
496
499
500
502
510
512
517
554
557
654
664
671
729
733
738
752
765
779
796
816
821
827
987
1017
1126
666
1220
428
1263
1495
1619
1660
1415
261
1177
1100
3478
3479
3584
4026
735
269
4716
504
2601
2899
788
608405
1048
620
478
287
289
888
524
112
471
3367
3370
3378
572
580
584
644
552
554
3766
3769
986
508
209
4260
202
1588
333
842
275
401
127
335
342
273
458
495
893
966
882
760
8387
376
1454
249
250
255
407
411
230
435
436
306
1024
349
669
475
1754
709
245
414
200
242
410
230
378
56
106
107
523
166
58
60
79
80
83
87
93
97
135
154
165
174
673
227
270
335
378
386
388
469
473
525
529
599
327
425
550
647
319
243
515
759
223
111
619
277
343
630
264
504
377
324
385
775
318
1159
402
406
1180
1347
174
137
171
257
334
353
468
521
198
842
446
375
161
625
202
602
432
630
762
119
120
125
129
194
204
389
608
414
645
308
693
325
648
731
765
347
989
486
346
465
593
597
383
113
489
589
833
158
272
112
589
581
151
729
346
361
338
479
314
259
712
860
1075
600
1209
285
502
112
113
226
155
588
125
130
132
169
37
181
34
230
336
341
607
1050
329
818
941
332
464
55
50
53
53
58
62
69
81
95
104
124
132
180
196
211
229
301
331
483
484
678
564
254
257
258
259
266
281
355
356
363
426
439
451
286
712
818
288
32
152
1031
705
154
307
163
1113
312
316
479
423
427
538
725
1051
983
600
280
236
843
112
117
120
280
285
248
569
289
702
869
426
316
125
353
94
48
991
43
30
432
599
582
118
295
464
235
196
289
592
1089
416
352
168
343
1059
299
852
422
503
307
132
228
411
167
169
257
780
124
226
328
144
447
260
667
346
141
489
287
386
250
192
202
215
216
217
219
259
272
278
325
348
354
399
514
556
589
491
303
312
313
315
323
330
402
403
422
433
484
498
502
505
507
515
542
631
642
799
284
1300
819
328
384
457
250
622
877
490
903
636
122
235
112
196
410
58
76
122
196
808
327
341
346
772
515
837
691
377
780
385
518
934
367
647
1049
331
1283
134
391
141
393
253
346
1178
402
666
470
556
789
806
887
891
431
996
165
312
171
412
342
257
210
211
217
452
453
405
696
1907
701
636
674
741
384
385
392
393
514
521
649
903
476
973
124
126
126
127
135
178
42
222
229
378
28
314
112
386
152
329
481
702
1080
267
196
262
316
91
36
41
44
51
58
69
267
143
712
357
172
438
516
472
312
424
364
367
376
943
541
478
496
500
415
633
602
263
858
952
1065
1007
597
421
32
31
49
73
354
363
425
431
871
836
709
444
412
695
206
328
1118
598
717
470
52
40
1536
340
167
351
355
132
174
181
469
222
727
408
540
1175
814
190
147
287
256
425
296
285
458
146
582
188
334
587
257
699
409
353
347
348
553
371
275
496
509
338
631
238
114
150
153
160
168
179
872
472
488
539
493
1175
808
265
1247
1317
549
808
262
384
395
268
270
281
295
296
298
306
318
330
362
562
375
402
407
198
441
453
456
459
464
668
478
485
508
515
521
550
555
350
633
267
697
701
716
393
880
542
933
963
973
1181
563
974
1567
448
454
1182
1301
355
56
43
50
74
79
84
257
338
689
266
106
108
473
306
289
479
485
134
162
31
221
113
275
417
704
972
695
527
464
288
524
512
213
28
31
126
304
464
506
335
132
217
220
376
283
410
1410
1007
314
190
351
1208
587
718
817
844
848
504
601
1021
1032
677
1224
467
1293
1304
1342
267
1372
414
611
304
564
513
1729
1988
451
457
458
764
539
1192
851
818
2584
2678
724
402
390
263
3772
376
380
400
1610
769
563
121
171
246
259
628
686
450
334
444
404
222
202
270
274
328
372
429
515
557
685
416
614
305
114
118
354
355
362
192
197
120
467
221
195
189
638
120
834
1007
649
626
1539
501
293
202
258
290
442
1459
743
826
832
339
356
444
138
201
442
1619
483
494
491
931
742
597
369
316
420
678
583
203
598
348
584
269
1077
215
219
702
56
37
62
360
472
581
705
715
721
669
167
131
514
974
1012
413
263
386
217
357
343
413
283
476
177
599
830
378
431
1320
396
560
498
995
1000
258
1771
580
313
575
310
292
520
298
303
530
386
387
390
977
689
288
383
861
172
570
133
142
144
160
162
165
166
167
174
178
196
205
214
220
248
263
869
312
294
616
372
732
487
336
270
250
280
340
342
349
288
217
181
182
617
204
211
651
256
259
288
197
339
342
358
359
214
391
417
483
538
191
204
211
329
627
358
361
744
756
758
425
435
487
873
516
571
197
168
172
177
226
262
376
319
637
726
505
310
313
261
354
363
834
832
258
258
272
459
2305
310
205
172
191
238
244
253
261
521
544
400
418
647
679
563
581
594
1433
610
628
636
747
759
348
73
3496
71
71
92
127
133
148
182
182
234
245
271
273
390
369
419
450
454
289
5027
735
1116
125
353
311
354
5165
286
288
485
118
721
1036
199
225
106
108
147
678
681
778
925
926
106
197
1178
452
463
516
2070
1022
1029
1017
644
644
642
1167
700
702
466
774
1683
831
560
1510
1602
1432
873
1362
946
643
958
12209
2502
972
508
662
1612
284
780
396
1098
576
361
525
531
694
1489
303
1615
215
1467
112
1004
214
788
472
511
360
318
3247
447
451
153
114
243
1061
477
672
496
251
477
582
602
690
419
251
510
974
379
378
469
136
138
139
182
223
425
475
471
445
817
286
354
183
186
187
593
248
1146
773
539
298
636
171
309
317
406
531
270
624
260
2160
1010
430
481
131
366
130
142
184
218
221
235
331
647
515
126
847
167
683
124
6046
483
113
209
204
591
365
159
970
851
317
324
272
450
135
1344
90
93
95
143
718
202
242
255
271
441
736
921
1527
1484
1393
1516
1000
1329
331
174
126
384
139
139
141
317
227
232
357
370
480
488
2413
2343
424
27
35
51
403
760
574
300
301
407
402
526
647
502
789
527
1209
741
306
254
7374
444
1096
304
477
353
363
370
377
378
393
394
397
414
418
422
423
430
432
442
453
478
504
525
532
540
560
571
576
589
606
612
488
694
698
703
763
785
792
855
857
857
870
700
710
920
926
972
976
1011
1022
1046
884
1099
1100
1140
1203
1226
1228
1469
1290
1570
1654
1680
1687
1808
1870
624
1934
669
869
944
332
355
1032
264
3243
522
448
623
3834
626
263
470
5833
427
424
346
436
540
598
349
163
359
335
532
1122
5176
253
260
279
280
341
470
397
574
475
477
487
589
591
189
656
245
717
310
338
422
378
396
405
415
473
979
1001
634
1142
685
574
979
130
471
218
125
305
334
530
130
762
280
318
227
262
313
309
357
325
539
325
325
403
316
329
847
344
1718
1259
1363
315
586
783
622
251
640
231
483
513
283
166
498
433
220
610
349
627
922
529
188
427
108
111
529
195
269
277
171
173
392
134
289
340
386
512
795
323
319
320
322
318
320
491
342
255
256
262
339
441
604
257
799
831
186
547
316
619
140
238
274
304
405
234
422
413
167
169
538
408
418
602
780
1214
328
356
881
357
372
447
455
464
250
827
334
704
212
224
245
314
321
364
370
440
455
491
395
411
552
554
600
605
641
555
569
779
802
948
1166
1182
1431
2383
1074
529
189
128
626
634
134
135
137
208
341
347
338
988
564
524
1356
512
256
593
669
590
194
781
116
316
357
151
437
465
520
21
69
950
408
411
221
1209
320
322
357
225
107
411
106
107
347
634
353
489
376
462
476
480
587
276
710
1046
413
738
514
349
323
329
331
350
534
569
665
589
978
1016
1027
958
1194
306
317
171
407
304
759
407
409
106
337
309
339
524
618
937
106
146
197
301
584
597
345
197
86
416
69
1295
488
645
215
124
232
328
331
1628
848
449
1855
654
759
975
638
427
844
287
285
292
966
976
645
487
950
917
1591
3306
621
22
622
26
74
758
334
2092
319
3326
3327
3329
3337
3349
3351
3354
3355
3382
3389
332
3467
3469
3484
3490
3503
3505
3547
3552
300
3596
3596
3690
428
3788
38
3856
3869
58
3933
3954
197
204
4121
4150
4200
895
116
112
127
236
298
700
258
258
514
779
628
676
211
227
641
296
1180
185
365
370
763
375
381
417
322
643
423
342
638
643
936
832
1798
554
109
111
112
2693
2827
2840
2845
284
370
3085
3097
651
1253
107
169
406
364
7766
440
354
359
558
564
834
589
600
678
9572
384
389
477
347
583
159
94
24
36
283
274
66
198
211
477
56
63
70
348
433
422
531
140
188
190
195
248
270
292
333
388
498
356
539
214
267
273
280
776
509
471
203
263
390
392
289
385
353
428
429
673
623
733
922
953
1087
445
446
168
265
363
365
445
418
552
348
172
286
1228
1257
202
167
991
242
235
129
346
132
137
173
202
39
233
238
71
421
1001
568
660
820
348
52
35
38
53
82
86
100
333
104
166
364
325
220
145
328
563
584
926
251
426
250
251
260
470
442
512
691
316
344
535
329
321
328
330
336
316
426
546
561
867
669
900
441
495
275
203
363
365
379
349
648
663
736
839
335
172
872
222
262
43
89
203
176
49
696
85
118
226
125
216
250
347
432
523
273
525
651
422
383
386
250
646
345
861
203
716
390
747
182
130
274
388
779
1302
154
193
689
341
348
431
463
436
353
525
438
342
816
581
3306
607
3993
1453
649
1696
649
873
1104
1618
6973
1904
323
137
137
343
197
425
228
435
167
455
297
548
735
1790
1091
641
592
687
1130
531
1682
1611
701
2390
416
455
459
435
808
942
426
643
432
217
346
218
350
250
354
250
883
115
150
154
604
168
262
266
166
215
64
23
218
251
598
670
562
167
125
283
137
169
229
376
451
872
1026
646
1089
316
326
329
331
335
344
355
448
465
470
549
551
574
347
655
691
970
1030
1132
223
270
317
400
201
542
735
623
715
353
369
381
473
473
491
499
503
508
509
513
603
606
617
625
480
1639
497
471
200
331
195
571
342
595
353
411
354
1199
225
349
506
130
136
586
377
675
505
641
248
333
131
411
649
442
131
274
329
343
347
349
116
446
451
455
457
429
532
558
574
661
23
778
319
155
897
1474
676
447
1179
125
518
389
311
163
454
647
390
391
394
399
285
517
518
532
536
670
684
448
806
1053
221
145
180
183
186
250
652
677
147
426
1544
452
382
921
1141
512
352
385
516
592
645
351
352
422
695
272
229
537
192
157
317
1082
353
280
316
673
423
160
168
174
222
339
346
522
849
851
739
856
118
123
1260
507
971
197
623
761
2220
765
23
25
724
415
518
326
428
1079
356
461
472
637
737
713
1526
363
489
416
628
379
510
315
635
647
303
420
1099
1163
1381
1100
318
696
561
576
1215
1632
506
602
610
1158
1040
1200
409
200
210
214
1259
496
497
504
546
789
975
533
644
321
447
536
562
327
660
1089
406
916
1778
741
842
73
53
70
161
216
635
635
767
261
257
263
271
275
276
344
436
617
448
472
172
131
132
146
147
153
167
176
188
190
205
242
265
288
432
441
469
225
125
193
273
567
329
1121
423
641
134
417
130
135
183
326
906
390
720
957
353
781
845
378
217
42
29
127
283
287
385
475
511
383
384
514
317
839
316
413
166
838
332
56
42
51
84
88
132
136
147
155
179
187
208
495
268
283
662
338
687
485
555
489
389
279
523
130
536
775
178
217
360
314
362
275
280
281
286
372
456
633
636
221
130
598
636
354
355
356
363
487
603
34
37
41
48
140
1045
1362
327
545
333
329
335
346
363
426
437
463
465
479
433
550
557
561
564
694
716
756
791
885
1019
1065
1118
1526
1590
1781
442
383
321
130
136
142
207
215
249
287
318
324
324
347
498
110
147
632
316
775
243
311
670
779
237
864
890
899
1036
423
514
376
287
301
224
388
399
173
175
487
601
785
887
376
1447
393
587
716
621
201
336
173
124
131
137
138
143
287
327
472
544
1222
154
131
161
163
201
211
297
177
411
421
273
312
328
747
374
311
380
583
739
672
337
198
465
779
160
1592
253
587
262
381
480
344
206
266
272
583
289
762
904
687
474
796
1055
434
267
844
257
433
401
167
307
691
843
317
332
333
423
1057
755
795
897
253
309
1230
361
725
565
2477
301
431
721
688
482
377
482
505
206
272
350
874
574
865
340
316
758
472
345
399
802
934
404
442
655
272
278
282
502
504
592
526
905
757
978
2971
3091
814
815
4950
1079
3770
3307
65
3189
109
110
3935
1434
3658
1612
321
321
324
245
331
319
320
372
451
377
551
572
309
539
664
504
1022
604
762
870
885
920
1461
332
267
113
188
201
266
272
407
31
23
43
74
375
169
135
143
150
177
185
194
198
287
213
232
268
309
335
362
411
527
729
202
157
193
327
212
757
112
95
124
1487
140
256
529
809
737
257
526
129
133
225
263
533
318
431
534
295
127
481
497
515
1448
474
199
174
204
205
211
218
201
429
432
233
583
1109
584
641
387
112
115
262
304
356
535
518
2143
893
746
554
414
335
553
227
700
129
901
1011
1155
1216
1383
605
4302
718
1300
515
1051
936
1417
834
856
2222
1055
1120
1554
771
1018
647
645
877
1555
1323
10607
1255
210
278
197
200
475
724
1328
480
949
285
417
375
481
442
484
528
711
334
939
642
670
791
457
316
512
840
213
1015
762
338
430
423
571
582
583
611
831
844
913
945
312
598
408
411
227
796
925
165
622
505
423
317
245
40
41
42
46
47
615
93
246
256
304
315
618
725
248
118
127
164
222
267
303
378
293
532
375
556
531
984
630
345
354
359
361
363
392
401
408
410
414
415
428
440
441
445
446
453
457
1071
503
519
567
568
598
633
656
662
695
750
796
817
829
851
853
867
543
969
971
992
1054
1064
1086
1101
1231
1240
1256
1287
596
595
1311
1341
1385
1419
1451
1482
1502
1536
767
1697
1740
1791
488
488
1802
610
889
857
868
886
2309
1066
968
634
1561
1574
589
597
607
608
611
629
533
532
533
793
801
3206
3213
997
938
965
1044
2213
1203
2269
3626
1136
1306
1310
1268
1429
1434
514
1656
152
4681
1522
621
347
445
208
105
37
80
107
3473
3475
641
263
258
203
199
442
343
477
615
287
258
261
479
485
360
525
625
439
1841
1259
564
594
700
1167
1075
128
223
1525
353
659
1277
3746
610
712
2500
737
567
983
197
198
265
865
492
256
29
33
40
576
75
103
139
297
386
203
204
207
3824
419
375
352
504
107
117
191
195
245
253
255
257
274
345
415
607
725
757
951
414
960
354
408
305
620
1691
472
356
633
317
320
420
539
539
639
955
983
483
117
207
1077
32
28
623
305
836
785
484
605
720
39
30
49
451
461
1020
1441
153
31
31
1508
359
139
304
410
328
329
434
531
261
264
346
359
455
622
430
435
828
329
475
361
557
245
477
245
251
253
725
521
674
308
322
525
543
832
748
1156
1238
541
715
425
551
556
528
394
1803
125
168
171
1204
440
169
639
129
674
354
808
376
591
914
244
445
420
499
721
203
142
416
554
287
280
535
307
408
511
144
147
422
699
69
29
56
29
37
54
114
280
378
28
42
163
273
378
280
555
783
968
417
346
713
427
316
515
407
1039
344
274
517
361
419
82
28
29
740
68
72
105
128
197
201
212
223
226
237
240
243
261
285
287
292
338
376
377
1016
384
421
525
501
517
517
527
531
543
543
572
578
588
621
660
702
722
730
807
833
629
897
929
939
2043
1082
510
1362
1364
951
1509
1517
736
709
711
1359
1297
596
607
745
2195
1224
2328
1389
2422
2464
2489
2523
2551
2615
847
2656
339
2706
2793
1263
1433
2826
1782
287
288
290
3016
3064
766
3298
945
3904
358
267
269
4646
250
1071
172
3619
516
519
299
407
332
858
422
316
766
1939
36
37
258
270
367
424
433
443
617
623
914
184
311
843
237
166
399
446
666
773
876
827
1407
897
779
719
1173
801
868
1346
1711
646
457
503
382
384
384
393
404
408
707
569
572
728
2688
728
771
750
775
777
804
815
974
1127
1169
1348
821
1384
666
1136
1727
2058
2094
1994
875
664
665
676
692
769
816
960
793
1058
598
1337
1365
1504
1567
652
1835
520
1061
368
1168
396
378
507
435
469
343
475
479
482
484
496
498
847
403
564
572
573
589
840
785
812
4835
840
1027
1053
1711
1444
1278
1294
1299
1332
1161
1471
1506
615
2234
2058
683
2150
425
365
369
13719
444
455
463
1045
188
196
349
401
846
449
557
709
2466
249
267
133
924
359
645
272
263
266
363
357
891
124
262
461
543
643
409
515
304
305
409
346
202
204
209
210
357
432
212
753
365
368
627
887
701
822
1968
1986
804
328
447
607
3276
728
4389
1335
5105
185
224
244
257
261
330
400
411
457
601
722
1574
316
497
258
263
447
516
686
809
887
970
288
263
269
470
648
761
337
808
857
317
424
782
829
333
335
553
346
355
381
383
385
391
394
400
406
414
416
723
446
452
456
460
469
470
472
703
475
486
501
523
528
572
585
588
289
668
693
740
768
789
824
825
833
835
846
851
891
915
978
1031
1037
1109
1141
720
1442
1458
1580
1602
1670
1215
1717
1730
2321
2403
2471
2568
971
2818
2929
692
3301
437
444
451
453
463
466
486
486
491
493
494
497
498
504
505
514
515
518
520
534
536
542
607
648
648
677
558
757
759
793
826
845
846
861
874
917
923
925
938
956
981
4102
1052
1077
1086
1125
1133
1171
519
527
1291
1334
1407
1242
1609
1704
1837
2021
806
808
826
829
831
5617
2679
5797
2721
1187
1256
1267
3229
3537
2211
3668
135
2167
371
488
412
4510
4641
311
4810
624
273
274
275
437
562
582
42
82
153
523
187
416
476
730
380
379
286
665
172
172
866
887
578
520
541
256
514
407
241
160
171
182
188
199
200
200
243
266
272
87
290
428
457
532
674
754
503
873
980
1019
1298
1206
1021
2017
1881
167
282
271
343
245
561
244
967
334
414
558
207
1130
494
22
123
522
312
407
167
168
317
737
321
160
533
273
423
348
530
537
663
646
657
764
814
877
852
313
21
59
318
324
327
436
772
865
888
955
215
129
748
316
322
328
430
432
213
551
552
463
196
275
566
166
203
408
170
175
306
318
366
235
595
645
127
130
131
140
663
606
219
302
312
316
317
413
630
32
95
263
353
516
306
410
167
168
178
188
193
229
235
237
257
348
377
484
487
492
364
716
1135
205
257
31
539
44
60
66
66
75
83
100
137
153
166
217
249
368
469
504
506
537
575
700
880
973
1268
1808
556
692
492
171
422
788
168
229
282
325
496
330
333
553
291
793
905
172
834
1080
1115
304
340
413
197
196
722
322
305
633
197
405
265
380
904
418
304
730
39
104
306
534
838
276
448
632
1200
1381
271
23
645
65
194
798
128
451
559
268
603
248
249
514
330
423
511
69
66
203
211
212
219
220
294
182
358
360
422
439
339
263
263
196
209
213
354
550
520
997
1075
819
333
459
712
205
209
218
561
346
347
522
780
791
139
694
649
118
121
162
338
959
1222
842
237
1138
200
206
277
338
345
354
417
425
402
708
204
347
350
223
224
662
572
763
523
328
333
339
341
688
570
1029
343
1279
206
430
495
721
445
353
527
277
205
195
197
1026
203
219
223
229
231
280
332
362
367
483
1316
1276
1381
1775
2013
414
474
542
169
410
32
160
353
266
183
600
545
279
403
538
143
244
281
190
143
589
127
129
133
331
174
217
230
230
400
175
405
411
203
175
295
348
146
111
112
145
225
576
649
403
356
603
864
606
778
1079
214
327
215
330
111
183
366
264
268
404
342
171
383
385
125
129
140
142
159
160
182
224
279
303
322
340
346
390
423
423
474
538
247
198
248
167
120
121
128
130
169
174
174
262
171
175
177
450
237
639
222
257
203
232
266
302
311
343
426
428
460
481
481
427
542
620
676
708
873
257
280
217
196
208
332
339
353
488
49
40
74
77
86
104
112
114
143
145
254
442
175
579
396
885
514
435
340
614
815
946
159
224
76
510
76
774
280
452
168
169
344
540
608
173
130
132
170
180
620
856
872
577
142
284
127
342
384
379
483
234
285
196
240
255
262
266
276
363
371
407
495
581
611
648
708
932
1265
321
160
332
144
224
527
125
243
125
257
193
62
31
172
125
441
891
239
129
321
237
262
331
337
443
112
118
120
124
158
160
167
255
282
476
239
322
405
474
539
1407
459
251
254
339
216
124
375
378
283
287
296
396
401
493
281
277
244
170
158
790
231
286
200
368
439
471
537
702
1378
824
903
685
693
224
166
1032
283
485
146
276
585
531
629
191
953
397
369
377
243
503
623
637
728
737
872
407
971
288
401
199
125
100
104
174
183
334
975
832
473
429
360
443
402
139
140
210
1018
210
285
350
386
111
96
288
245
3270
87
154
187
252
3617
509
6554
137
369
481
169
171
171
178
278
279
146
347
280
322
342
546
431
629
884
202
353
203
553
202
208
209
213
215
223
373
425
501
532
570
577
268
344
107
113
116
171
224
307
151
114
194
473
384
352
215
168
111
198
112
191
257
412
979
222
167
343
147
123
124
128
135
140
148
154
165
211
230
231
426
463
493
501
555
349
282
256
170
218
233
861
208
242
575
588
590
122
202
405
173
175
224
408
337
253
334
402
175
183
183
229
246
293
298
462
534
556
272
203
616
558
421
206
625
307
322
325
705
434
545
624
760
369
1200
1290
1334
131
176
1128
1485
723
347
485
309
310
300
391
724
288
404
534
331
202
268
337
205
484
632
360
362
425
132
462
534
206
584
751
500
416
271
837
418
404
416
210
275
292
341
355
484
448
734
552
690
694
1012
1264
310
276
143
203
529
404
486
1193
205
560
290
224
250
257
258
201
203
118
203
208
218
391
420
341
390
219
226
239
287
292
372
376
284
462
494
498
515
582
371
418
738
896
1045
1138
559
392
845
430
273
1068
504
514
523
724
858
348
142
299
290
118
216
206
164
165
579
884
288
290
394
1576
357
763
120
127
131
219
633
387
160
399
642
2698
874
3563
275
191
552
624
1363
671
1364
496
6656
205
210
212
215
287
292
335
418
482
634
190
142
144
418
346
552
552
123
432
179
188
189
193
196
197
221
224
237
237
241
261
265
266
278
279
293
294
307
309
311
312
314
360
389
390
401
408
415
423
449
470
532
544
505
550
572
504
631
664
670
673
688
699
799
837
679
984
999
1007
1070
1084
786
1231
699
1497
1554
1561
1702
1792
1882
1913
2012
2059
2134
1239
2233
444
2425
2440
250
2526
531
251
342
640
418
427
433
347
285
770
429
992
558
639
1120
523
170
227
278
331
335
270
333
1025
199
335
338
413
447
422
553
758
786
764
141
194
251
253
321
640
413
761
901
265
479
197
199
245
375
244
246
577
250
142
248
310
311
528
639
749
251
861
284
982
147
198
295
351
591
570
355
583
714
1508
266
443
198
402
305
309
224
513
1240
426
246
327
887
273
638
205
267
481
1042
266
197
202
117
116
124
341
486
506
568
785
567
668
350
1156
527
416
215
217
218
219
230
235
259
263
283
296
309
338
340
345
366
367
372
427
430
434
446
459
491
498
522
531
570
587
596
634
654
686
703
866
1014
1030
1160
758
380
514
160
160
1167
345
1044
349
487
212
716
213
419
1051
389
220
407
630
271
214
272
278
386
427
563
293
741
501
808
266
196
202
269
1098
93
162
835
168
349
590
845
124
205
130
134
137
142
216
227
280
308
345
350
360
491
389
395
289
406
490
758
199
202
227
264
278
699
247
264
331
349
479
508
542
694
740
961
32
48
147
205
600
332
244
763
535
269
384
162
638
419
209
263
365
1344
708
538
602
690
268
199
628
280
674
79
25
846
885
416
244
715
263
599
350
354
523
449
611
851
395
582
124
286
392
129
668
169
873
245
247
337
302
439
167
706
764
800
379
379
382
889
1161
1665
93
892
522
502
506
207
867
461
3593
991
1114
535
299
302
1263
364
568
427
1076
261
648
342
299
527
350
574
691
361
167
338
582
598
287
168
854
1298
548
265
266
285
286
288
308
347
363
369
402
461
476
542
554
560
592
677
683
834
951
855
1203
114
30
55
81
268
564
397
359
161
444
1152
347
836
262
473
127
274
130
171
172
264
202
354
214
300
421
487
527
590
748
474
472
211
426
130
258
251
405
606
623
504
222
214
387
161
636
124
124
263
59
28
267
272
273
274
356
712
100
846
23
272
218
105
316
773
375
473
80
45
361
1107
32
33
58
470
135
148
152
164
192
204
212
256
262
284
298
303
327
338
380
505
213
167
363
565
441
447
261
361
169
832
311
171
213
526
302
137
176
46
190
220
105
566
581
304
508
529
222
128
216
215
597
596
165
221
1122
202
835
274
606
1034
512
213
506
689
127
169
355
593
124
286
487
590
306
123
169
1542
773
177
43
50
59
60
86
105
140
263
306
476
480
912
499
685
357
471
486
1213
853
1750
509
511
519
527
1265
1300
696
856
864
959
978
984
1112
1171
1405
1471
1479
1611
612
1071
346
221
345
310
340
422
430
39
46
532
32
55
349
353
416
421
643
415
537
636
1064
146
346
602
357
478
503
343
725
865
654
427
356
281
382
387
389
546
703
858
1003
1019
2415
1245
797
1225
572
381
885
224
130
142
690
2726
462
2334
37
74
349
349
166
826
266
273
3984
257
260
345
142
170
127
129
400
597
357
1053
442
1077
593
137
72
603
718
41
78
88
102
124
132
369
1034
471
473
679
757
376
999
128
127
132
187
271
280
808
1189
833
601
244
250
37
119
1301
694
191
106
112
117
122
269
391
151
234
237
241
252
263
271
326
342
436
439
521
549
679
735
134
140
233
290
319
329
834
595
282
613
716
310
824
435
201
528
350
196
849
278
279
593
982
701
457
468
651
82
32
53
211
124
126
129
190
1442
183
912
223
429
338
635
226
939
182
192
238
245
282
304
344
443
475
490
555
695
696
735
251
252
253
261
348
445
452
515
522
340
166
56
58
1202
475
407
431
226
875
246
778
223
40
37
40
47
179
662
1171
166
234
266
414
529
275
687
354
278
279
281
1418
382
536
692
711
364
365
156
485
489
112
122
128
131
138
177
220
238
316
338
356
393
612
719
676
684
789
339
228
434
783
449
873
1136
371
346
166
333
198
204
204
206
288
334
357
486
565
172
124
261
715
356
481
718
257
125
125
142
214
262
364
368
436
152
160
161
168
176
208
214
256
270
275
334
448
701
127
149
315
327
363
404
456
271
275
724
390
455
286
641
287
382
666
929
1034
1337
1501
444
425
268
366
425
427
458
658
675
703
800
851
380
1144
247
333
343
539
182
107
114
115
147
159
192
328
589
129
305
317
472
856
973
217
212
611
272
350
469
483
560
656
719
825
843
969
427
426
428
433
772
244
245
245
591
29
34
55
58
257
472
329
715
576
344
638
54
28
375
413
396
154
170
204
212
334
265
435
440
332
336
472
382
384
410
415
439
503
648
640
736
781
811
811
829
960
866
1009
1243
1266
1181
1349
1503
289
167
311
273
352
485
170
847
194
263
264
279
365
110
82
88
117
173
777
252
684
200
215
281
395
445
1106
796
143
154
155
206
207
264
299
353
367
652
217
245
303
57
354
64
1096
189
771
344
172
175
228
299
405
828
204
553
486
554
264
783
759
293
569
294
408
805
391
200
1014
165
1054
352
984
199
453
337
413
213
135
256
271
314
367
146
430
177
431
1762
875
267
353
835
1089
1178
832
906
481
387
339
595
443
448
454
456
602
909
1059
1392
142
143
195
347
302
225
190
515
388
531
554
647
309
352
836
195
437
427
343
316
436
1050
444
142
248
897
520
142
423
245
299
776
383
749
310
875
312
246
151
214
318
1159
377
612
203
542
261
413
695
452
268
2592
357
144
205
258
269
1885
274
645
1125
332
524
197
667
3867
336
747
306
133
153
164
202
208
224
231
256
282
369
352
373
193
544
610
760
669
475
649
851
332
336
344
351
365
443
410
566
577
625
512
685
208
766
817
186
981
1006
1064
1287
1341
557
1466
407
834
145
107
109
113
125
130
166
170
232
242
584
601
822
409
337
200
262
407
808
340
693
197
199
241
201
196
403
463
168
168
645
191
149
158
203
204
211
258
342
1333
708
641
334
389
395
401
408
436
462
464
464
468
472
473
474
723
544
579
580
582
593
604
617
648
659
659
458
683
710
719
788
804
615
621
886
1009
1009
1022
1125
1155
1234
1460
332
197
828
984
621
262
634
556
290
405
174
285
289
442
124
494
223
406
334
1267
286
287
347
278
566
170
125
342
172
285
544
196
201
775
345
346
406
420
265
498
344
811
265
205
207
208
211
266
268
315
146
813
271
587
256
417
578
818
700
169
142
162
162
168
198
241
262
284
311
335
352
470
519
524
555
779
804
574
1062
936
588
757
729
106
223
780
739
432
624
225
168
169
171
172
177
295
166
166
168
487
205
209
211
214
418
273
162
165
217
401
176
287
292
297
546
360
455
348
170
270
488
502
525
164
166
168
169
279
302
169
749
596
167
173
190
308
359
418
529
653
731
814
285
286
489
918
346
353
367
455
460
471
473
488
583
629
655
1301
1044
1062
1885
209
245
980
2427
11667
965
310
992
924
309
1298
619
464
281
380
381
393
448
485
568
1081
361
879
631
251
264
355
450
514
522
1058
581
286
243
142
477
247
255
251
513
413
582
305
320
326
328
342
409
435
436
438
452
454
523
355
763
775
874
882
967
1169
1211
376
346
959
476
719
353
354
224
838
359
206
798
534
129
634
176
990
906
743
1140
1172
271
432
487
456
511
635
281
909
1399
1042
832
196
475
284
338
477
594
268
166
224
279
282
283
338
340
410
595
438
1093
439
128
223
357
362
594
613
613
272
849
267
410
284
285
446
398
166
226
263
264
1047
496
288
483
387
124
217
382
291
399
485
482
407
515
624
262
265
266
215
263
169
166
288
262
268
353
446
547
211
212
221
948
349
776
683
513
733
313
411
415
361
452
527
337
728
27
265
23
45
340
343
172
227
246
249
255
370
391
483
498
509
427
429
603
561
646
740
754
552
889
47
44
472
285
170
196
210
226
230
265
275
288
293
297
310
341
378
518
554
645
682
48
46
54
113
45
37
53
128
357
408
452
223
107
144
837
262
219
192
263
385
355
289
236
836
580
348
713
1192
373
341
449
635
607
513
577
679
363
371
388
547
945
568
796
646
655
783
798
308
309
312
1006
515
527
734
264
262
209
107
339
340
348
499
584
3139
2965
305
306
310
1071
364
270
271
444
447
938
7441
799
1671
887
2145
1059
662
671
791
806
889
911
911
1218
895
1393
1656
1692
531
667
695
866
873
996
1172
520
1321
342
609
610
12632
152
188
272
3447
418
3631
506
213
599
136
140
143
678
148
169
270
293
303
317
353
374
397
444
454
470
828
917
1198
1344
1141
854
2589
414
206
207
272
3304
3315
3315
3326
3410
3414
207
3422
208
218
218
220
223
233
3650
237
241
241
243
253
258
263
297
334
339
3770
405
433
443
447
457
469
500
3980
629
645
665
741
915
970
1085
1447
1507
768
1654
163
330
390
82
31
54
518
314
320
325
330
433
518
546
634
741
868
957
203
481
46
206
211
147
299
300
213
500
803
728
196
204
223
269
295
298
331
378
417
436
551
561
791
410
723
730
161
205
261
312
427
401
478
351
507
1024
166
254
259
265
710
271
407
469
250
268
312
467
121
355
971
342
208
346
424
631
198
201
202
302
333
357
360
386
503
520
525
583
627
689
214
437
354
363
555
557
614
926
1063
1080
546
130
1428
1792
1895
1988
255
255
2240
511
203
202
4610
212
396
692
295
258
249
413
414
394
403
841
195
263
411
698
712
847
884
778
163
1120
536
1280
487
332
1590
532
539
734
996
1360
276
164
23
35
43
43
52
70
75
103
125
167
226
343
444
346
540
275
161
162
275
388
303
129
137
182
228
630
272
385
342
678
245
142
144
263
338
263
269
251
355
383
196
608
275
281
935
334
276
432
444
559
702
354
386
288
298
533
172
489
598
171
686
695
278
271
347
273
346
203
208
583
349
263
183
243
892
203
288
352
430
588
643
251
253
307
124
119
491
123
401
349
365
859
513
423
307
254
844
209
220
290
370
429
302
594
625
681
183
747
186
394
277
2153
890
2594
861
223
484
496
496
1147
4640
1171
1199
367
600
167
168
4364
406
1661
940
982
280
743
299
303
399
509
518
572
589
597
530
134
136
180
1011
1153
294
129
130
281
167
226
730
295
203
553
640
661
331
311
514
313
527
642
347
40
32
208
57
414
213
128
129
175
28
35
44
196
215
166
285
388
1163
541
690
868
426
551
450
1051
388
780
912
395
424
250
345
645
277
278
301
125
168
202
345
346
1304
254
204
273
255
256
256
261
267
397
432
526
663
721
794
465
513
465
160
161
710
512
412
125
399
221
194
290
290
514
305
316
1011
814
838
1690
1689
674
386
292
496
302
206
171
390
314
398
660
448
1221
219
128
170
398
124
274
214
416
417
526
755
760
865
540
758
309
305
415
737
208
222
226
240
242
242
244
245
249
250
267
269
287
307
336
343
366
386
386
396
416
434
457
511
513
544
545
551
456
576
472
589
1002
1053
290
1206
222
1155
465
342
826
349
413
384
509
423
383
425
335
822
723
356
357
365
482
489
489
464
417
614
532
543
1066
509
976
1219
1261
776
126
493
125
318
274
278
524
413
208
285
351
430
498
552
353
175
178
178
186
188
888
255
201
35
39
41
310
43
52
77
86
90
106
124
511
279
369
391
415
514
192
346
142
311
312
320
321
358
439
485
719
941
1052
1109
385
1499
820
357
712
827
1181
303
125
351
177
262
335
316
251
319
326
329
418
758
469
978
163
1163
563
332
266
265
628
250
256
261
522
597
536
355
211
261
268
837
119
163
462
167
171
174
587
276
296
339
742
778
318
1029
285
304
352
491
267
692
1103
817
524
666
954
808
346
1102
160
219
1330
704
710
643
425
350
125
129
142
143
189
228
264
615
672
552
362
409
269
270
271
357
266
280
572
1142
382
210
241
254
256
282
302
317
348
352
362
423
373
378
458
501
514
244
677
874
972
1233
1293
458
717
341
1223
224
119
123
160
217
304
448
918
797
393
403
405
514
516
519
290
23
662
43
910
1144
308
221
127
174
180
232
306
458
447
663
33
22
33
46
897
160
576
103
150
160
226
649
2389
808
834
997
1211
1129
536
190
195
198
313
124
249
203
127
169
262
179
268
214
274
454
620
642
788
153
859
966
115
1022
188
283
1377
438
60
47
49
66
131
293
287
290
291
350
513
244
473
605
613
272
1039
572
1830
495
729
286
168
192
142
254
253
344
424
429
166
169
178
192
248
249
297
308
374
422
677
876
452
148
190
123
301
300
443
331
334
441
619
130
308
316
318
319
324
329
329
333
123
420
434
436
437
217
530
618
638
748
972
1660
805
677
339
341
352
443
518
584
512
171
618
401
348
148
203
246
251
306
215
137
167
170
181
319
353
323
327
637
570
44
535
267
40
51
76
109
122
126
138
144
167
214
225
322
324
351
420
432
410
411
412
453
561
263
352
442
428
333
344
348
354
359
451
451
464
555
583
328
597
676
696
811
1032
1431
1407
31
773
52
197
277
1322
416
313
211
410
412
332
446
503
352
614
142
135
150
242
249
268
282
296
317
343
674
766
948
347
265
272
583
447
547
718
56
28
59
227
317
938
223
318
353
980
449
278
287
265
923
532
332
338
339
544
562
575
654
769
233
1084
1122
231
295
764
629
466
422
266
196
3518
817
414
346
1183
750
336
877
86
33
397
170
525
689
654
352
356
357
639
320
344
477
586
1459
503
375
166
483
488
367
1105
13425
82
44
522
824
465
412
426
478
590
713
736
846
1079
1191
513
473
306
473
192
192
494
374
386
569
987
304
316
937
316
586
347
351
295
826
194
463
514
1063
317
30
110
1683
424
321
326
342
346
433
454
541
547
552
560
641
677
1314
463
244
348
191
343
206
220
224
228
230
272
289
303
352
396
426
440
459
584
613
863
347
345
349
350
353
354
360
372
374
483
316
585
595
613
707
718
327
181
428
1084
1114
184
247
416
353
410
344
304
425
620
852
985
1223
43
48
467
951
377
464
203
204
210
210
212
220
282
292
376
423
600
436
555
834
251
510
72
32
33
71
378
280
479
64
22
482
23
22
25
45
768
280
703
671
347
335
567
206
419
424
219
284
346
359
367
496
662
344
57
22
498
26
156
335
363
281
491
704
348
358
362
601
707
714
575
281
388
480
571
273
203
422
703
224
504
728
1384
346
346
353
495
829
280
463
350
476
250
684
414
247
581
822
348
296
142
583
591
202
714
335
331
269
439
203
205
211
216
376
436
501
589
636
410
350
312
326
326
331
342
346
351
219
451
464
277
282
524
552
563
363
365
368
646
674
504
556
788
461
689
693
715
1022
1041
1053
1312
1362
850
385
1051
1441
202
207
420
493
518
311
475
514
517
285
387
399
500
576
764
1107
39
116
409
649
202
842
553
358
633
660
396
404
511
525
528
544
658
661
688
1040
1056
1228
1359
581
347
273
359
372
553
566
758
104
32
264
137
214
475
670
1980
346
773
202
206
523
258
919
188
189
193
243
247
378
275
555
409
409
868
167
169
222
179
690
556
271
130
135
140
141
142
147
150
187
194
681
444
475
506
345
207
208
214
275
220
427
483
218
640
737
342
202
382
53
56
388
653
660
1574
369
615
1430
368
480
601
78
27
31
32
38
908
774
306
424
124
587
213
125
415
208
209
211
212
231
358
372
374
463
516
540
543
554
560
1193
652
671
775
493
202
333
597
502
244
568
652
492
382
383
781
359
125
597
203
478
278
279
344
598
316
