Waf: Entering directory `/home/flaviojr123/reproduce-red/build'
[ 826/1706] Compiling scratch/basic.cc
[1694/1706] Linking build/scratch/basic
Waf: Leaving directory `/home/flaviojr123/reproduce-red/build'
Build commands will be stored in build/compile_commands.json
'build' finished successfully (2.928s)
Load generated: 1.03309e+06 bps
Number of response times recorded: 19794
143
203
168
74
210
315
49
235
103
157
393
232
217
255
266
481
396
440
365
549
407
561
451
452
460
636
425
674
630
648
797
628
511
914
644
739
975
1015
830
1053
1160
934
1272
1185
1018
1422
1356
1201
1114
1115
1124
1382
1838
1694
1273
1489
1389
1537
1138
1620
1269
1527
1267
1774
1634
1159
1994
1340
1598
1418
1090
1104
984
1428
1162
1140
1341
2294
1801
717
1167
1023
641
1319
2663
869
1344
887
798
1018
847
1107
1038
2335
2830
622
963
919
2966
846
1560
1186
2420
827
2811
1372
2097
2092
2541
2953
841
1044
1226
3099
1183
2643
857
1316
3096
1362
911
2763
1572
884
1616
779
1018
1061
2926
1143
1621
3133
3103
2879
1149
3478
1279
3046
3243
1323
2881
1061
2966
3464
3158
1046
1050
1161
1148
2576
1678
939
3503
3112
1197
1589
3272
1101
3119
3028
2253
860
1126
1045
947
2881
1460
841
1641
1156
4027
3435
3323
3220
1127
1278
1397
3025
928
1679
3102
3307
2983
4053
2172
2842
2885
906
2000
3203
1129
3521
1202
2847
1412
1426
3018
2666
1065
4896
844
3153
3422
2750
884
3564
4384
981
879
4844
1107
3185
1135
1339
973
4665
2746
2843
2955
2839
4264
921
5225
1406
5147
2885
3140
4907
2460
3923
832
4217
5316
2807
1336
4411
1015
2895
1215
2756
4227
4263
3259
1545
2965
2174
1016
3241
986
2979
2727
4532
2951
3772
956
958
3930
1044
769
3536
4810
3888
816
1012
928
3048
927
4090
3377
4618
4028
5936
3057
1373
2680
1097
2926
2180
3835
2190
4337
3133
2613
5720
1422
895
2672
873
2992
2825
2157
958
2834
3291
3920
6205
5538
2911
2932
3808
5266
2870
3480
3403
2984
3097
6325
6061
2338
2321
1189
2814
2957
1066
1033
4177
2399
3021
4308
4324
5713
1421
5497
5329
2103
1205
4135
3933
5747
1057
5071
6096
1431
2928
2930
2850
2932
5044
3082
1040
4978
897
5844
2413
4781
4947
864
3232
2611
3326
4475
3292
4708
5534
5706
7235
3976
2439
5214
4186
4641
7223
5301
4617
5047
4120
4421
4247
958
3050
4540
4310
6982
3921
3087
2843
2943
2116
2370
5385
5482
2964
3516
5333
3867
4437
1026
851
7541
8121
5509
5761
4417
4674
3080
1526
5987
3086
1546
1512
1039
2459
3078
4073
4299
7215
6457
7233
3138
3059
4659
6429
4479
6094
6152
2957
4361
7466
7996
5685
7395
6492
3583
5850
3162
916
6541
6254
7434
5796
5926
7548
4655
2998
6005
7189
1108
7034
4390
5614
5153
5982
6003
4137
5299
3102
9713
4082
4422
8581
3852
6379
5703
2993
6008
8792
4696
1508
4101
4293
1608
3055
2814
7541
3069
4463
5155
4494
7647
7605
3210
5998
9132
3020
4809
4924
7924
7253
4406
6315
1477
5973
6313
4299
4304
7483
1387
4193
8877
2627
6849
4555
8614
3038
9427
2488
2975
1601
7014
5132
2510
6177
6014
4769
8870
8983
4319
4862
6842
2743
6217
7708
3066
8435
5344
5841
10264
7164
3167
7850
3091
10296
9011
3173
7759
4723
10042
6034
6077
6170
6008
5831
4593
6328
9944
9946
3014
5454
8498
10036
10149
7031
8258
4993
9212
3298
5471
7046
7709
3151
4272
2565
7540
6865
3138
4111
8433
10891
5048
5991
2911
9995
7842
6103
6639
11381
1524
2487
5237
11258
9007
7321
3536
12552
12161
8518
7923
4809
5201
1837
8360
4872
11850
5325
9270
4703
12708
6221
8902
2814
10525
3623
7855
7270
5116
9037
6155
12663
7447
7539
5239
4628
6124
4597
9832
9834
6322
5787
4930
7185
11108
2774
8459
8450
8328
10486
4391
11525
6013
10112
9940
10965
12768
5993
10725
10188
3196
7243
10201
10801
6207
5408
9094
10734
12638
8070
10511
8156
7626
7515
7348
8691
5608
7445
8747
7978
9775
11196
9136
10209
10188
8243
9649
10967
10134
9588
9187
10749
9737
3970
10620
8353
6724
6337
10512
13371
4020
5006
12116
9556
5742
5780
6669
5809
8376
11412
9179
4397
7045
12222
7219
4358
10707
4586
9707
3559
12603
5353
11875
10879
10415
7452
9851
14218
9169
7227
8543
7068
9855
6376
6389
6261
8789
8814
6179
3515
7668
8718
10267
10675
10679
14256
9099
6410
7185
13836
14053
13464
2878
6933
4659
6471
9712
4944
12653
10947
9749
8234
7152
11693
15019
9694
12185
3433
8310
2453
9422
7818
10077
12250
3231
7379
6840
3269
8976
3277
6262
12493
7818
7346
10309
15930
7171
12108
12055
8955
2019
11181
9803
8817
9058
13697
1250
7627
4979
7119
8711
3456
13701
10264
15990
10333
10222
3284
6723
13856
16394
8787
11847
9440
9677
7392
6397
6408
10886
10184
6678
11542
8318
9373
11758
4846
9922
10853
10567
5695
10494
16848
9568
7299
10639
14564
8802
10614
14047
16805
14020
13316
7924
6353
12454
13116
4718
17599
4969
7778
10905
4823
10254
7682
10473
8305
17325
9490
14542
3328
8880
15362
15101
13569
9999
11845
10139
7444
6527
7671
12681
13710
15542
5822
1293
15199
11676
11344
12760
14421
16171
12474
7684
3523
8370
9296
7143
18243
6836
3316
3316
10618
13133
11268
9826
18269
10308
7940
7855
16788
1717
6362
13755
12485
7325
12806
18020
15188
10821
7813
10901
10812
16757
17495
9628
1936
16686
4467
18839
10032
14416
12787
10191
10352
13185
14146
12093
11670
3886
13709
15795
14184
6390
6310
7236
4252
4418
9725
11445
11559
10323
10600
12334
5343
4918
15873
11731
16098
16724
17873
13311
9409
11593
17074
10765
13780
9305
6792
14868
10704
8529
18377
6377
15087
3349
15946
10342
15565
13878
10397
12521
19189
13421
15205
13156
15630
12806
3809
7778
13824
1702
1718
6448
8812
17354
4809
15468
14930
11471
14626
9242
16219
9187
12665
13454
19426
18411
18400
16347
18368
5621
13520
14143
14161
11500
7530
7243
17147
19558
7455
14902
10475
14382
10501
11965
10524
17925
3775
6423
18019
10800
7928
15106
9919
15947
14532
6702
3698
13002
12325
15089
12415
14836
11736
3937
16706
15616
9452
4741
4753
11619
16508
12773
6242
16793
8587
7770
1262
6797
12662
12806
16787
10477
13377
15304
14133
19445
14186
8036
17285
1673
14284
14294
1364
1478
18024
19780
15677
19884
16832
8832
10881
1299
14394
12035
19650
10456
13384
10290
8298
13560
12297
9030
19628
5123
16385
3298
7411
15989
3431
20458
12434
6643
17806
18865
15447
16401
14279
6412
4298
19699
14493
17320
17197
7793
16409
9154
7015
12423
14863
7453
14469
20968
15092
19408
6533
2148
15497
16098
10435
6479
22758
15086
6411
13127
10929
15812
6917
7801
3304
5886
17995
12420
15752
18161
9939
6325
18162
16656
19808
16711
19396
5858
5861
15883
9092
4795
14879
15153
7525
16353
14140
16712
14294
3427
14392
8475
7357
5025
3551
4511
16595
17734
9505
8105
19969
19197
14052
23733
24213
3430
3462
5515
10444
21392
15855
18184
18730
20188
8084
8691
5363
14772
7080
19225
3577
3582
7981
18262
16842
21563
12351
7696
10745
12788
18136
18754
8332
25237
12900
7678
14104
23582
22178
16420
6583
6832
9899
7974
19157
16341
9176
4037
20701
7757
19856
15040
19796
16712
16775
12284
22496
18189
8725
20099
17489
12692
18995
15680
12937
7288
15235
4294
21043
10315
15357
4948
22664
22002
14936
7444
18627
19901
16273
4615
5404
1287
5088
4827
4829
2835
25881
9255
15656
20696
21414
6704
8412
6971
3118
9331
19512
7958
18964
23346
13424
19075
18327
15480
26300
16824
18735
9338
9771
15247
22546
18331
21458
9495
12577
8803
24502
16886
25837
8037
21807
11107
18907
21257
19939
9370
7919
12687
15840
4872
16585
10488
12903
10431
24220
9315
3485
6010
18267
23609
21168
19080
18527
20799
6397
4373
21486
6248
20191
15257
6389
19556
18353
19581
24485
16362
2579
26701
19479
1487
21818
21225
22823
12338
20512
15559
12539
10349
24206
14470
20019
10545
24061
18941
4441
21261
27618
20439
7252
21339
6875
15283
10744
5227
20234
19722
20313
3378
23463
10542
29035
21582
27892
23925
19954
20176
26500
7378
3500
23446
19176
5171
18484
10921
10445
15409
10947
12301
27943
26842
17530
18391
22291
1761
24234
20914
21091
3390
22236
23651
21188
21219
15093
4849
4041
21236
18065
5659
4633
7421
20421
20611
13486
26577
25762
1440
10550
24133
20046
7055
2847
13819
18493
18519
12803
24288
22417
1475
3771
21322
4067
10541
24137
10924
20565
1861
22915
27620
22436
9482
17209
11785
8029
8992
8220
23456
8146
24986
6919
20123
26410
27191
11421
24513
3417
2244
9499
7023
24724
25068
8858
17047
18447
12338
19761
15839
18769
3442
8055
22319
25740
22451
25326
4399
27392
23513
27937
4433
11925
11968
24401
28374
3667
1592
13591
23556
10528
24387
16233
3214
10397
19997
15134
8679
10555
4947
25874
24016
28070
19936
22944
4247
25166
21208
12342
28400
23932
24640
10916
9918
15575
25323
21013
27408
18806
2105
26709
23386
6823
26798
30042
11088
11181
21082
28164
5535
27832
28587
14686
27068
3482
23119
25410
15675
9127
21437
16575
12364
14057
4878
8810
27818
5176
14786
6086
9229
2830
22534
10806
6532
7799
31693
14027
21778
8689
27715
32971
3131
31901
24967
5165
10420
3800
18518
28423
28961
18188
19322
16964
26598
3892
10389
17795
27660
10841
14129
27131
9213
28290
17833
19094
23907
32631
26664
2663
13186
6034
13269
12459
7624
22752
20384
2159
27753
29944
31134
13612
25910
6938
24732
10415
21618
9072
16519
1673
2217
27339
26902
33893
4814
27340
16342
29959
14136
17554
31970
25923
20689
6592
14618
9284
2238
26205
29879
16442
9746
7254
11322
34709
19686
24641
10243
10254
29353
5910
16081
6552
8591
30114
12494
33004
14017
35451
18000
8382
6159
35548
7846
13554
7459
28427
16071
1395
15561
10345
24223
33179
29160
22074
8414
7120
16785
4639
29977
30178
29944
28014
3932
14525
14891
27151
27682
33319
30722
15016
28157
12634
25148
15617
18845
29823
27659
8773
10758
15266
30860
4354
35797
22118
18541
9098
9046
5788
15592
13072
28631
4238
6709
10023
25497
20276
31812
15605
1710
22735
3122
28753
7435
5112
13518
6497
1486
15555
18528
30599
35038
14225
28403
8815
15963
3447
18546
27389
6063
19385
17615
3381
1863
7207
14772
23054
3487
4490
3870
18491
34076
11349
5912
17469
32273
8159
19971
28970
27935
17278
3519
28123
34537
30045
35710
34310
37191
21670
34906
4587
4432
31092
30179
22712
10588
5334
20856
25919
32757
9106
6579
35487
25472
31886
34283
4452
24878
31077
4930
16958
20362
3712
38559
5169
3514
24660
22659
27074
4675
4687
37160
15712
18033
15550
30650
16350
18897
36631
10410
28392
27580
14320
29954
37220
16675
37289
13902
32805
4755
36639
23292
31923
24756
32861
34734
33560
9943
8845
31447
2158
3667
22384
37735
26888
13468
29227
31996
11940
26256
5093
6469
36925
33660
16571
21099
2670
21325
13754
10464
36457
29282
38326
11676
22764
10593
29949
4434
32787
28203
38834
7057
6684
33020
35373
8099
26283
22430
15820
6582
9177
35749
2146
29793
3992
3463
40849
35750
15931
12983
5084
37506
18491
31485
6682
9146
26652
33993
38963
1596
13243
32617
29696
7935
7614
3577
33557
36461
12779
20566
7726
39522
7654
22613
37362
12364
18195
37936
7489
7491
20760
7936
8144
29242
27630
7916
26883
32744
22166
33697
15860
9057
4411
28795
28976
16214
33272
37877
22943
1674
10638
21524
24269
14715
12503
3308
8668
32653
3664
8215
22425
38709
36632
24993
34915
5493
18259
5280
8927
5327
15115
35578
19577
9798
28202
5451
22006
9389
16753
9055
16503
11383
37434
14841
34638
4243
19192
16901
38903
22351
33520
11162
36869
16548
22798
16213
40056
35660
13349
31422
3667
13475
37456
26960
23178
22487
15489
27270
7577
7620
34340
10289
42833
36567
42000
1634
34942
9470
12905
2143
39239
37594
2245
32722
38093
10447
16573
18918
23792
36989
12216
8242
36961
4534
3684
10643
7497
42121
19414
18931
6945
10867
8819
12407
4051
5657
34504
40905
16823
26097
6662
6742
9236
15325
31970
6373
16431
27097
4094
1620
32175
38591
40517
27064
31201
3785
10668
40338
39788
7721
42663
40269
9467
11160
18480
35195
17719
41784
13558
24317
8748
40048
17951
5688
3957
24955
38022
37848
11345
29920
3711
36802
19040
3605
5426
42059
34555
20024
42463
29499
25499
5304
24404
7956
4422
42241
38820
24100
14357
8738
4435
37573
4687
31519
39108
39922
5329
12055
34338
3719
24320
12656
11496
7575
18607
36501
35630
12673
40706
45829
20263
5368
13354
13061
18801
2221
40071
44156
13530
9626
4965
47517
17160
15179
10848
37698
19809
19047
39464
26733
39455
22779
29555
12967
25119
1573
35005
37207
15104
1453
39069
4440
31134
18757
13635
3747
5990
19283
5645
42246
33587
39240
2091
22208
2463
4857
7698
30220
3571
36244
5978
45003
44859
46164
3444
15765
2408
6787
16125
3252
22066
46231
1847
3697
18219
25900
4510
19800
6472
43149
31479
40103
10766
5665
3039
6590
18576
40374
29418
4628
23046
39377
47193
19144
2043
2052
43502
18954
13137
48147
5248
4817
4839
22862
4871
7051
21197
24932
46202
13912
22662
43961
9221
43144
30300
40717
16161
22853
4437
43295
29033
24581
41857
7571
18256
10549
43441
1394
1398
7246
25356
12383
32827
36002
11568
49114
15935
38734
31498
19730
3041
44899
29150
42583
12646
7028
37831
5840
45527
9588
39323
6425
6600
4509
4813
40906
6040
12926
9741
5221
6609
10463
46938
1356
14596
26034
42101
27934
1961
6367
46409
6374
3727
19844
32896
2147
10472
9275
25867
5042
3356
5065
13412
1868
36160
48747
3604
3980
7010
10684
30060
6704
4022
24435
26115
16883
5371
44009
46409
9778
4210
45555
21112
4251
6621
50868
5473
12417
9685
49239
4299
45507
32278
49293
37324
23055
25292
38920
12662
15394
25869
4578
35171
3360
5821
1840
23391
26556
9091
49893
40879
33327
45810
11209
3577
40591
7212
14529
4607
16650
4175
8697
46369
3661
31120
48658
34841
4573
35726
24678
3629
41344
32270
5281
24319
4261
5228
26366
22999
35812
5109
20149
36914
5222
46393
5113
18704
25478
38009
15986
4472
37984
25418
46318
3446
7159
32090
9351
4851
10916
7358
47096
9242
27759
19032
12270
39831
5958
7578
47079
26791
47301
26290
7516
3726
1512
45042
48152
12979
50685
34705
8509
31069
19461
7806
22113
5425
4410
4982
41397
46334
38751
46320
9664
27408
15169
50727
11278
3595
22496
4506
41690
42486
14694
6485
22503
49244
5431
7491
22778
2056
7115
8818
6507
6581
52310
3599
30595
6654
34842
16465
20730
49667
11114
30628
8188
8182
52251
40559
21729
49844
38581
27651
26040
4186
27888
38000
45207
6434
19255
34928
44443
3692
8125
48185
15765
3828
6754
17191
7651
7656
27579
30068
23908
48399
10204
17049
37756
9700
4776
6691
9503
3664
10561
6835
29062
46470
9178
7335
9805
4615
39245
28556
16024
4739
49126
7523
5322
7434
28495
43749
50230
11177
44484
52459
13960
49659
17519
15083
12928
4630
54768
51665
43686
50718
57677
22681
40428
9334
51533
56537
5175
8220
52436
53050
7550
10651
25295
29286
14645
9307
31212
26182
16419
39418
12235
24720
49495
17139
11780
10443
5463
24455
57796
48739
20373
11026
43159
47154
48562
17615
50735
55613
6310
30553
22449
51594
8970
10273
48341
24150
6175
33409
49009
10714
11655
11677
14950
39655
9547
47620
11183
9653
10532
51522
41368
10704
52173
21530
13671
6392
6393
1703
42560
14990
7649
52967
34418
56740
2364
54156
55470
13671
16940
6135
10994
25510
33396
11112
29226
19162
52794
53406
3880
7789
17046
55970
13853
54151
11839
49653
33735
1545
6650
2388
10521
51870
34074
8085
15734
16838
54319
40943
6725
6536
9014
50924
42625
16515
5151
16453
22671
33846
39042
50510
37854
17477
56783
24677
30078
30331
7370
27759
2138
5993
7174
27170
39180
4190
1599
1593
1620
14015
56583
58847
1425
59239
2186
1637
15460
52784
57837
12579
2140
38962
38291
15797
7175
6473
38420
54873
10523
9701
57512
4363
1527
28199
41491
41775
1512
15655
29947
3124
6985
14983
22656
4320
28236
4660
14755
20106
53627
2485
16286
54631
14003
27130
15449
11260
59454
16725
20429
13362
28010
2962
1739
42096
10622
53112
56002
61123
10787
53630
20651
17254
10592
60929
10656
48402
14254
40325
21691
51335
3845
46563
13931
7259
17512
37732
17629
60789
14060
45944
32563
22127
55226
62488
15747
24070
14873
4425
14558
46862
15525
43344
60875
3603
9733
61463
47519
47702
3999
4582
57789
56492
58539
7405
25357
1472
49582
5312
43828
28982
37930
26709
58860
3696
15075
15088
59939
17844
5321
12188
27032
1495
31585
38817
20093
6626
59915
17898
60847
5214
13994
5750
37987
40330
16024
59543
8066
31747
3951
20029
63514
1555
8294
5216
13143
3392
11324
8211
59262
8305
8590
14036
60112
41207
42990
34489
61464
14939
61456
2020
38827
30631
37536
31992
43054
1390
7553
6754
6999
4690
39054
4443
14452
3615
3617
11685
24536
42333
10949
64545
1513
55251
2186
43446
8736
22501
6600
15337
55874
9908
7496
9092
1533
19636
7485
5635
1638
4475
39283
27549
49880
3619
11275
11784
7937
5417
41111
46758
3565
9111
5536
10279
51571
13139
64237
22264
11210
67749
10542
48972
8331
68943
12522
14143
68370
10560
16279
22622
4653
39543
43538
3928
36912
4403
42034
6549
63740
3966
20937
23111
66186
3180
7392
6925
28520
23220
5218
5179
38981
11598
4549
34920
3231
49450
6972
41631
60604
61728
24422
6542
55738
53193
35577
20337
6762
24074
60509
57393
5163
1628
3648
63708
4747
7216
51993
26728
24201
20886
9808
24330
6666
58442
63380
14396
5985
59193
11299
4607
23148
2152
63755
29755
14618
6412
7485
47197
64613
45624
53457
49673
44411
11834
6490
2291
4687
32487
6497
37710
8021
59943
21680
62053
4259
56460
65480
46549
7276
21421
11653
62820
8853
16742
64482
4732
47841
3766
6182
60527
4067
35007
38010
8273
27279
64872
7795
14265
14132
2320
3822
7587
30208
28717
65614
7577
43810
51769
55471
5709
8330
19615
12692
6583
3581
25371
52004
1784
5110
27782
38966
58221
26766
5945
5390
20607
11745
4700
5636
64171
8329
6992
23788
68908
26689
48734
71533
47626
15268
5275
1509
66529
10559
27731
26085
11846
9807
66903
48440
11048
1945
70485
11601
1597
4446
39895
2089
53671
53195
6641
68145
6453
4988
1678
25236
5316
22284
44866
32716
1331
28461
7635
9433
15320
36741
6307
6900
4566
12154
5677
4581
63576
11072
33247
25826
66320
34880
66334
39227
17771
10404
10209
3056
6618
76004
15821
68033
10001
70932
10020
31648
4338
47659
41725
12027
6700
68306
72254
8804
31783
64040
70178
33437
4366
4363
1930
4408
14210
70489
4482
4633
23805
18178
38999
4402
13802
30619
8870
10237
7436
6273
7212
14853
57649
11798
67984
37235
70141
68358
9588
17478
43542
1501
10337
5295
77825
41743
6134
27124
3566
73692
6537
4741
5766
4986
1921
25634
5158
3473
1475
11739
20400
3639
7837
74735
4587
11780
6607
5507
3911
2253
1757
1466
54036
6861
6735
16751
5682
72884
29348
6875
3456
3590
3502
69052
10567
3466
11293
66569
26280
6366
29961
43065
21645
19352
19499
5057
55796
9205
49489
12547
15628
3542
24243
4066
7898
7212
9337
61277
63447
6230
3343
6912
22641
2323
8936
1443
63542
5879
59416
5167
21121
12793
8508
15718
5389
23175
8335
6648
7348
1803
68738
1644
71752
3319
4710
9185
70145
12525
47844
4961
18642
5996
6561
78557
12771
3728
77143
58803
1644
22414
37846
4878
18713
8049
79257
10452
6948
18576
47038
2275
57559
10719
39389
49960
47589
8093
80762
33500
10501
62615
7620
39080
25019
7350
7199
3582
20074
32130
5296
5345
1730
80803
1763
8031
53041
5063
15765
41853
24090
1491
2001
15779
55996
57723
20792
1566
2122
26386
20559
38266
4519
4540
76660
36547
32791
4705
12405
8884
2005
1578
78144
22284
2961
2972
16276
11966
7085
6840
11047
3096
6261
42237
5448
52837
4737
14618
49648
84786
73912
3521
10641
22123
4630
4576
3102
4749
9633
15557
76008
64934
66440
4044
67802
12064
26325
5226
1467
15757
32516
8072
3942
3244
24241
5335
9258
27150
3314
15340
4493
81665
8269
1556
8379
76176
56973
8581
9808
15334
4492
76885
2318
6799
1669
12892
58498
65610
69797
67432
3819
5442
59600
6536
5519
30957
7331
41592
72980
11984
14892
65691
15851
6082
84233
3120
65144
24090
16042
61228
28376
11179
28566
10183
25093
2705
75480
6566
7308
24412
1547
19610
6091
1696
1489
77169
83203
5819
6374
60423
77416
9221
1775
3936
8072
60975
7253
6526
67235
3730
4174
13628
3329
2842
84584
17339
14006
5304
1668
30645
48677
3192
14219
17608
24883
3558
6542
7672
90393
3971
37850
2030
12392
8332
61279
43723
4245
5262
1440
6078
4372
3341
3914
83697
5163
20723
3630
8335
12379
2261
63833
12004
7573
27662
82816
28728
11148
17007
1280
48121
28777
31827
9442
21281
81656
9079
64472
9536
84952
19413
2206
1332
19211
52463
16572
1926
5151
14721
10687
74790
86665
46163
3742
15962
86278
12126
11081
1643
15361
10497
8104
43035
2291
31610
69417
7292
9332
56893
10952
13386
7221
3833
26560
7768
6741
1643
3652
4968
83587
48900
1352
1355
1361
89278
4588
74017
4603
75999
21333
16447
44184
20791
4819
38622
4368
1824
1467
14770
5822
7071
82507
79024
77712
92202
8318
37681
3586
86321
10575
8748
5643
18636
12034
3667
13887
3854
2008
2009
3452
5441
19030
7076
4769
4796
5089
1359
36286
32021
10752
68607
2625
4441
4450
9150
6216
9631
8892
3050
64119
96054
3606
4607
83241
4944
22819
8026
85955
8243
11938
5239
5245
6952
6640
33966
5180
5890
58407
21338
5024
3550
10572
4441
3804
1989
7645
32489
7991
4998
6587
5313
5980
90490
78182
27064
90740
6675
28639
41144
10999
11211
90590
48083
63929
15642
89454
72720
24959
9559
1654
27283
53864
3274
4041
36653
6564
6346
80811
71577
52434
3230
11636
19991
1591
53583
2192
29824
2198
4189
11792
3404
8206
38724
52955
72144
7109
8783
39498
91954
2276
12807
5599
7071
96559
7527
38679
16303
21441
3747
46619
11827
96477
6428
5904
9220
3561
7063
15829
10440
74800
93732
10481
10546
90663
4452
4492
4508
9316
96408
93714
3542
16621
34028
13885
2418
8116
9035
66416
10479
92218
76950
3666
10669
26847
18618
69141
15667
54817
2311
48598
4519
13299
18527
1905
1678
4301
25823
4584
94011
4312
3420
11013
29151
5423
73817
7740
50086
9907
8882
4822
2649
25186
16992
31163
12049
2005
97982
18258
16952
9675
7760
42577
99380
59344
11988
26149
7268
1362
2900
4110
4703
4950
100555
3483
6769
20441
101873
11116
6157
4770
6676
2264
57098
13182
1837
1838
21080
3417
4640
5965
39559
4244
8015
63632
8783
99976
12823
3468
15007
2533
19012
5602
83489
89450
5127
3914
95919
5695
12452
12317
87606
74696
22593
4490
98243
4553
4597
86153
6413
54740
3601
43501
1558
7735
9208
16035
1599
7978
10349
5093
9833
5559
10348
1663
4939
14700
5621
2497
4398
10659
4515
6236
6657
99312
15349
6690
5870
1932
4392
9471
3792
13612
5302
102961
97316
12168
5122
4742
7426
4841
6826
3092
5212
19836
53758
7421
6323
1614
6916
100030
1573
1582
1589
34640
25546
8995
10044
34237
30264
103380
5722
3454
5049
3392
100147
92219
100231
6403
6523
6678
4428
101706
9475
32200
3825
1442
4457
16039
8965
7665
22746
6679
6710
6738
4443
4449
4801
10209
8586
104900
98406
23432
63584
59165
8947
9476
102959
94632
52618
10045
7741
10141
1598
8883
7317
7321
9184
68899
3601
29171
26501
8107
1409
5128
49148
30233
32440
8174
6207
4158
68325
18616
7446
3431
6702
17484
3489
1908
8661
3717
37940
6685
12894
34271
3863
69921
4575
4583
9519
9881
19676
16197
10376
1685
5053
10589
1668
6429
6497
5150
6958
16537
1414
5409
11227
2233
4810
1414
38934
35071
14604
9401
4901
23884
18705
15541
4396
39758
5220
4293
3647
8349
1515
7892
5389
9746
24836
7469
11952
4454
18189
5179
102504
26387
16220
4671
7978
102892
17262
4508
14016
10511
6159
7837
94764
21749
26777
7098
13687
7104
32775
23582
4882
12605
9587
28625
10160
101380
102328
11026
12844
2268
2283
7885
37398
94615
24922
11496
5601
97410
13514
13487
4723
4640
10354
16319
4183
33097
2822
1361
1683
5407
111531
14110
28327
1561
4392
3278
2458
21642
66075
1547
3128
7877
4140
1503
2823
2213
1394
13308
4375
5822
4418
5728
3660
106499
4476
17393
5872
6720
14009
84113
31455
62005
11438
4499
1314
2061
101988
22587
7624
6200
6429
1502
2306
4350
19391
24507
8215
15591
95211
7961
100292
6632
11409
70756
4832
3707
3715
9747
1448
33444
41739
24045
85650
8503
35558
4597
4633
4268
4270
6905
2045
113908
1927
3605
10103
56739
1664
14919
5135
3929
7591
1644
13880
2137
34206
3309
17132
6846
11576
10927
59232
64713
4432
1422
1468
96517
25722
8945
4244
16423
7114
33828
88271
71853
7886
3678
7678
3554
10074
37066
27229
39783
5200
2176
90740
70554
16173
12713
18749
30189
6443
4738
1662
7224
12651
36592
3714
1968
3725
17086
12194
9985
17660
24989
19318
3984
14043
113204
18067
1669
23131
1692
5074
29816
8891
26439
12312
118864
14324
16420
37214
23303
118719
44727
7592
16962
116202
118691
14346
14212
5780
5228
107623
5225
4701
5440
36349
98057
3420
1526
90708
10659
15978
74935
9302
41397
1488
8254
39508
12952
10691
116322
10613
6721
5043
29845
3579
18146
14915
2551
11657
50289
87877
18833
12880
7297
60516
1738
1394
10508
25853
8274
11150
27064
6162
22843
19392
9215
7432
27117
17944
8483
2256
1911
1352
14324
111710
106268
3430
49327
11369
101958
8431
13517
47255
69519
8743
7553
5100
12804
38949
4037
1501
1698
17990
38506
3616
33417
27663
5255
101190
75537
1381
5456
12328
6645
2724
103779
21245
1582
6507
90365
4546
3496
5046
16751
14969
22908
5656
17315
9714
33729
7183
36106
1627
2867
1378
18140
3423
26426
2039
112677
4075
122484
51851
5685
1576
1582
95064
89024
5607
3416
46642
12114
3912
39546
36016
3481
125979
112800
8218
19755
8259
5989
5912
3487
5457
6352
110751
22315
78215
63275
52564
10575
2052
11059
91535
105438
118013
9549
7742
3962
13239
2307
7852
9841
4167
13318
7115
26277
4799
26562
8295
121070
110830
11106
118174
115097
24727
107116
7557
7274
7332
3968
4766
6834
16518
6560
94656
5379
123585
7113
121123
2526
6827
3546
5141
4087
8737
2361
14848
15497
7452
16805
67435
1534
19582
102269
7271
18740
4551
8786
4192
4596
7705
4893
2165
4464
79914
18826
90273
19169
4344
18231
10153
21580
7522
106592
11071
101258
1235
9956
2272
101602
116289
6247
4838
17988
26617
15311
7301
7367
1518
1192
8354
58309
44499
16603
5861
23130
7355
4081
5970
3976
117999
8466
7254
128008
1518
4969
9600
18618
19484
1499
22477
12477
77520
1456
6648
13241
129686
7461
2175
21194
97698
2264
32348
111588
105512
22050
124322
10782
23389
3609
1790
123480
122806
4063
14311
6196
1656
7593
7414
3191
10437
101590
40533
3510
5333
3796
1815
11390
4326
31134
3733
5085
9586
4513
26705
4539
22324
4693
109186
30342
4182
6041
4746
124136
11295
6941
25326
27635
1467
3428
4467
1327
5602
1860
107874
21696
6712
4585
6799
4964
10791
6932
5359
7201
20067
15328
3691
6864
1359
4076
16709
1410
23605
3275
124501
3390
7531
1829
11575
11625
26388
15970
4062
4581
48652
4454
6328
13074
2052
1854
13806
53632
16460
39174
49559
101876
13277
4305
127939
2257
15490
63697
2912
7113
18631
12152
5862
128907
2014
3420
1587
27909
3550
3565
4122
1585
5333
8044
4264
19226
1543
8654
3927
4504
6172
129949
113566
13446
4826
25187
2342
1683
116727
4281
9934
136636
7947
60701
5510
64397
7391
16398
132799
5156
1420
1422
7656
4146
6614
32036
34716
33017
9634
4008
5381
17687
5434
9120
2561
4515
1217
16762
126335
4418
5446
5697
10485
7355
5616
3155
10619
132439
32183
7549
24038
21376
7744
127092
4300
10503
119923
6751
10804
1930
2081
2087
2095
52419
6440
3888
5405
9201
14371
24972
5364
4448
7320
43526
3520
2056
7031
11332
4495
7969
3654
133743
3684
11659
15704
123347
22359
1889
7884
4440
4036
4481
3318
4513
40119
94919
2067
35993
5582
4289
15967
2072
38971
2083
2084
2085
1874
7492
99471
4647
139697
33193
12639
34560
104929
7883
36905
9672
34668
2273
1254
1280
43365
5576
5682
11132
136984
34222
4677
3146
4427
1448
3514
50377
1765
3981
9942
8700
20828
15654
5104
4505
14383
3722
6679
7218
31889
6488
10628
6885
2753
23074
10610
2892
11374
5490
48365
7386
6244
10946
19463
143333
141048
4902
2065
20242
142187
5182
5111
10074
8083
10521
4589
130916
39665
5275
3916
1867
7740
5572
22663
4202
1459
17068
100859
1452
4362
39559
44041
126116
3853
87315
118170
28704
7115
3221
6220
6413
8562
1660
24449
138776
18565
7677
4001
6762
33441
6210
4231
7643
5440
139957
3672
3363
10830
108504
5387
7141
5656
9265
8012
3605
12428
3954
20448
91567
100049
101281
3478
5872
10963
4477
3680
6504
45217
147299
4123
1811
45176
7310
11241
110114
4776
4677
2874
121106
139934
6318
4965
20036
43573
7747
4926
22753
1902
7838
6695
18224
5856
3914
1789
23481
14581
14884
2230
5229
10280
8010
24625
3478
102076
11195
4518
3522
5651
49376
5675
1384
131940
31810
5944
57649
1743
11113
12592
4676
41713
4354
14446
7578
7135
1591
1592
87397
4659
6614
4759
12809
1975
73894
4528
1530
4762
2048
2995
55422
40125
7851
6484
138682
4642
73973
5106
6355
133731
7631
5157
13810
12125
3464
2894
27776
1421
12906
1358
2651
18359
51323
150546
4442
125504
75953
5273
1416
126752
1507
99745
4512
5657
18288
66958
7626
8172
58301
3420
31938
125121
13060
12506
6844
23781
6851
44128
14688
52444
22403
134729
142578
1892
10567
3503
4025
19917
109624
6354
5923
3845
4483
1448
9259
2087
2103
2104
63417
4561
1545
20329
6599
2139
1811
1818
9612
15500
2479
5663
4446
1146
4988
28038
1242
1153
1155
44917
1165
9401
10279
4983
3119
8714
1347
7798
17873
20581
7349
9918
10883
3474
9236
3644
5557
1497
25448
8128
12834
49766
19371
1590
2342
12028
12026
3577
17057
12165
6185
4248
1476
3852
59155
4415
12753
1886
7265
4622
12593
7649
153780
1344
2525
30321
6896
4477
4308
10374
4226
2013
5282
11632
4925
4818
6451
19841
1449
156122
4494
7404
4735
10227
15634
17213
14725
3984
6599
6077
130456
4126
63476
5281
147133
15936
3591
11019
1196
36674
3513
1442
82802
16186
5013
6166
17780
54148
4427
107235
4533
3760
5279
19171
128400
4683
33741
9888
2426
2445
4832
3565
5262
30527
4154
9971
8902
2920
2830
2273
6398
9176
8050
28332
9916
4835
6634
7094
7629
1643
7732
11014
1343
4616
7392
1358
20249
15983
7859
6284
10499
3441
41596
4826
10186
10658
10519
86711
153918
5797
6744
7521
1465
1480
136653
3403
2056
5132
3405
3870
13819
2015
14007
7188
2815
2817
153830
1940
31765
1982
5893
31423
9059
83472
7398
3769
3578
9433
6838
138908
8940
4382
35538
9271
34513
14152
154559
6907
141854
8014
1527
1529
99323
26648
1878
4648
23320
2562
3821
12268
9191
7698
4691
4235
3586
3601
4014
10267
88973
3866
4893
2619
1570
16332
6254
37402
10544
22700
11152
4269
8273
148156
160883
42189
4530
10508
9841
124795
7511
23337
16655
4231
21336
4953
11905
5990
4314
3405
11878
42843
4129
12176
3956
67421
3647
9056
5508
19788
11654
12959
10831
15267
9607
1464
5205
7479
1390
71740
13082
9786
24920
1416
7844
4514
5084
4329
3640
7770
2010
131052
12117
12108
14361
11201
5277
3067
10675
5589
1530
1830
6439
18512
5799
21566
1322
1324
1330
1377
4983
21722
5051
12243
4692
4444
6053
4032
160405
1761
1350
1277
4079
7999
40932
86611
3733
7228
27756
71719
8549
18060
2527
2619
1887
5229
23645
164764
3609
15791
9594
7597
1624
19393
14746
3385
9517
3295
8230
10252
5513
4795
123139
15751
3920
8439
2504
7650
16562
1600
3429
32589
11196
77890
2782
8007
24369
1938
15841
5544
1565
5151
160905
17162
3097
17216
2035
1280
7426
4948
9190
4968
4811
100920
14126
4325
62229
3698
148602
151259
6223
1938
6758
28573
127350
8499
17523
5897
160888
2014
18016
2415
2377
63285
1288
3615
4347
1445
7519
1747
6453
19018
10224
3774
1558
12826
4469
2189
19901
2006
10573
6468
161205
1414
1813
1842
1829
15029
10496
4535
2096
11900
4351
1379
6897
28762
2872
14906
4256
5731
3679
2233
6000
4363
3673
4394
2951
9979
8498
1392
1395
1314
1405
31775
138853
10124
30300
5159
19589
1957
10289
21747
4203
8718
7611
10827
5193
2425
6737
4621
10744
2147
4257
65083
1606
10179
6674
5266
4267
149236
168626
7541
3246
23120
982
174098
5625
4576
5879
4020
4957
1155
46571
4811
8299
5726
6087
14546
5777
3519
27187
3747
85642
5092
1670
24066
16377
4325
6047
7953
6351
2456
2110
2119
3472
4463
11022
1403
3745
7366
6681
12243
4257
6543
4209
4831
91228
4383
19259
1842
1411
5155
6446
3169
7585
174610
5591
33513
1258
6025
7925
4808
1371
3167
1696
1460
3140
4303
7385
1341
4660
1624
33944
7277
3257
94360
1321
23535
2014
8450
77566
1846
5242
141663
5296
3084
5223
8795
77015
24251
36455
4901
4023
3827
6781
3545
4789
16828
177605
3875
13834
6190
3441
37202
2449
13553
158465
5493
4578
6601
6673
4031
5525
1554
1655
4233
6845
4977
3882
4564
10622
2013
52322
2012
4264
5456
7350
4330
4456
14260
1444
2952
3970
9625
1832
1337
1188
4267
1841
5045
177299
1254
1114
10814
6235
4312
32196
3546
3642
4477
4247
2884
10458
1401
1415
1427
1439
1448
16380
1721
9265
5392
2042
1463
6442
1833
1835
1864
8426
1917
7477
1382
124424
1942
7161
18006
2703
3239
2241
2300
2314
7064
1694
3464
16828
7962
24396
6192
3048
7896
1177
2811
3139
4489
8197
4045
10663
7471
8210
4490
1189
45823
2034
1406
5015
4919
3400
3445
4525
1999
8155
2109
31005
5378
5428
3836
5934
2015
39160
7719
5043
38947
9712
6803
3935
2073
7457
1420
1421
12825
4460
4509
180292
73056
175079
14445
6430
4911
5094
7466
7515
6826
7562
5043
4078
16472
6203
3725
1810
16569
5271
5297
3820
34990
15555
5604
13380
1484
4268
1429
7753
175035
6028
1808
33470
2060
5646
4747
27314
6358
47027
6434
1935
4579
8136
3922
5410
7415
4801
65474
2062
30247
83351
2226
2230
17502
141393
5591
7275
3800
32328
11458
7560
9329
4433
3246
1553
3456
18953
7970
3981
3139
4505
2076
110311
20297
13929
8388
10417
3405
9323
47676
3654
3634
59237
3159
1276
22959
1329
1335
6760
17827
187682
40589
5235
6162
6391
16130
7793
2353
8564
10609
11539
11552
3614
9868
2283
2289
1336
4535
20532
13826
1615
17989
1534
10891
8527
5694
27201
16095
6464
5691
21244
3455
2218
22162
11143
23914
3321
11008
4504
15829
1739
10111
4719
4489
1473
9878
16946
4517
5178
4528
2001
6602
1705
8811
22886
12948
1668
7000
169011
15954
1339
1269
3320
6562
59060
4795
1262
2135
10512
34792
190419
2386
1302
3686
166059
5839
1740
1532
143749
2297
187647
10146
66663
9146
1985
53966
18362
4501
7772
1403
2727
13875
4878
5049
7539
9607
9654
2342
1466
1889
152252
3525
1700
2558
1468
3097
71130
5021
3482
16257
10243
3474
4567
1940
17042
9053
7695
1319
6676
1322
3687
5691
20057
3310
75952
6605
6633
1334
1341
1342
1377
84124
5355
7288
1358
4534
7683
3355
14656
18329
2638
3413
4645
1196
183257
1519
3477
1441
15446
21636
4924
7036
2686
1293
3358
24853
31532
3430
2099
6112
1226
1291
9524
4453
13645
5709
7021
1870
3818
8410
1302
4843
1590
1596
84632
23459
195564
3221
49151
8980
20015
3199
18511
40645
5775
28721
1400
4477
2226
9270
8009
3808
7424
163674
1783
7792
8479
4196
1174
138233
7277
3716
1699
5265
5273
8840
8726
13594
7655
7408
1234
4263
8001
4172
1398
5124
6129
8448
1950
1520
1521
9228
4667
32475
184150
1945
4246
5387
4316
1789
2562
2884
2071
26490
3975
1469
13511
3860
2377
6340
1490
2462
127362
7061
7557
98514
7130
4695
4644
3591
1743
3752
2123
7322
4285
10215
21651
79986
7496
1669
8162
78219
5197
5070
25924
1404
27311
6575
10490
1156
9972
53373
8291
10500
3343
13566
5310
1262
7798
1064
5802
199602
3429
3427
9163
27168
191210
8330
3369
8789
3742
4359
1416
1416
1109
1893
11193
7186
3272
15215
1882
12324
1622
200574
54905
4501
3218
9393
2391
3991
1422
1430
1450
10917
2401
1952
1984
3780
7438
6107
5475
1865
1307
1330
1422
1650
8487
201622
2315
3178
5773
146217
9011
18988
2028
6389
8928
2700
4148
2836
4483
4618
6200
11463
6225
6884
1827
4676
14099
8699
1871
7228
11454
6628
2246
1362
1382
1245
3287
5045
3382
3396
1562
21391
1505
4233
7756
9635
3451
1921
3277
6545
8943
5153
2025
37515
3867
32151
203898
1935
2108
2352
3043
6444
1345
4277
4914
54277
37961
74343
5729
10210
2799
4659
3098
4746
986
2831
4783
5378
4800
26255
1285
1286
5030
3253
10037
3174
102188
10945
13871
50931
4590
4875
1753
7376
1300
6056
49928
6039
5642
5687
5823
49321
5839
4741
9624
6534
4145
1321
1673
1309
6505
100401
12917
5004
7406
6769
12515
15511
4446
61029
31846
6320
4511
6383
6411
5343
65071
54525
16801
52225
3585
1496
5086
1643
1598
34293
6647
202064
2833
3171
3447
1896
3654
40664
1518
2056
10390
9434
11018
6306
3170
1515
4737
1522
71529
1733
7912
10127
4325
6976
1318
1168
21637
1490
8242
41815
1139
6352
8970
4762
5279
7936
8373
7586
11385
1510
9253
17401
4255
8966
69586
3682
3617
2989
5429
15852
12412
3643
2454
4727
3399
4108
4803
1816
8003
3186
2869
4248
9645
9659
4052
3620
4403
9800
9821
6444
8140
10555
1786
10059
2521
5012
23771
6922
7477
2202
10797
4652
6511
12063
4369
7197
5408
1409
1335
1338
13478
1944
5474
4177
4522
5690
9509
6097
1440
4149
15686
10961
26748
4313
45073
32227
4491
10997
44052
1552
5511
3162
22410
23077
3888
12405
64156
35723
17653
2551
3536
7475
163044
163200
21515
1748
1526
3817
4579
14849
3976
9680
15139
4481
2546
3978
8359
1190
12874
5916
3093
13603
3326
1613
1621
5029
1298
1304
1643
98465
57760
2289
2026
2054
213112
2103
15416
2412
17083
1169
4308
1902
9784
13349
1495
4451
15049
16655
13488
9633
29731
9943
10020
8061
1543
3033
14640
5070
5511
5120
8155
24670
10407
9827
1412
42673
5610
6141
18417
3069
20300
1261
10995
1505
14688
5036
14459
16683
111327
4059
5338
14819
5240
1771
4154
1495
21170
4782
1547
1320
7693
1424
5839
1313
4788
5191
4939
18197
21728
5542
3598
5097
2367
4642
4442
4671
5192
4780
1364
17918
8891
7018
3397
3443
1343
4423
1576
18410
8115
9475
5354
1325
1331
1332
5522
3598
40541
4978
3515
18901
1783
1796
6097
24999
10848
13145
6744
23144
2694
1745
1574
4310
1973
201330
1999
3264
4789
16975
2525
7529
7966
15179
4423
5321
1375
4373
2920
5014
4248
1663
1591
5618
1667
1471
22019
4324
47715
3682
6319
3818
130792
3728
3613
16676
1433
3654
2822
19320
2487
7293
31095
63920
9250
1639
7825
7566
1453
22799
6441
4529
1838
1456
23454
2186
196792
5548
1108
1158
10679
7323
21571
4851
1557
1387
5569
1912
1831
2067
993
20743
6270
7221
45077
12598
23859
8766
53600
167118
3025
6180
5147
48488
1362
33367
9584
3563
35757
13191
9256
16433
4360
25755
1437
1353
1355
1553
2331
7396
3632
7534
3386
5456
3406
4668
4536
1567
10958
2010
2213
1525
2041
2050
1107
2389
1149
5172
17086
3100
1674
13579
8473
3349
10071
5002
3564
1105
1182
5918
2267
5154
3852
3225
19814
13418
1696
5353
3706
15750
43255
6951
2273
1440
5551
5782
8692
2064
5780
5908
2095
9603
2642
6266
7104
1552
2080
4411
2794
6508
26091
4765
1556
4469
229400
1833
1247
1250
192245
2148
1789
8666
13898
1824
12728
5174
1322
31432
1255
63400
231773
1744
170179
4005
8994
1666
2323
2180
15316
1054
1552
2186
6347
1189
233800
4836
8528
5224
39472
10724
1670
4289
3344
1973
13255
10498
9130
18333
6692
1641
22438
13486
2443
4651
2466
7051
22542
6115
10011
10755
11242
4753
6189
1551
5171
1499
4582
17096
2467
4368
4658
4402
1936
4792
4165
1465
21445
5297
2208
2211
5519
1198
16744
7697
187647
5212
4339
28242
14876
2830
4438
12534
3786
24512
1122
1127
6306
8265
6139
10233
5616
3533
1554
1568
5969
1576
13362
5957
6803
8248
42697
1478
19774
2307
2049
3626
6039
12927
10896
4602
2503
11222
1518
4980
46775
4539
4332
9057
19195
2937
21530
5449
19655
6104
12629
1301
1336
1943
1664
5978
1253
5595
1800
4086
3390
1736
7441
6451
3656
6182
1627
9525
9368
12686
7468
3567
7546
2031
2037
4424
6982
4730
3021
1381
36917
29160
4202
11123
5079
48091
7520
4543
10431
1732
2627
1410
80709
2190
20359
1853
1877
2058
50643
6322
4163
4172
4239
4468
192317
4018
5363
1434
15734
1164
1553
9923
2847
2721
1085
1087
3414
3140
1860
1867
1320
1322
3399
101835
13813
35027
3570
4494
1924
3864
2956
2008
51789
16095
1484
1485
4286
1546
1547
53740
1494
40498
1912
1914
2431
27812
45739
5975
3745
4741
1241
1243
4820
14368
1425
2365
7203
1992
7985
2256
2271
21180
3180
7697
1783
65180
1731
3189
4720
1699
14746
7487
2652
3531
1140
12267
4242
3813
3985
245637
4072
17545
1260
1277
1287
4891
3561
3604
1153
1174
4007
46691
1309
23510
1506
1333
1336
1551
1476
1770
1677
4324
1873
8038
1442
3837
29902
1865
4788
2007
3167
3990
5867
1998
3073
2380
18814
12126
3014
2682
2696
6173
5432
2782
2628
2641
1073
79541
3000
3034
5728
21888
3094
3096
3378
2967
2685
1221
15566
3160
3320
3321
3756
8965
3220
3827
250591
3910
3538
3952
9214
3378
190330
3677
6365
3584
1814
3881
4536
1431
3911
4349
2135
4460
9472
6776
3918
2418
2434
2443
3339
4240
4849
4541
20106
4815
4408
6114
4495
13273
4639
2244
7736
3168
5578
2923
76143
5237
5073
150611
1414
2733
3432
5452
2006
2009
9902
9589
1028
5512
1172
980
1284
5879
5735
2031
3392
4198
1269
4222
2894
1820
16824
4649
14165
41732
7304
1144
1145
10527
12476
5210
80824
2427
29431
4550
15605
4498
4979
7945
1472
1633
86451
1431
7847
15745
1903
2380
4789
23941
2127
4932
4561
5825
5056
8663
19453
5737
1512
1516
1517
1522
3596
1460
5437
1651
10564
1261
1271
1908
3104
1198
1358
7093
3706
1619
1578
3071
1216
61786
1215
1147
7585
74053
1820
4681
6053
1059
3863
1558
1163
1921
941
2702
1978
8102
1959
1960
1970
1573
1389
935
1930
1035
2401
4597
3370
8663
1676
24619
11109
3501
3553
3193
1271
1231
11619
5595
255508
6354
3046
1670
4013
2460
53135
1392
3777
1905
3384
1634
2504
11531
61439
2398
3706
1635
3945
2324
4586
3778
3142
1397
12791
17820
3055
2039
4511
1397
1377
5151
1482
1483
4802
32005
89272
4906
2124
1053
6896
3181
1057
5906
5800
1991
3169
4616
29464
1120
4068
2689
956
3550
5294
3576
1489
245799
16098
1931
4307
3342
52278
32726
1812
4935
1388
4235
3329
3787
4311
3552
1598
2315
4247
15162
6217
4587
4999
4408
178902
8211
2938
1392
1395
2945
4112
1570
1578
2493
1954
1299
6601
2937
3458
4986
6938
4482
4249
7634
2631
1293
19356
59973
9350
64734
1467
4088
6451
4060
16679
963
2740
1146
2722
13495
2734
1008
1191
7506
2656
3358
2106
2127
1075
7534
5571
4965
63890
1348
1143
1144
1146
2610
5349
18019
1684
1688
2349
5032
4151
1416
32002
2124
2138
6098
8157
1868
3558
5492
1222
1224
2540
22897
1382
11848
2029
1840
8644
1217
1326
11316
14424
1184
1151
3924
4011
3139
9087
966
11320
4588
3490
3332
1626
3404
6086
3637
10967
3340
4287
5793
2093
4253
4312
6618
1688
9787
8442
1655
4396
70670
4284
1178
1412
1414
4292
3751
4726
3440
3445
2661
30899
1920
6638
1700
2912
5069
20126
1265
1133
2309
6915
6314
1257
4788
43945
5499
1048
1858
4441
22900
1304
1331
3917
2236
1448
1450
8175
1092
2089
4354
1265
2092
2576
3007
4345
18943
2386
6888
8852
5041
3500
1411
1232
3981
1250
1252
1259
1263
1268
1299
10416
3690
2441
2103
1651
1107
1990
1870
3684
4267
5210
2839
62088
1932
1942
1961
1963
1065
1174
3123
1025
4106
5164
8870
2691
1441
1718
1461
2518
896
942
943
21404
10340
1138
3964
7214
2294
10774
5351
3228
3233
3261
3282
5833
9331
3934
3678
1631
2046
5922
3205
2190
4112
4169
4805
4378
4415
4530
3088
4641
4648
2409
4306
1517
6342
7653
2028
7227
4099
4838
1561
4469
4234
146977
17456
8983
1036
5937
17978
7376
1323
1324
1326
6585
1336
2387
15245
6198
2010
5582
81264
1733
2261
4629
8828
6899
2216
1847
4191
8565
3776
8159
18011
16966
7440
2527
1366
7631
7712
7763
2361
6809
1683
1421
7083
8526
2981
10301
11704
6287
7499
2929
8442
1464
3120
2394
3983
6556
5119
3349
4780
1452
6642
15484
2958
1027
12846
2827
26050
5967
4625
4370
17035
3704
2200
4333
13522
4581
4827
22335
2088
7955
9466
4513
1212
6544
1281
1276
6785
2775
13300
1345
1705
2557
1531
2301
6107
20417
2091
2098
6593
2920
13468
2176
2215
2224
1434
1440
3626
3239
1304
1308
1313
7491
12296
1434
1403
1409
12573
1900
1902
1904
1694
17803
4334
1458
1465
1409
281677
3280
2032
1910
6443
1245
3703
1253
171751
10997
19231
2204
3766
1584
2852
2605
2428
3761
2782
17203
894
26623
1134
1922
5648
1191
9283
14945
1927
1873
3387
995
34265
1665
4839
3583
1484
4588
1963
1544
3067
1395
1174
6661
4106
1885
4307
1178
125293
1970
2275
1772
1257
22193
5980
213849
1880
4817
2044
6391
2968
9894
94727
3466
2730
4200
1406
1560
3677
3588
3791
2779
2334
1339
1342
8323
7696
2355
27492
1273
1274
86080
11538
4554
3504
3939
2662
3230
9032
4278
1703
1514
4355
2188
1094
13131
8499
5586
2101
4341
4455
5421
976
1038
1042
1047
1517
1342
1421
14538
8604
4398
1177
1177
3620
3809
1359
3294
1428
3987
6412
1788
3784
1970
39261
4766
288710
1814
2701
2322
1615
3372
2256
2513
2974
1670
6051
7878
2219
1823
7154
1179
6647
10110
2057
3757
10896
36321
16940
10029
56222
7029
1025
1268
20327
6978
11943
9221
2078
2478
7551
1475
2200
11047
1344
1760
1327
1339
1386
1395
1399
1741
2544
4743
4318
1756
1029
1693
1727
1735
2060
1764
2078
1399
4652
21145
18791
4099
2078
2403
2089
2100
1084
1582
1098
1104
932
1951
2568
1099
2650
2401
2414
983
987
988
1027
1459
2538
1597
2608
8802
12632
8506
3708
2785
1592
2860
1413
1925
8443
3344
3353
2529
1152
8157
3342
3364
1888
1184
1188
3382
1940
3514
3514
3520
1826
3533
27342
3506
3448
3761
3783
3802
1295
289530
3402
2473
4328
2506
3999
4030
4060
2327
2180
1848
113918
4747
1543
1547
1552
1558
1563
3335
4448
1654
2830
4351
2054
3194
1917
14745
3362
3932
1219
5129
2336
1343
902
3895
1596
1672
1537
1552
1561
4091
3649
6672
1529
4705
12797
2744
5822
296585
1396
5911
2090
5931
4071
6092
2189
15166
4672
4229
1621
6393
7427
13318
4505
4515
6492
6506
5052
4695
5172
2309
6769
4272
7685
3041
7305
5834
1451
1307
4515
4593
3477
4605
4606
1380
16201
1723
1677
5560
4249
4490
6815
7371
7961
6833
2019
4246
5384
7166
4375
1297
11044
4325
1142
1388
7063
4727
4805
287616
1487
2551
8781
8790
2197
8912
11402
8968
12709
2159
3178
3980
9243
4269
1359
1386
2204
8550
3631
5627
1730
13674
8289
3319
6961
8264
1282
9945
3932
9982
1129
17839
295955
4268
10199
4221
18858
4281
4170
2226
1872
10567
2134
4683
14296
20828
1335
2252
2138
4812
5139
1470
5209
2740
5216
2656
1468
1859
2010
8140
3403
2351
1519
5636
2007
2308
7461
6806
11541
17069
5507
2417
7266
11877
1320
22917
2544
13657
4023
2316
1402
1880
2553
10385
4184
1839
13650
1919
2921
1797
1435
8705
1532
2865
1874
4368
3693
1529
8830
50155
10835
18236
1313
1310
1315
1730
7603
1202
6567
1399
1705
6390
9091
7280
4353
7686
19258
3883
16623
2226
2893
1299
11931
2129
5442
1919
14007
2864
1388
10302
1346
1355
1358
1368
1380
6948
17057
7066
2206
1696
1705
3187
2043
2050
2076
6701
4551
2028
2046
2073
2988
2098
1997
2134
2010
1720
1727
4578
16369
17476
2640
2655
8936
14771
2078
1873
4647
4742
7385
4079
5706
4915
1097
3374
3407
3415
3421
4401
7261
3434
3435
3470
14177
4834
19059
3587
1380
1230
11654
4299
4826
6250
6133
4154
1286
8811
4216
4421
4840
1560
1561
1311
4440
4467
4487
4510
6301
1351
4438
5945
7555
1317
14319
4900
3642
4952
4965
2954
2266
1981
7758
5260
5293
7642
3599
3364
4301
2363
1192
1194
2653
1935
3748
18101
21121
818
5293
1287
1289
6102
7134
7200
3582
2686
1480
6970
1519
21726
6419
6096
3324
19099
3748
7019
6949
7536
1548
3625
1335
17661
11974
7256
1907
1523
2334
6116
2072
7528
22728
2598
13635
2229
9379
2396
4685
1486
3497
3061
199027
1385
24778
1230
8844
5157
5096
1447
13651
174893
8986
2037
5649
9318
4947
1220
2844
1708
24703
4580
5823
9722
1273
6065
6748
4441
14257
9955
4727
22495
979
12394
15886
10828
4751
1602
20224
25740
1670
38077
5346
13364
6472
1637
1295
11417
1290
5510
1230
2354
5598
2062
1805
4355
7074
13252
6783
4380
2505
2509
4492
4748
4595
2312
12125
3153
1342
1905
14014
12624
5118
3676
2119
1905
1910
6182
2746
1933
44865
4245
4476
3090
7263
2315
13825
3318
3318
3316
5600
3468
1064
7133
2777
2837
14508
1049
1684
16011
1719
1375
6516
2096
14528
1205
1210
1291
23615
2344
1425
6477
1275
2057
32302
2115
5339
1392
946
2030
3807
28519
6931
1836
1279
15512
2751
30923
1366
1182
1139
1344
1348
3110
1034
6501
1059
1060
1859
1825
1255
11245
1860
3622
1414
3586
14379
2477
1545
3088
1539
1386
1231
3748
1772
1377
1606
2771
2147
3020
2626
2135
1644
1647
2239
4483
32754
2157
1038
1036
10576
1097
1575
972
26221
1203
1413
1424
1088
3961
1224
1227
1228
1229
1031
1036
975
1005
1148
1150
1199
1548
3134
1632
5760
1948
1418
1675
1363
1287
20030
10834
1698
1719
4571
1984
27504
4006
2519
950
4660
2828
2210
6223
2614
1747
3118
3338
3580
1982
1193
1194
4409
1205
1215
1359
5604
3230
5625
20309
3636
1367
4162
2468
2456
1650
3838
3387
4079
3568
3555
36081
3536
2016
3654
4464
994
4540
2661
2296
3883
2874
3385
2666
4316
4360
1633
5005
2882
3314
23307
59496
920
921
1248
1005
2053
2779
1842
5613
3710
3406
5978
6467
40793
1632
1851
6297
1092
76324
2057
1166
1345
8254
1168
3195
1161
1811
1827
3054
1761
10379
1583
5166
3166
7866
99638
1568
1223
1239
1243
2597
1990
8232
40075
1657
1665
33974
5330
2142
1182
5651
3357
1371
1374
1378
8218
1304
1405
1560
2425
2454
311984
3252
2742
2665
13952
3894
1726
3339
2233
2238
5561
5440
3165
1243
9202
9176
2091
2555
1547
1141
817
7777
3283
1606
2768
21439
3733
1995
18285
6849
4900
12086
4657
4414
1025
1757
4819
1427
4177
1575
2437
3570
992
999
1034
1396
1506
1258
1653
4632
1743
4017
1926
1470
9316
1495
3721
4486
7019
9861
1846
2275
1053
1102
1104
1106
3039
2232
2637
1046
4560
5335
4183
1203
15832
3159
5341
4259
2864
1096
1707
1087
6661
1102
1136
2136
3268
7056
4004
6555
1879
1778
1109
1804
4167
1046
1057
1061
1071
8597
1521
3714
1398
1438
1447
3639
3088
975
2223
1010
7065
1811
4445
3639
2956
2170
1453
1185
3972
15437
1538
2402
1864
1203
1933
1379
4180
4182
1951
1767
1126
9878
3407
3462
1125
1355
1371
3139
3524
5953
2761
1718
2091
1190
4125
33636
21112
1816
1499
1514
2220
6119
10221
1114
5475
1427
1819
1460
1962
1046
2256
1697
1061
1173
1328
2455
3842
910
4057
2190
951
3313
1003
834
3476
3511
909
5757
987
989
845
1500
1606
2865
1116
4081
1364
1145
1147
1628
2236
36606
1718
1722
1212
2171
1199
924
926
936
942
945
47684
2317
2800
2838
1104
2357
1252
1290
39076
4577
1551
1577
1626
20053
2640
3368
338846
15743
53161
1109
2968
969
1139
1116
1124
1128
1134
1137
1145
1169
1170
1172
1176
1179
1179
1183
1186
1200
1217
1217
1220
1223
1226
1238
7143
1219
2019
5565
1078
1531
1506
1519
5291
7081
1942
1651
4617
3299
1850
1866
3417
1909
1979
3443
2026
1018
12129
2220
2299
4899
2337
2371
4725
2479
2476
2481
1897
4095
3224
4167
2855
1394
3079
3162
3174
3183
3184
1183
3254
3583
3472
1349
3542
3543
3601
1698
3784
3840
1153
3455
1330
1252
3534
4860
4211
4307
4312
4491
3568
1622
4591
4604
2526
7291
4858
2038
1031
15938
2865
5268
1203
1208
5630
5181
1392
1392
1403
1444
1454
1052
2524
1121
5665
1716
1835
1320
1781
1822
5890
5927
5989
1430
6732
4413
2540
5691
1115
1118
1119
2685
4700
1509
998
4334
1506
3022
4544
2663
3174
1352
3360
2249
97257
8054
3696
1214
2656
2012
7502
1255
3254
5258
1614
4394
2203
1140
1160
1161
1167
1168
4224
2612
9219
8506
2919
8594
1497
24592
1521
4649
1400
8712
73715
9277
103082
2198
1395
5412
1246
65269
1055
5963
2134
1012
3527
1699
5152
2482
4655
3610
1091
1773
1502
3897
4456
2123
5618
1880
1267
49423
5193
3411
2640
2553
1690
5089
2056
2065
7089
5242
2414
1788
3564
6088
2550
4409
5109
6015
2862
1196
2149
1356
5041
1501
9737
6812
1199
1936
1864
1079
1083
1091
1104
1126
1137
1146
1147
1149
1156
979
998
2372
1423
1666
1695
14759
1508
1511
37622
1581
1397
15339
1721
4890
2009
2318
1737
1953
1969
1986
2064
1205
5037
2300
2319
1093
2376
8924
2287
2986
2453
6506
2545
6097
1142
9576
2960
1975
3387
1547
3296
3554
2167
1939
1943
1948
1952
1979
1992
3894
3951
4260
2210
1332
1968
3892
3905
1626
17241
1649
4376
6811
4491
826
4570
875
1947
7243
4706
1411
1412
4775
1349
2156
910
4888
914
752
758
1798
2467
1229
5301
4072
818
1512
4580
1696
1704
1481
1555
5735
1859
9193
8945
932
939
945
956
2227
1631
1484
3022
1361
1288
4712
1118
5759
5664
363124
1041
4245
1691
1561
1420
1689
1877
1168
2078
2087
2300
3616
2435
2661
1413
1210
1423
1424
1424
1006
1057
18937
14441
1061
1826
1714
1801
56383
1059
1761
2090
3972
7231
3865
3877
1523
2905
2359
6658
4061
1996
1140
1142
1143
1708
5141
1470
1477
1353
1362
23441
3805
3237
5197
5284
1691
1145
2049
4334
1776
1187
5765
4178
2942
1262
6430
1505
2875
1514
2662
7334
2753
4335
5219
1543
363645
4340
11616
1057
6555
1445
7005
2491
2682
3821
2996
1063
2234
2197
4046
6578
4202
6193
1457
1299
2096
1085
10629
3823
1760
2001
6645
900
906
923
924
928
1149
1153
1235
1243
1258
995
1112
1821
1530
1533
2694
1567
2203
942
943
1956
1133
1133
1923
1553
1314
1318
1320
3079
2094
1915
3169
2278
2139
1515
1334
1615
1741
1788
1798
3853
2614
1893
2772
6542
2201
2225
2576
2284
1696
3090
1159
2327
2503
982
1018
2980
5577
7816
2848
943
3940
2585
3012
1371
3016
2995
2977
2721
2418
1566
2163
16282
3573
4253
6656
3448
1679
1180
3595
3925
1333
2323
1287
1183
1419
1199
1429
1208
1065
5448
3956
4496
1575
1608
1633
1150
4370
2047
2056
1327
1103
1556
5669
1691
1020
1023
1242
1091
2693
1623
2591
2597
2633
1656
1183
1196
1028
2747
1823
1924
2034
2991
1706
3024
2873
4737
1043
3622
3393
1599
2009
2748
6376
8080
4533
3012
1361
3741
4135
3354
4303
7881
1119
2860
3022
1643
1296
21601
3128
8889
1440
1446
4931
1455
1491
1740
4092
2390
2010
5279
7920
8839
1910
3818
1156
2559
4527
1564
2942
1578
4167
6111
992
2363
1708
3618
2485
4497
7404
3446
1067
1636
1446
1046
1487
4013
6331
817
820
3257
6468
1128
4365
1488
1329
1187
1456
1096
1622
2920
1601
2969
3116
3180
1504
34304
2281
1085
2721
6032
2823
2001
32443
1200
20031
13123
1758
992
4214
43199
3632
3823
5103
2253
2768
13294
1191
1540
1232
1552
7031
4124
4900
1332
4979
1042
1045
1059
1070
2951
2991
3709
2356
42230
1398
1431
3321
1168
1715
1720
1764
5385
1783
953
1137
1154
1209
2049
2110
1488
1175
1135
1136
2463
1139
9644
11211
1128
1974
1537
2289
3078
33613
1229
1958
2440
1953
1964
225377
14140
5409
2315
1062
11461
2580
1255
9094
3836
4019
4044
4734
1484
1173
14294
1519
30254
2266
2204
1141
1144
1149
1152
1158
1100
1453
1401
2053
5011
1589
1596
1479
1329
5259
1292
1328
1335
2351
2013
7913
15812
5423
5693
4097
2376
1149
2405
11067
2518
1233
2747
1222
6848
1325
2218
1094
6553
2028
4775
4705
1659
933
940
1525
2142
1828
1947
2396
1994
2489
1498
2081
1829
1171
2015
1849
3827
5561
963
5326
8428
1340
8209
1088
1098
3444
1994
1323
2051
2588
1865
3719
1544
1669
7002
2894
1994
1177
3580
1224
2108
3758
3617
2406
1236
1762
1768
2321
1087
2085
3292
4091
1980
1386
1273
1204
4227
2005
2553
3255
1112
832
1050
1031
30432
1092
4529
970
29886
2395
1395
1398
1070
1072
1829
16532
1705
2256
991
1164
5065
1024
4816
4506
1150
975
4197
5463
2601
2433
1108
2949
1477
11583
2299
2072
2100
1467
6173
4236
1683
1690
11431
7817
3146
2507
1781
11318
3446
1997
3648
1572
981
16279
4045
7228
1960
2087
1432
4006
4307
1614
4613
3850
1069
3464
976
215472
1417
5480
1067
3108
5934
1252
1261
3147
5974
817
2351
1753
917
17189
11564
1076
1116
1064
1136
2295
1418
17777
3085
3167
3437
1417
1306
2383
848
2494
1881
1803
1897
1175
4026
875
4485
869
4594
2749
3456
1304
6930
977
1711
2582
1181
2049
2273
4591
4752
4889
1283
1383
1391
1129
3958
1783
1212
312002
5001
1501
3627
2140
1270
2269
940
1057
15049
57216
3270
1289
1311
7120
1294
1621
1628
4928
1190
3156
1404
1117
3962
831
30282
5044
2044
1012
1022
4276
4365
906
8308
835
1543
1564
761
765
767
32591
971
1867
40194
1365
2949
18704
2299
6108
5694
878
1613
904
5547
1832
1654
990
987
964
1233
1242
7520
1896
982
1348
1121
1109
2329
8327
957
3946
1408
3460
1737
1769
8727
969
786
1267
4839
4457
1599
965
1588
1609
5214
1360
1389
3971
1156
1039
1236
1486
4005
5167
2117
797
1122
1139
6289
1025
1432
1491
941
2065
1716
2479
208114
1277
1318
1673
1124
1739
2745
2676
1117
1121
1130
1142
2392
957
782
2228
1514
1547
1098
3682
2220
2994
4397
876
877
878
1047
2344
3977
1148
1172
3543
1428
2115
2525
1453
413278
1251
326077
2991
1212
4369
960
1472
718
980
1682
780
1241
1222
1564
1506
4448
995
1003
868
1130
1443
5151
1504
971
970
993
1263
1848
1863
8441
4248
4268
1560
1378
1083
2256
2279
2009
4748
3142
1082
1083
1120
2038
2141
1696
31401
1493
1495
2026
3870
1499
4016
1804
1614
3957
1062
1425
7145
2988
2177
2802
1217
1223
3086
1744
2361
3276
3316
1070
1083
2104
4904
937
941
957
930
936
2428
1526
869
3083
1940
1228
1245
6329
3664
1780
3265
1913
1597
2051
1569
3971
4576
2986
1963
1902
3337
2450
2324
421684
2928
5555
1255
1373
3707
6742
1284
1084
3863
6293
1650
1993
1194
1203
1205
1207
3549
4509
1392
3656
1522
4881
2061
4766
1233
1928
1050
4133
2401
1833
1030
1039
1041
1054
1057
1062
1067
1075
8036
3628
4018
3633
2337
1338
1382
5259
4794
1634
1672
1733
4909
1585
1275
5511
2294
1031
1050
1988
801
2069
4558
5816
3157
1594
1340
1372
1264
1072
1074
1100
1102
1104
1107
5217
2328
1361
1692
1753
916
930
934
1819
4216
1527
1543
1106
6580
12953
1928
1936
2226
1951
1966
5978
6088
2459
1362
1372
1648
1656
33902
2732
3210
1491
2807
1335
1194
1203
1204
3005
7104
20664
959
9671
4157
2417
3457
3447
1144
1104
3553
7890
3951
2263
3152
4032
3640
3083
3286
3890
8938
3703
6188
3991
4024
978
1325
991
3809
4160
6460
946
5684
13651
1765
3405
1058
2310
4905
3222
1566
23910
1061
5363
9833
10408
5191
1715
2877
1152
1827
1022
1740
1774
1777
5972
1759
2283
2099
1000
2309
6591
975
7072
1779
1016
1016
1486
995
1219
862
868
870
2928
13088
1938
7714
2995
1138
7420
1170
1429
1557
2714
9868
1117
12676
1943
857
2132
2557
4510
742
6260
2713
3334
9860
1418
877
900
1382
3816
10398
808
1074
12448
898
1497
948
981
1279
960
1360
1395
1770
2053
1777
1798
2115
2147
2228
2364
2382
1610
2709
2682
10999
1584
1316
1317
1318
1321
2831
3530
228280
2692
1688
3336
2877
2056
15976
1647
3667
2246
5046
1264
1209
763
4733
3124
2450
3160
1228
1984
1061
2015
1498
985
1552
1551
855
2088
939
924
1591
2924
843
844
847
854
1913
781
1181
4466
4661
3914
1207
1959
990
1004
2937
3877
1011
1346
2502
932
933
6931
6872
1019
2195
1715
2637
974
978
981
3076
2041
6924
2809
1502
788
791
797
813
814
1322
2408
1030
1040
1041
782
1365
1384
2934
2104
1583
963
1781
1884
2061
3400
2129
2946
2831
1706
2374
2574
2178
3187
808
1224
1553
1272
1108
911
914
446077
5114
3297
976
977
1240
2587
4807
734
702
1346
927
3965
1533
1546
1627
939
2920
5900
798
1953
700
702
7906
855
939
859
967
3246
1248
1200
964
969
975
1559
1598
1618
6327
13379
447467
1727
1131
1170
1180
3888
2504
2053
1506
1465
442659
675
1719
1730
1737
14558
843
662
3289
879
2787
2812
1414
1546
899
1749
936
944
3951
6288
3417
1235
1252
3987
5805
1528
2702
1577
1583
25658
975
4583
1328
1407
7036
1866
1001
2075
2105
1304
4529
807
546
2050
734
747
748
1033
3284
1013
1025
808
827
831
842
849
1265
1170
1259
884
895
897
1128
1144
1186
5503
1633
1269
1536
1554
1566
1599
1391
1580
1320
1617
1681
1054
6629
995
4136
2124
2005
4329
7599
2477
2320
4125
2865
2898
3416
1926
4222
4079
3618
1808
3722
3849
3409
1164
47967
5686
835
899
2929
1063
1740
4831
698
4417
1476
1480
848
940
946
5172
874
5230
1143
827
1312
772
1003
1497
796
590
594
1159
1042
2844
4412
788
4665
4487
7431
1534
1866
3137
1825
793
958
1192
869
869
724
1275
1478
4784
1101
1715
811
1924
1953
5309
2342
2076
1465
2029
1350
964
965
2300
1339
1347
1085
898
916
1389
2641
3324
2277
1511
1525
919
4582
1028
863
937
813
816
1140
2007
936
1501
873
1101
727
1871
1153
1356
4040
1352
1446
1650
2766
679
680
963
1922
1429
2683
2412
751
755
2761
4213
12244
1540
1092
2461
1297
2703
4416
5756
2354
2707
2307
854
1987
2608
911
786
788
1171
15546
1208
3571
3600
4742
4750
1498
3884
922
3137
1643
1468
4133
2821
2195
1226
2050
1861
1526
1528
2368
2224
2813
831
1080
781
725
1872
844
850
1268
1275
1289
1306
1530
1548
1070
836
2564
881
1443
1571
1485
3817
957
2753
2742
975
3782
1571
1041
927
871
1015
1019
1657
3151
1923
1052
1071
1681
1382
1735
1005
1016
1557
1276
1686
26732
1337
1741
2051
972
975
2300
1043
3187
1275
9698
4839
992
800
660
2182
2197
2792
3016
3616
774
779
788
798
2941
1069
1075
1278
1975
1602
1116
3183
1833
3845
4390
2265
1490
2131
5211
1854
5964
1822
4330
2315
2410
1017
1013
1877
1232
4731
2757
630
631
626
1550
1382
970
808
812
814
1073
3548
3110
710
4411
1219
3024
2716
2420
1316
1560
1762
882
8800
3878
4162
868
10686
4235
27661
4335
433965
894
10525
7056
660
388821
748
740
741
1097
1217
860
984
8872
855
29854
6929
561
862
1169
5802
884
981
1608
1404
2776
851
1420
2958
8945
979
1031
177842
1334
3290
32150
2741
1329
3172
1020
952
1133
816
1152
1719
795
797
1333
1340
1345
1353
2081
1105
727
2512
3948
1324
1307
788
3920
1027
1259
941
3542
837
3750
1812
4749
882
885
892
901
903
1562
78655
2477
1215
1219
4337
1641
1490
1539
1555
3108
1817
1696
2154
2265
1156
1585
1600
2212
759
2659
3219
942
3142
2865
2942
897
2300
1418
1616
2181
2223
2977
3897
3338
2454
1048
1063
702
3725
1141
8589
1046
2965
1678
523
4740
4191
1172
4337
1229
890
1284
1198
1415
744
611
974
975
659
1255
5107
1348
485950
1184
1292
735
1828
2002
823
825
836
1027
1140
1902
1915
2033
3501
1502
1102
2711
4752
977
3119
1301
3043
583
585
691
3252
786
664
1904
875
3022
1088
458
644
739
752
554
743
791
130617
934
950
1141
723
473129
1878
847
748
628
1176
669
672
793
561
984
913
980
2149
1271
1129
1065
1926
678
1008
2438
1434
1098
1242
1445
2369
1182
2995
894
1030
1031
1040
934
935
939
942
947
957
2424
1306
1205
1428
1042
1271
1248
567
4280
1733
1868
806
818
1046
738
751
755
764
765
766
2169
1046
866
1030
1062
791
1485
1260
2468
1272
1305
1330
1076
2938
1253
2905
3120
3126
889
1407
742
2416
2431
3903
2695
2149
1493
2502
892
969
3036
1069
837
839
3796
4663
895
3720
5682
2440
2537
4225
1198
705
707
1076
1532
585
5513
2785
793
796
1008
1043
1057
8963
3013
1456
2172
1671
2119
2542
526
1026
1688
480357
979
2271
1281
576
524
529
772
1067
9352
921
1024
4136
1402
3431
1256
1203
1151
9783
722
728
779
963
1183
489
1204
558
558
1438
963
725
471231
1058
2399
1568
1359
1371
1289
720
2341
571
665
1502
939
975
661
666
674
678
492
1584
971
1002
601
1341
1201
1214
1383
1420
806
1493
679
656
1735
1547
787
2245
792
2400
2464
2475
1564
600
1447
491
496
497
498
507
513
718
927
1103
2801
9436
959
655
1056
4096
4184
1687
835
1962
1546
910
809
1028
826
1078
1400
762
1053
1063
1080
1239
780
694
476
2152
440
445
726
813
1189
426
588
638
158417
637
489
493
495
1806
838
488
3718
853
1188
1191
606
1114
871
1725
1115
1132
1187
1792
1983
1017
782
3827
4633
878
618
651
3741
1193
1202
432
1084
3876
631
1870
814
930
1039
649
1173
739
739
1318
1618
704
714
714
719
973
744
1013
734
1219
1233
1267
811
1566
1703
888
2196
2344
982
1539
1644
3000
2199
1356
3152
2236
3418
1513
553
496
811
2146
895
1362
3109
1188
4246
1196
670
3007
4477
7479
667
668
669
503
891
766
917
1651
1356
1178
1201
1208
828
835
1107
1449
712
777
595
1250
2505
751
756
698
701
1061
1192
960
1256
2734
1900
1636
3258
4085
892
576
1007
687
2892
2692
2703
1599
654
1610
1006
979
1486
1449
1008
1530
2718
1296
1300
2047
1563
774
782
783
791
799
1006
1041
1063
980
1250
626
1040
5124
1618
2392
1652
1801
543
2233
822
1075
1382
1386
1429
1705
3677
1328
2090
1017
3902
1577
1507
5124
2547
713
2022
908
1550
920
708
710
677
1443
1201
1415
2191
1631
1608
2331
2108
1552
4065
1660
645
902
818
727
727
733
748
755
759
1280
1004
1016
1025
1757
667
671
1378
1333
954
859
1045
745
1199
1095
1813
9743
1147
2555
29893
1579
2167
1781
1446
2353
2050
1097
2668
915
897
898
901
909
2324
832
833
2437
946
947
949
1159
1169
1214
1101
3255
1470
2452
1861
973
2338
547
2436
1082
2561
620
1255
1125
912
1724
1718
2122
724
5324
1602
2089
932
3581
834
3866
1124
1135
1149
8543
941
995
1460
2562
1876
683
1691
1723
1467
1898
531
842
2832
3293
873
1687
2767
2206
1015
2758
1202
1812
523
524
1220
1223
530
688
633
742
920
1653
962
992
573
574
582
600
770
788
806
981
837
840
842
848
1637
3828
1105
1117
1561
2873
1490
1234
1515
1533
1840
1454
1502
1544
1562
2093
856
1974
1786
1876
2432
2170
1051
653
851
845
12660
1047
2790
1428
9507
622
1370
958
3640
1145
2684
3529
1221
1315
5499
61232
1182
947
1158
2694
3056
1981
4844
3164
819
1347
944
764
3389
615
1218
1380
966
1416
1110
2055
1081
870
630
1297
1665
4279
388
676
898
689
4833
706
711
889
850
505
1898
459
464
551
552
554
779
787
881
1756
1548
1325
1852
21624
1681
3768
596
1157
3115
3162
1290
1511
1129
1445
822
825
1230
1089
787
1339
1367
707
1318
1895
1444
1057
810
2599
2070
1373
483
672
644
857
870
673
679
680
704
857
744
1179
1228
2978
1520
560
574
760
1479
746
756
771
781
1144
933
590
607
869
748
753
2339
1343
1366
1564
690
1268
703
679
1041
1816
1222
1284
808
3416
1200
1524
933
1632
720
1883
1772
2170
2497
1721
1339
1690
1347
2513
2829
1552
1013
2351
909
3058
376
427
599
3025
748
781
829
699
795
923
958
593
383
702
1106
1070
1169
1524
1051
2008
955
1264
620
1455
732
764
766
766
1307
1348
1349
731
1262
1438
1624
2503
2509
2617
1790
1658
771
743
3019
1466
2740
697
708
2231
3730
877
1042
1049
1537
1472
620
833
1181
782
1455
1669
1431
1703
1827
1312
581
583
718
959
1303
1025
2801
1529
1692
832
2494
2910
3784
664
923
1218
387
980
692
706
546
547
548
552
554
757
697
1567
624
1253
1275
641
805
1495
1620
1068
851
725
701
743
1567
4379
772
656
673
995
1716
1466
899
904
594
598
1189
805
7661
1402
1435
1130
900
1200
1227
1474
1438
2440
1545
2454
3364
895
1640
1419
3079
894
1110
1900
1902
851
438
1061
1021
1069
1104
783
560
4088
510
528
1012
1324
644
671
1455
1076
581
663
1246
1219
2179
1543
897
923
2332
1830
1254
989
1525
1529
854
632
1360
1988
558
2512
2761
1180
2042
1744
1244
2037
1332
573
1072
612
2253
798
1172
851
867
2382
594
570
575
1122
1356
799
615
1397
1419
1016
1082
1392
1400
1408
1290
1500
6977
2191
1688
2023
906
2595
2786
2152
663
690
4003
792
1178
3157
1079
664
577
584
1028
1042
744
750
751
809
562
908
1058
617
1113
1616
2111
1323
2177
999
1001
2557
1142
1067
3188
1311
1017
928
1071
60917
1102
2464
3738
1549
3815
988
397
591
420
445
590
621
805
887
2020
1178
1682
1526
1339
1159
1601
1285
1819
2044
1943
2082
598
2050
1220
3749
4578
7016
1351
1218
1384
978
939
4672
1057
692
694
700
704
4399
950
809
810
873
855
1499
1383
1748
645
1640
1011
1779
2208
24757
913
918
919
2246
671
674
2518
2409
743
626
970
973
978
984
986
716
3125
1350
1527
2370
481
1080
2094
2972
1966
1423
1469
960
1362
874
1162
555
563
565
566
1137
754
770
774
661
1366
799
977
904
1191
667
673
1412
1613
1270
533
527
1007
2041
1353
1042
1326
1057
1308
810
847
1108
1111
1292
788
814
818
2179
2722
1051
1057
1065
587
1067
750
644
1639
662
1726
711
1248
2282
2305
2127
654
926
948
1364
1169
609
1881
716
1288
1080
990
1373
1072
2171
1750
993
773
1842
785
774
782
1012
1243
662
1401
837
1867
1040
1699
1967
2010
1428
2033
633
1484
2996
2552
1765
2063
2665
1503
1534
1598
3744
631
635
682
463
464
487
672
1222
504
875
1271
597
1287
1528
4740
944
993
7545
1455
1058
1483
593
552
1755
1181
790
625
947
979
854
4609
615
5993
793
837
1788
1095
2095
1253
805
1345
1824
779
1748
1134
1124
1090
663
698
385
3240
1310
700
724
684
690
1517
949
954
710
553
1166
1074
692
978
816
727
1463
2209
1063
1338
1313
736
1054
1605
867
1197
942
858
2605
1017
740
746
617
618
619
626
867
867
816
787
1071
770
1218
1294
1061
2000
694
2047
1744
886
745
2261
823
1003
744
1842
566
996
759
770
2395
1025
706
1170
1199
1304
3530
1745
1758
698
1546
1335
428
4062
1573
357
366
367
376
677
842
694
776
646
651
667
680
680
683
685
691
691
693
911
950
3881
1288
2774
882
5481
1149
1325
1214
1469
1375
1392
1068
1560
776
1609
1697
592
1087
361
4011
492
1980
497
447
447
448
617
846
616
1317
1401
1144
905
2735
1410
612
492
3601
851
867
1321
1216
1232
1603
1064
1418
1419
1025
876
877
878
1309
951
961
965
970
1510
1231
1013
1515
1834
791
2100
1660
1909
755
1887
1889
1890
728
961
2476
698
942
1175
2809
1366
2477
1524
1321
1563
2783
1185
1343
3034
704
3327
2433
3413
3934
796
574
1710
2908
871
955
978
1061
1477
573
1282
840
1108
2437
2020
1096
1491
2670
1877
2000
877
1154
2302
2309
3075
1519
1258
915
846
3003
2255
9358
821
522
2410
3648
901
948
6542
1105
2768
1520
1208
1232
1732
1225
1283
622
1741
481
723
723
679
687
695
699
4260
2593
1299
2000
900
1814
2499
1030
1040
2870
792
794
795
795
808
1399
1024
670
674
508
1226
1256
1061
647
713
718
491
512
1223
1177
1693
1394
1406
980
1283
6140
825
2140
662
1139
1667
1269
1525
903
10123
1101
639
695
710
1446
875
1072
974
2056
1123
1202
1327
1703
1743
1852
1881
2011
2318
488
1980
1539
958
704
733
741
878
3902
4251
1799
1311
1860
674
3445
858
1398
516
516
503
672
482
482
484
485
488
688
496
667
676
1013
1324
5413
1093
726
981
1119
637
811
1745
900
752
756
760
768
769
770
1223
1022
690
691
759
1325
1327
1291
1740
1364
1230
2088
1261
1261
1266
2870
2249
3205
1833
32870
1391
1556
1129
690
764
447
557
935
532
531
544
830
1110
841
540
1325
2377
697
1751
1939
1668
1375
584
801
2685
772
2548
2367
1742
7875
1353
1690
437
687
695
466
651
1440
964
973
838
564
742
788
1517
725
612
976
1082
1256
868
2417
902
610
812
828
4882
2090
1114
1115
768
1131
936
2224
1056
2369
500
1436
896
1067
654
714
1396
595
596
2647
1181
1232
1241
1255
1097
759
1987
1067
667
1908
613
632
831
845
875
878
1108
776
1486
1571
1238
1777
611
612
614
1208
720
724
725
959
982
1078
1140
1390
831
1702
1983
1413
1377
2360
2357
873
766
766
1001
1299
1789
1819
556
1993
569
570
1227
928
937
1159
1297
757
4031
1364
599
1250
1422
615
625
626
639
940
866
882
890
894
677
1072
1076
1410
1147
765
779
782
784
790
792
799
805
819
849
852
870
874
890
908
912
919
921
1789
1177
1210
1219
2105
1258
1259
1270
1328
1362
1909
1040
1041
1675
1047
1050
1553
1593
1704
1713
1716
1723
1785
1804
1453
1455
1460
1478
1340
1986
2015
2090
2129
2168
2199
1820
1844
2298
2373
2499
2120
3324
2580
2611
4318
2411
786
788
798
2885
2911
2540
990
3801
648
1159
3139
3233
3278
2882
3562
870
3754
1476
735
3893
840
3955
888
4028
1102
1080
4272
574
4544
4692
3353
5481
891
844
633
4894
1162
446
1319
1330
1256
2288
5521
6366
5201
3910
1092
2022
739
744
747
758
587
1012
1300
1665
1537
1570
1712
4299
1742
922
7450
741
2401
2535
774
1317
464
967
1099
710
4823
1205
1759
1838
933
1267
1841
2642
1985
1591
1767
987
1175
2963
842
908
3535
2093
897
3945
4980
1072
1093
2632
14385
700
1290
3345
708
712
873
893
1235
1243
815
1480
1522
1225
2049
1167
1661
4981
1579
1870
1015
3002
489
1236
683
2639
469
3209
778
1470
938
994
2064
1048
4283
1588
1042
2431
723
2253
1355
2778
2812
919
624
670
509
620
1404
515
1917
1760
709
712
723
924
27088
998
1992
1921
1296
1140
751
3815
1481
1358
5828
806
774
784
1213
795
2375
1032
1056
1064
725
1361
1381
731
972
1661
1662
1132
1730
894
896
900
901
1640
1277
1615
2575
953
1471
2958
3361
1937
2267
3270
729
730
2658
4871
3414
2886
603
4365
5662
2036
1076
4582
1373
4367
1855
1892
1011
1408
874
2732
768
770
738
8265
2760
2627
1358
1661
522
426
2736
634
1193
826
2118
4094
795
1068
416
422
914
1237
1022
783
786
791
575
585
702
966
1469
728
1653
689
690
1020
1261
948
1276
1282
753
898
1108
1017
1146
673
718
728
748
754
1350
958
988
541
546
1228
740
975
1594
2071
2615
1478
2591
1511
1200
2683
3358
2669
3847
1041
1174
541
747
1951
1010
3822
948
4616
745
660
2971
16884
3104
2099
1885
2118
3175
633
639
855
820
613
618
620
1175
887
1280
1049
1847
1735
672
673
677
686
755
1007
1380
1885
1913
1264
2254
1429
3756
1663
3013
900
746
717
1554
974
1225
999
1080
1837
1231
1594
822
940
19440
2410
1682
754
1727
2805
1961
760
3535
901
1017
1075
1297
2036
1292
1319
1372
593
636
1799
1643
2042
1248
1251
591
1861
1399
1071
885
3477
2416
1311
1018
638
639
860
865
1178
2214
1107
1719
1319
3056
2246
911
916
2672
3005
1969
3204
467
5661
513
1405
2905
600
1276
786
787
791
792
793
808
809
810
813
1330
1349
1395
1773
764
2158
2230
2470
1886
1226
1286
768
1006
1157
1490
1573
2897
674
18142
1980
2919
546
582
869
891
2788
1085
1233
1256
904
740118
613
622
3589
784
661
2226
505
1202
1577
828
1492
2529
1125
1188
1189
1451
1464
1850
1185
1879
423
306
742
187
2143
213
214
1661
264
525
339
410
555
2718
3225
514
836
535
545
2217
695
697
876
915
848
868
668
1132
1365
917
1751
1690
1834
1672
490
500
506
1326
1821
724
617
1379
1640
1026
1035
719
678
1318
1954
1214
700
3291
1803
973
832
1406
1341
900
2723
2300
1534
487
1002
735
812
1226
759573
1454
1701
778
1549
2134
462
439
455
459
1131
1007
630
2403
652
835
872
1678
991
1225
1075
753
1037
1052
568
571
579
723
732
900
905
1085
2177
1403
4636
751
4400
1143
329
429
621
1149
725
936
2800
977
787
1678
948
973
1195
607
608
611
617
758
1903
3200
1260
704
1566
942
705
5058
1433
925
1716
600
602
820
3791
1698
1193
2026
2129
1286
2384
2750
1684
3213
1560
698
2280
810
520
423
1476
513
1253
726
2118
3307
654
1046
1467
806
1870
931
1346
1184
513
718
727
728
738
739
743
992
1021
1311
679
1286
1896
2927
931
901
905
1479
2415
2650
1167
1383
1550
400
638
3014
572
891
900
861
614
903
1707
1269
1570
550
948
2405
866
1951
967
573
1110
1802
963
1166
439
440
2043
672
752
767
647
1172
1120
2075
1347
1382
591
768
780
1894
1330
1877
3008
2010
1142
782420
850
519
526
1482
1762
687
968
458
522
523
530
539
650
885
1560
1187
1374
874
1195
1908
1883
1426
823
2156
704
729
742
743
817
1362
1230
1246
1272
1483
1497
697
859
860
668
2492
1228
1153
1508
1452
1147
1650
2140
2147
1028
918
1514
804
3360
721
579
799
1230
1074
1234
1060
731
946
1921
2212
1323
2095
1751
1073
3665
1200
2860
1207
604
716
1640
2006
1791
1201
860
567
758
266
510
473
418
586
524
749
963
1380
1493
1590
1982
2311
1648
794829
1043
1040
691
606
608
490
497
498
503
787
1096
701
977
1223
1215
1250
765
1453
1513
1627
2055
1719
1217
783
2112
793
1912
1982
1037
1049
858
1231
1259
1287
1289
1271
810
811
1686
1747
1066
943
1860
2950
935
1318
1123
625
1670
489
1525
1570
1685
1779
2319
657
550
551
1121
409
413
1043
1201
2069
1258
625
734
751
752
763
769
1029
1094
1446
1456
2668
1332
1679
1057
1834
459
460
7775
1183
414
2146
420
2172
2380
2388
671
622
831
837
761
1002
747
545
1329
727
599
605
1079
1557
1342
523
1207
837
2774
689
871
1109
1628
1433
795
4346
2393
880
755
614
614
3067
1081
2557
1411
8211
1735
1816
703
1767
1238
778
766
1327
1342
1023
1056
1128
1196
2140
1019
1041
615
622
625
937
465
667
862
879
887
1100
1730
2624
1554
1658
2028
2378
626
422
597
949
1176
1330
1844
1390
1970
966
1006
439
440
1036
495
710
658
867
880
1656
1185
602
1310
876
1032
965
969
931
1307
1310
1319
1327
963
986
990
996
1511
1703
1355
1379
1439
1640
1702
2305
1398
2507
874
2926
1354
2681
1334
3341
2938
3078
1910
3675
667
488
378
1146
563
756
662
561
6981
721
5034
428
406
556
718
453
551
1035
668
488
613
1613
1166
1068
1431
921
748
629
1365
809
603
674
682
697
698
709
935
953
970
978
984
2517
790
1493
1233
866
867
1260
686
1136
1500
1516
2216
1321
1939
1956
2025
2440
2712
2408
928
2640
1096
617
715
720
737
959
644
1306
801
1363
1762
1553
1299
1292
1051
1411
836
847
1637
1284
2524
2131
425357
1754
1706
632
558
2090
754
1230
716
637
486
859
748
2005
548
549
558
1008
558
1117
944
946
1199
1294
1709
584
1063
735
852
857
2281
1013
1176
2018
1182
1464
1483
1478
2488
1117
1180
3072
611
833
1894
910
1122
4204
1302
1239
1679
2776
1957
2127
1161
4200
485
565
2255
789
2336
1253
5795
478
756
1150
1197
683
5211
420
813
559
826
485
852
504
413
246
1476
247
1006
512
936
651
824
1165
1452
672
2035
998
691
1686
2365
767
943
1057
1156
1904
817
1129
2178
846
1062
1640
1119
1530
244298
2098
1557
2478
1658
723
4218
845
867
664
788
1075
309
654
652
569
618
520
528
538
540
544
552
1805
829
856
994
1003
1025
1189
1473
1164
1554
513
1454
547
556
557
1684
1263
1811
733
750
765
772
1969
939
967
1011
1021
1201
1349
1368
671
1116
1952
841
857
858
859
859
1165
1431
1227
1228
1237
1239
1914
1595
3974
3103
168
764
766
169
238
1044
560
563
447
531
2379
994
1223
786
253
270
233
240
343
354
424
450
766
5329
485
575
770
981
502
1224
531
1624
765
772
184397
139
142
247
247
394
858
497
537
376
1076
757
873
876
921
1311
2740
475
1985
1787
830
1149
206
515
474
957
1117
304
462
208
116
451
603
334
472
353
3743
410
530
2007
568
349
415
285
217
475
1057
344
829
1049
791
940
764
285
1476
806
887
851
697
669
719
1116
1155
598
600
606
608
1390
718
1061
590
2247
1284
1984
2014
827
1044
1409
654
829
845
856
1050
1744
1471
1060
2440
852
1484
882
512
3824
428
618
290
489
338
508
408
691
239
249
456
396
516
528
946
553
982
899
951
666
677
1213
3026
948
955
956
1209
1091
997
680
821
1071
1912
1435
2820
1435
787
1636
967
1629
1356
1381
480
247
441
444
453
488
528
548
796
830
1402
1241
901
1105
1207
1234
1326
1331
1356
1843
1856
1303
1581
2512
154758
873
954
221
871
267
327
416
4785
468
44
33
56
625
5709
203
216
219
387
278
361
249
433
624
635
386
256
262
698
532
446
941
544
486
464
954
432
345
710
516
346
354
262
347
263
955
525
2247
567
966
185
231
356
766
455
472
237
325
234
111
849
1684
246
185
443
445
446
463
599
605
761
763
918
634
1062
376
380
503
463
731
782
818
728
282
530
382
385
170
224
602
1067
741
352
262
822
262
275
464
354
626
640
819
203
213
353
364
286
470
378
491
612
662
774
1422
748
884
567
537
434
642
256
591
262
391
133
453
283
960
495
925
263
320
320
321
558
441
312
641
318
390
453
642
266
756
625
422
257
443
281
178
493
243
415
563
803
810
518
267
321
323
360
517
524
536
742
911
1322
383
213
1547
211
212
213
350
288
621
174
183
1361
219
538
235
237
281
1243
407
483
266
263
761
260
595
706
449
1043
342
1138
443
567
568
230
125
808
881
765
831
1128
537
368
460
638
658
1165
583
701
629
353
385
385
513
107
113
153
342
341
284
285
420
625
342
274
383
269
406
271
274
277
288
291
293
300
410
774
487
488
516
605
554
618
690
672
747
939
417
462
347
346
265
107
114
116
206
1056
334
365
416
421
478
706
395
893
315
414
231
312
1183
382
383
521
649
475
334
338
199
201
644
644
631
645
356
657
305
1038
409
225
412
283
305
167
1589
771
982
262
722
345
260
467
582
195
802
409
649
392
466
400
533
784
1454
2035
1465
1585
1065
640
861
717
1698
156
167
502
976
799
1131
502
3071
254
1488
654
396
416
879
546
5716
660
661
1000
937
438
354
259
263
351
1081
819
955
405
166
617
315
306
588
425
465
465
463
284
166
695
354
353
808
407
241
323
837
472
606
469
172
174
1087
445
638
1496
349
368
377
379
384
388
447
471
488
575
576
607
624
713
773
791
989
1068
399
1258
467
1478
216
443
830
346
895
408
637
1203
1165
1652
1009
1101
1270
1910
1691
605
2631
858
1374
823
1480
843
2013
206
1004
491
506
509
511
641
833
1084
570
1200
858
1186
939
1412
903
1274
486
609
508
1027
593
560
675
1693
1758
2016
815
607
394
395
398
399
554
556
781
9825
689
975
977
393
465
477
496
500
502
514
524
1454
345
602
435
710
581
820
583
855
896
646
694
755
1171
1188
1253
1077
1341
1083
629
644
1461
1355
1093
443
967
1066
1153
296
297
371
562
631
717
262
274
277
354
356
540
561
742
1150
524
261
349
352
347
710
354
399
475
853
502
190
195
202
205
256
639
367
455
479
480
527
920
926
933
733
1111
386
1378
358
471
820
1067
257
345
436
342
255
264
411
621
415
515
627
238
1229
942
295
809
400
347
768
1136
480
306
53
90
575
67
24
26
792
57
96
333
477
56
35
602
704
835
1173
668
552
224
222
226
1874
2263
1346
700
498
588
610
1872
494
638
488
1015
607
211
213
218
222
223
234
521
353
357
374
345
571
700
702
758
777
1007
517
198
708
786
515
306
618
345
202
387
384
394
260
648
661
530
269
781
354
624
716
150
879
124
717
9915
131
132
185
215
269
352
354
181
230
391
157
160
452
184
191
193
256
419
312
369
419
165
246
252
320
817
472
409
608
200
204
702
321
409
1175
901
619
244
669
184
271
152
458
462
263
600
524
407
921
1235
383
144
272
202
1174
351
167
171
172
172
290
416
778
646
896
443
248
619
304
436
235
886
169
174
259
294
405
613
246
1113
362
445
526
554
590
227
166
291
410
341
187
1319
1807
450
346
359
360
367
465
467
479
709
835
840
859
863
351
1207
824
382
971
615
352
435
1167
263
264
203
246
344
262
343
440
214
797
409
516
903
467
482
330
343
199
200
259
631
311
1129
167
306
307
224
230
414
58
418
420
38
46
73
554
567
344
715
191
985
343
1294
171
221
237
883
129
277
357
377
239
627
1010
1607
645
941
251
959
834
802
2522
882
373
128
137
141
147
563
283
299
666
356
422
525
884
681
766
2016
497
1311
1322
354
1821
1846
323
342
184
196
318
417
313
808
432
632
757
957
709
382
243
388
389
244
515
919
194
1181
537
323
624
315
317
326
327
332
334
338
340
341
341
356
426
442
461
542
566
370
685
256
698
459
467
782
874
627
657
256
230
1023
375
588
22
26
27
31
35
39
55
65
87
337
203
643
335
777
1077
581
511
412
537
358
418
424
354
1057
838
722
310
353
358
526
836
842
1658
202
247
350
412
187
192
195
196
261
609
397
474
562
622
215
125
225
234
272
412
416
355
414
698
127
141
214
257
258
614
455
456
457
786
1783
2075
1332
2060
1275
225
261
402
515
1713
514
963
253
854
588
589
974
1303
659
772
1178
983
933
394
5149
478
215
281
474
459
322
328
433
953
543
551
312
261
170
131
185
232
268
455
275
202
213
217
282
285
346
429
210
208
253
232
233
1591
246
247
248
395
298
458
383
908
510
480
844
506
950
130
377
378
380
233
618
965
124
119
223
343
355
361
365
387
390
473
603
607
631
286
638
656
359
743
839
891
895
1385
422
168
515
216
126
133
148
151
152
191
212
251
256
273
275
294
385
399
403
442
767
800
622
734
610
463
264
352
304
268
387
409
405
617
517
911
304
304
326
423
326
445
533
193
627
650
651
253
260
740
1082
1128
385
384
413
384
490
513
213
139
308
314
323
328
416
438
628
722
210
780
867
337
957
974
269
573
322
227
251
1104
348
172
179
227
249
297
305
357
342
337
582
195
695
263
415
555
386
352
693
213
214
383
306
1335
360
380
420
437
440
651
290
281
1359
623
412
1930
582
466
484
588
981
982
1337
487
203
206
210
217
319
529
582
980
676
799
826
841
879
1033
507
1089
472
1101
1158
247
304
202
354
420
650
205
286
355
361
365
555
413
351
206
351
694
420
209
993
491
717
275
207
213
275
298
298
420
426
436
445
1120
261
468
347
349
642
617
620
386
901
902
124
1116
82
22
33
632
262
360
624
1161
595
412
598
417
692
717
855
846
205
304
1292
408
343
714
470
196
353
355
457
540
840
249
257
264
266
275
283
292
297
300
301
302
305
306
320
329
350
353
355
357
369
375
427
454
463
483
494
519
535
540
542
554
583
585
619
652
675
735
760
768
793
818
896
902
917
917
933
971
979
1010
1028
1032
1049
1089
1114
1116
1159
1316
1328
1384
1526
666
1545
1720
1777
2045
680
2683
1159
2715
753
754
1189
1200
1442
1588
842
264
1968
272
412
275
693
721
413
343
601
415
333
198
618
267
272
275
470
1466
645
515
517
1082
353
113
587
122
126
161
431
362
716
383
420
648
1556
1423
1178
553
734
286
984
4136
474
820
995
135
171
358
361
364
482
437
738
224
134
987
171
263
849
3964
646
384
389
397
645
936
352
1350
1630
391
396
222
508
513
204
205
207
889
382
604
411
413
414
428
430
940
554
562
382
502
929
936
515
416
338
773
214
215
122
288
299
842
850
238
1016
1027
1274
1016
1332
319
403
197
347
350
845
634
1084
265
539
313
663
292
473
118
211
388
360
603
1084
358
384
387
388
390
499
539
150
613
627
646
656
667
146
737
760
896
1030
1168
1200
1267
1505
682
385
872
600
540
391
403
1474
130
171
175
568
373
355
367
473
477
481
649
322
328
614
426
742
660
410
664
381
964
572
1350
255
391
1112
560
120
203
824
449
197
825
295
351
194
294
594
283
654
195
860
239
345
351
407
412
461
142
147
148
153
208
242
353
873
463
386
628
642
351
776
578
184
357
532
194
154
264
601
657
604
274
280
316
312
457
958
1000
621
328
717
838
206
208
209
1001
270
487
826
1642
1095
763
1868
185
187
855
383
168
384
129
178
224
1034
902
290
386
899
348
573
185
312
573
1224
442
353
266
267
476
365
535
733
799
128
125
219
173
167
218
317
344
842
261
364
436
617
1117
1332
437
644
257
317
318
267
633
384
441
320
321
359
656
1891
575
692
266
264
447
452
833
939
533
202
217
222
230
430
436
463
484
550
395
594
664
675
145
147
148
149
159
191
201
304
359
289
488
447
557
269
1091
344
353
361
366
367
388
488
488
512
513
800
648
453
748
853
894
255
1045
519
1340
364
1622
519
524
1883
645
961
191
142
309
513
627
263
167
134
135
172
224
242
232
246
294
354
448
465
439
728
266
622
484
286
493
600
810
613
1919
1164
897
450
309
311
326
331
343
347
269
471
473
390
563
582
584
632
284
660
783
786
1003
1037
390
1384
466
615
442
353
457
769
1260
1205
219
233
428
464
124
141
143
173
222
231
308
362
702
414
350
515
1091
999
315
327
330
334
338
408
410
412
441
536
539
548
557
419
633
740
465
970
369
370
483
500
600
633
711
721
744
861
968
1061
1355
201
213
279
283
348
186
110
144
208
592
306
285
342
465
835
416
514
519
223
231
235
291
300
306
366
160
164
215
592
290
262
266
356
259
265
167
643
128
130
131
167
264
654
271
209
273
277
356
572
217
645
169
302
644
1045
437
344
320
751
317
1357
522
349
881
386
447
354
511
415
344
779
517
1066
328
592
166
848
437
263
205
348
433
278
346
597
649
352
149
194
203
274
525
261
196
147
293
125
407
126
207
213
287
584
297
347
459
476
277
421
124
169
177
223
260
455
347
350
357
367
371
381
467
489
507
586
591
441
631
712
591
940
1012
1088
550
1219
383
1538
901
603
142
1396
245
127
487
713
295
206
309
207
212
216
217
362
495
834
595
325
1213
1231
416
414
307
135
235
264
1119
273
339
473
500
202
407
878
899
264
711
413
128
348
749
152
428
429
532
757
217
133
404
257
512
131
139
318
363
187
413
328
617
340
334
146
113
188
325
818
654
769
803
660
251
264
257
332
510
511
701
672
1239
342
132
131
124
230
202
399
483
274
269
527
152
188
313
316
231
496
465
354
210
658
360
357
325
435
451
487
203
601
602
1118
581
228
828
519
200
265
225
1047
288
518
450
451
304
270
760
419
893
901
202
317
173
852
174
212
284
166
225
555
213
353
216
704
865
681
1007
1032
426
242
111
112
118
1320
197
236
435
1172
257
166
442
167
229
269
517
630
341
512
128
398
125
740
216
417
126
617
146
110
168
184
261
443
524
172
265
268
271
591
279
359
382
159
153
155
156
168
182
192
194
209
221
225
500
240
514
262
529
294
327
420
450
460
464
472
568
830
673
940
592
735
752
847
893
906
922
782
963
999
1000
1089
1167
1263
1543
1194
1950
2171
2431
2447
3032
1071
1981
661
506
845
706
350
352
597
417
518
740
1543
768
435
438
532
936
7710
622
1391
751
753
760
767
259
698
1521
437
434
381
166
383
256
260
264
543
806
875
464
356
1239
1237
1281
352
1289
1330
1382
834
313
404
172
268
286
859
319
331
333
336
336
419
436
535
580
230
783
784
806
155
755
340
1244
446
556
445
1088
1251
1264
1618
1627
1730
546
1042
206
2055
1562
204
2424
806
361
193
524
1262
362
862
2594
569
176
199
239
248
256
262
273
418
623
2032
253
412
509
515
841
446
654
395
396
538
669
468
211
917
919
153
164
166
172
175
176
220
221
10970
398
570
1341
299
512
170
328
411
746
306
1205
313
314
519
833
785
1227
522
1458
169
170
472
642
794
920
269
126
392
893
124
168
128
131
167
175
224
492
1282
468
197
833
619
903
675
646
307
124
350
351
764
167
125
386
1062
409
382
304
312
414
417
498
351
410
226
309
1430
351
372
389
806
215
128
355
169
128
954
194
120
129
168
254
271
398
471
1691
620
1351
1043
749
841
445
442
415
594
896
837
352
472
599
601
733
964
419
124
245
251
257
125
129
137
253
426
438
447
280
285
514
905
1346
592
593
256
133
178
602
373
744
767
905
1098
1072
401
223
873
327
212
285
222
335
551
863
197
553
837
125
172
173
441
510
196
382
112
202
603
1374
317
321
982
746
422
446
556
1128
305
305
403
200
341
201
206
209
211
292
134
137
502
569
601
240
667
743
134
196
404
170
172
337
287
542
541
199
756
437
897
414
642
555
408
315
419
644
154
826
115
385
346
944
1273
224
227
230
622
124
137
623
214
231
274
283
291
317
283
133
513
210
211
549
115
115
120
123
163
243
274
748
808
718
340
573
264
262
344
265
268
355
358
169
170
459
652
405
176
912
124
193
161
198
210
334
610
790
702
201
410
549
346
272
111
352
158
819
334
242
285
200
339
467
533
473
442
354
471
719
196
203
338
342
796
351
264
582
468
823
168
310
300
628
197
345
337
205
214
280
296
434
558
597
649
285
166
450
611
538
256
265
196
198
537
537
316
265
354
362
717
1036
314
317
339
633
204
207
271
407
417
683
195
200
321
643
243
248
405
424
529
706
537
539
800
1167
1161
261
271
273
545
363
215
1158
418
854
851
443
266
802
196
642
336
445
335
444
463
645
832
302
126
196
476
317
203
404
353
360
360
378
378
380
487
493
598
617
727
746
750
1127
1138
592
409
160
389
208
751
148
430
327
352
274
162
228
493
216
315
453
372
374
685
467
1140
1108
917
1454
634
383
383
265
197
198
199
316
329
439
441
448
557
654
999
1077
440
334
335
445
354
357
360
455
409
807
239
505
265
508
262
635
221
258
403
332
446
442
670
331
169
139
154
170
175
180
181
186
241
244
316
404
412
403
1839
145
442
152
263
912
337
410
124
125
126
264
383
125
169
180
241
1039
322
445
376
469
485
351
354
357
454
547
1313
447
354
554
335
645
214
129
642
136
168
179
400
433
1615
130
217
166
352
1700
444
631
465
579
333
345
347
587
474
351
479
518
591
358
474
477
601
1085
720
262
263
447
335
200
1197
160
168
220
274
280
297
345
355
369
448
484
580
604
628
662
675
684
1005
898
463
1110
370
334
490
504
121
167
868
574
1253
1295
1896
162
384
105
134
161
206
289
295
513
451
1194
462
742
725
442
597
605
752
1044
778
442
445
900
334
446
649
276
279
1376
609
423
509
654
713
449
591
748
752
1371
541
545
552
418
343
357
358
363
376
380
386
390
395
395
396
403
421
424
445
455
469
382
476
490
502
526
533
546
574
586
593
600
640
658
688
693
738
742
748
760
503
816
834
907
919
935
960
977
984
906
1006
1007
1020
1036
1051
1057
1076
1113
1165
1178
1189
1216
1224
1241
1273
1291
558
1562
583
603
861
1663
894
1687
732
747
1067
1869
2010
1315
2097
1190
1286
1295
774
1487
1565
199
356
1180
97
165
357
462
534
540
531
262
934
263
696
333
476
334
441
328
352
352
482
491
461
1431
361
1090
450
632
269
632
541
733
640
335
201
207
208
341
403
426
318
559
901
1015
1209
442
351
418
311
537
1098
984
590
359
123
247
124
599
260
127
540
351
441
328
718
285
596
471
335
404
237
414
352
198
479
481
226
1083
1467
352
777
811
329
400
166
448
464
599
594
715
233
101
106
110
141
187
198
450
651
231
344
405
204
206
213
214
274
333
324
474
490
430
641
896
455
471
478
485
491
493
494
508
515
521
625
647
665
669
673
680
707
747
837
850
869
899
912
1062
1097
1099
1101
1176
1198
1328
1351
1401
1419
1445
1504
1705
1767
247
474
664
372
139
98
382
387
504
153
1227
517
516
1165
1189
1191
1223
1290
857
758
1689
350
502
444
414
247
737
190
191
842
750
1173
895
446
375
311
200
390
396
398
404
412
213
446
505
505
528
532
281
283
558
658
660
666
672
482
808
818
450
317
1023
1079
618
1170
217
762
766
770
312
128
240
341
1069
356
511
771
1559
783
592
523
748
521
553
858
976
452
1381
558
439
557
70
43
497
129
799
4964
72
23
496
499
503
503
629
635
641
449
873
594
985
1003
749
237
213
1082
1530
158
303
373
551
262
316
152
172
267
205
320
321
322
325
172
333
334
447
346
549
679
797
445
266
267
446
462
467
470
636
1454
1759
1702
424
435
566
652
667
773
673
522
4793
1108
1667
353
119
592
116
427
205
356
358
358
245
3631
616
1013
2505
1998
1880
1230
617
618
975
765
1317
5206
804
319
911
387
412
430
437
476
493
542
370
379
1184
631
641
510
802
854
800
1605
847
277
2564
361
394
1273
409
324
469
476
551
584
682
696
712
792
1015
1200
882
310
469
196
423
337
583
1499
97
97
100
879
350
342
203
204
208
211
217
235
242
552
284
289
378
382
388
417
442
465
497
361
242
823
832
246
250
477
539
355
442
174
1198
227
520
447
358
446
235
113
747
228
223
838
355
1046
234
235
1685
248
248
250
330
223
286
349
161
124
126
255
827
418
452
355
266
273
225
747
172
918
708
1041
1568
1716
1580
1581
1817
355
2589
398
612
617
614
1044
1067
1350
1366
1382
1490
795
1200
521
3491
246
1312
534
105
106
742
946
184
7950
197
274
388
129
135
141
146
147
148
176
373
384
222
383
385
275
320
516
372
387
573
393
443
497
481
679
562
584
586
792
1074
987
393
346
915
1178
1282
1184
215
162
167
278
584
594
622
281
823
310
748
406
279
119
597
154
442
445
471
745
750
449
1535
362
452
602
745
1049
1053
125
169
318
321
323
323
339
436
453
543
551
560
661
781
984
788
1369
439
353
742
356
357
704
467
590
342
779
128
178
402
331
334
362
666
597
352
152
585
114
195
200
356
362
440
482
482
598
829
289
226
594
327
553
161
119
125
134
181
213
213
220
250
396
403
260
587
475
263
268
279
495
555
333
1314
417
591
119
333
592
675
352
247
288
295
343
1311
354
474
923
276
277
357
369
453
646
819
1020
703
1299
441
535
166
227
285
411
443
356
1096
299
329
1351
446
451
596
601
1193
555
283
1212
904
751
442
1420
462
862
369
135
279
2659
163
113
115
144
488
970
192
401
346
346
351
352
538
712
447
635
553
667
356
703
598
831
266
1064
355
363
149
447
145
347
357
471
480
480
976
1084
448
351
267
276
447
448
474
932
1872
1359
848
329
328
829
470
593
353
1431
353
1096
271
305
162
137
159
161
163
133
134
178
143
243
249
396
404
235
240
245
285
297
299
302
343
553
410
563
427
467
485
500
693
575
720
621
734
905
966
1026
970
125
230
267
312
482
787
327
167
100
100
175
535
811
615
369
577
983
434
122
568
571
577
586
688
896
987
1104
1127
1191
248
1585
679
392
1812
438
633
739
181
136
623
1436
423
597
815
352
593
307
134
591
594
284
174
284
265
295
298
299
306
562
821
623
332
331
252
1063
232
442
259
354
526
316
578
169
574
460
461
647
316
427
1299
342
286
382
348
256
908
436
260
798
95
278
761
778
281
212
126
283
422
383
180
611
677
227
795
893
187
105
217
1245
309
125
588
435
173
174
306
357
437
585
165
223
227
438
328
339
446
452
459
580
673
1135
352
474
476
315
470
473
1119
435
727
215
333
203
268
317
751
170
168
333
165
169
174
175
215
224
283
276
228
285
473
532
595
462
349
535
340
702
225
226
113
281
112
288
352
226
172
312
478
411
568
631
638
877
1572
343
284
290
540
716
536
716
319
447
238
554
672
213
553
838
397
436
192
842
793
195
255
259
312
477
603
262
355
516
283
304
429
430
765
634
463
1134
2140
537
545
170
505
232
235
286
340
614
616
276
247
352
1498
613
345
622
632
469
1109
593
1185
778
166
172
229
468
168
124
318
199
354
342
559
641
872
170
125
127
279
113
716
308
1126
633
462
521
531
589
351
463
589
353
352
156
151
278
236
220
223
223
225
334
820
464
364
173
1529
409
238
747
352
356
276
164
236
401
273
702
403
469
711
827
316
318
323
324
428
545
886
1246
1266
413
126
469
439
839
938
263
265
964
312
325
430
432
529
550
848
972
405
238
242
243
245
247
571
642
2480
326
1715
344
364
640
492
610
612
618
923
1059
638
1113
474
700
835
749
356
380
584
601
315
728
839
695
1055
1058
1148
1273
1495
1649
2293
1729
1203
232
1247
226
228
239
242
250
268
270
277
289
297
303
305
309
313
319
320
322
324
334
338
339
347
347
350
376
380
408
414
425
433
466
490
916
928
541
573
583
613
627
636
668
671
689
697
745
835
843
852
884
891
925
983
1026
1028
1049
1143
1161
1189
1218
1247
1285
1334
854
1562
769
2554
2459
1197
101
136
200
458
738
3547
2031
362
442
445
726
605
748
1199
224
239
241
282
293
307
419
592
275
122
124
716
328
235
235
600
635
354
355
597
724
530
755
862
363
333
751
264
266
358
358
453
445
946
320
350
321
750
593
364
489
612
863
749
1214
1253
758
589
152
119
125
157
212
374
396
1070
591
598
598
277
113
423
1204
750
235
113
718
360
473
116
241
1077
1249
655
334
348
432
483
597
598
642
648
656
666
834
836
1007
1030
1179
1400
304
127
135
137
144
146
176
187
241
248
268
279
331
221
114
116
122
123
124
133
137
158
175
182
213
219
223
292
322
420
35
27
49
72
98
152
399
303
643
217
254
708
473
478
215
352
193
477
193
202
206
445
326
338
333
335
435
593
708
862
1533
125
170
181
221
367
244
245
329
712
353
599
167
145
170
328
272
247
151
150
277
262
514
275
131
111
129
410
138
196
209
537
538
263
272
273
290
351
360
383
387
452
467
536
756
757
833
1834
925
427
376
618
755
760
903
131
1605
196
493
519
233
97
114
128
170
182
183
218
247
313
331
353
270
453
1137
263
1312
221
661
1729
811
445
824
883
138
139
141
345
356
425
1751
316
352
356
414
416
516
539
557
596
636
665
694
754
766
806
820
826
854
1008
1142
196
163
316
377
424
376
582
242
764
909
1029
935
262
472
355
360
362
483
1106
1654
337
206
466
346
665
345
1267
551
440
314
310
319
331
487
580
274
341
763
259
699
428
272
344
349
467
531
900
529
646
736
754
239
319
125
223
741
439
634
312
525
310
263
444
581
587
346
352
952
268
134
445
95
246
470
348
599
720
804
1107
566
305
1492
225
317
318
327
335
418
426
767
132
142
508
520
603
612
633
353
367
819
718
762
1053
955
811
442
331
33
75
735
405
1225
322
424
651
656
643
752
310
532
267
354
705
107
346
109
271
703
196
116
200
304
843
314
530
360
374
378
393
394
395
396
397
401
403
416
418
489
510
536
544
602
623
624
634
655
680
881
717
812
861
865
878
895
908
940
1452
1555
441
358
361
327
418
248
340
419
585
527
740
125
124
125
211
220
257
276
119
446
490
838
157
214
626
714
519
591
1166
770
1499
1593
590
364
368
486
596
600
605
331
199
223
359
422
521
577
158
706
136
222
478
511
227
691
397
844
1025
296
10721
323
312
317
318
322
331
438
440
444
538
634
261
1020
217
282
1242
388
346
584
970
445
441
232
537
133
1240
189
276
318
352
640
667
121
46
84
179
385
346
353
481
353
718
471
595
81
49
597
952
1082
213
110
177
477
109
261
597
600
264
370
121
239
323
173
131
135
528
185
189
232
266
595
733
595
1082
839
978
193
605
416
480
735
1647
544
303
167
134
220
309
28
118
287
226
288
358
332
506
593
262
511
515
521
443
262
417
478
317
324
425
267
640
646
1084
198
113
205
426
587
451
599
217
217
258
217
718
221
136
178
1100
317
539
757
416
310
406
167
978
281
178
237
299
429
478
513
204
377
400
897
459
468
1475
573
701
655
1070
1192
1352
472
471
356
352
600
708
347
166
767
352
472
485
170
369
167
265
702
46
413
30
56
721
698
524
631
1638
1049
2097
748
201
436
557
775
1379
522
355
357
353
126
346
124
596
202
849
570
797
1081
214
127
131
199
216
236
240
267
359
389
602
112
660
346
359
464
471
708
732
1093
320
5622
246
636
417
696
1293
912
532
516
322
324
439
541
556
561
1198
1199
32
38
46
73
212
216
776
385
643
648
36
23
24
41
417
52
193
169
126
129
130
186
218
225
269
326
418
819
851
41
919
333
223
978
167
1060
1357
94
29
953
184
109
350
325
113
589
450
266
270
271
277
280
499
1270
526
457
715
275
284
876
499
1213
351
346
99
588
425
263
445
108
111
112
143
146
152
267
23
351
44
49
56
65
68
83
95
107
146
149
174
199
203
212
221
240
326
337
286
560
369
988
967
445
328
267
359
447
440
1181
1975
353
357
366
371
462
465
480
874
358
603
730
837
356
383
425
508
1062
643
262
223
442
268
467
243
305
361
364
365
477
284
227
504
337
263
743
510
442
443
491
292
534
1650
1544
1053
549
554
179
330
650
818
1126
1178
1419
1769
262
262
446
187
132
96
130
186
613
196
197
199
207
213
215
229
279
293
443
482
521
525
678
670
694
619
775
319
354
76
33
153
558
158
233
262
329
447
450
311
443
314
148
850
186
746
1054
346
199
348
349
356
365
241
589
720
820
1076
286
486
783
283
94
167
540
139
1300
201
385
323
341
347
359
382
390
395
396
400
424
431
434
437
712
466
471
476
483
493
507
514
539
297
298
598
602
619
628
638
642
650
675
677
456
466
761
475
805
818
827
838
846
887
919
925
671
1011
1024
1048
1059
1086
1127
1206
1212
1218
1242
1285
1428
1484
1568
1637
1640
1778
1798
1849
1586
1370
1952
2036
1512
2204
2228
2266
228
2426
67
2526
440
670
755
1110
94
104
175
249
312
545
264
106
107
534
267
534
128
170
652
584
633
275
203
346
451
630
314
105
66
42
189
112
820
300
346
347
166
171
231
384
359
406
110
505
508
260
144
111
336
425
864
114
112
895
378
514
639
643
908
185
262
343
1626
404
537
317
321
427
197
105
184
744
229
127
137
413
239
326
275
206
1289
469
311
313
407
419
517
529
540
543
454
956
225
525
356
127
130
173
307
342
182
191
979
1326
1381
599
990
423
431
197
266
678
793
282
175
178
301
401
409
433
437
664
495
360
365
368
378
505
333
610
615
615
634
724
746
435
980
643
1330
285
2161
53
89
99
103
112
490
150
197
442
735
279
277
529
128
115
117
125
1003
128
129
1140
305
43
320
333
198
57
40
128
208
715
280
113
153
156
160
352
192
273
418
313
330
333
524
535
668
770
990
1078
1217
442
443
448
113
158
380
1530
472
197
540
192
570
573
490
1199
947
601
474
482
606
743
749
446
860
450
1138
754
777
1811
1525
472
276
596
383
389
294
384
393
403
586
597
815
56
58
249
155
344
260
273
278
462
541
717
213
964
1017
205
897
356
153
226
225
223
224
115
171
758
685
699
1135
1163
1797
1857
1539
2275
2279
590
36
572
3350
153
1506
1319
660
88
52
5937
2436
321
328
329
544
547
627
641
557
328
145
30
617
742
304
1054
378
555
328
502
166
129
896
444
746
332
754
535
322
431
764
113
152
426
401
166
747
233
154
492
129
154
174
207
211
590
633
326
531
532
651
765
770
778
967
