Waf: Entering directory `/nethome/facj3/ns-allinone-3.24.1/reproduce-red/build'
Waf: Leaving directory `/nethome/facj3/ns-allinone-3.24.1/reproduce-red/build'
Build commands will be stored in build/compile_commands.json
'build' finished successfully (5.310s)
Load generated: 830815 bps
Number of response times recorded: 18254
143
203
168
74
210
315
49
235
103
157
393
232
217
255
266
481
396
440
365
549
407
561
451
452
460
636
425
592
655
590
473
876
567
624
1051
945
931
774
696
1025
971
1027
1388
743
688
1116
1098
837
775
1237
819
1005
446
954
444
516
663
1060
426
851
975
805
615
714
1085
1078
499
560
1283
552
572
1499
402
371
669
475
753
953
628
1971
300
508
537
1921
1905
391
394
1264
657
696
2106
661
618
536
538
586
1942
1539
1731
2329
479
676
650
692
374
674
715
2512
513
523
255
1903
374
2249
361
1864
2490
1950
515
979
524
535
719
586
742
1792
1861
1885
527
528
984
1611
655
941
489
489
814
821
498
471
3071
2198
1957
605
928
631
2038
2652
660
690
2347
2603
724
719
1047
2647
731
2161
1770
510
551
1682
567
1906
1576
2539
2204
2530
3072
1680
501
483
881
1032
3618
2975
464
2127
1636
2426
2212
887
2185
514
2810
2608
2642
1978
622
2563
3855
3690
2504
2899
3659
2355
1746
2587
2777
888
3366
1825
3855
2326
3522
784
3679
390
4547
2665
4147
667
3619
985
3172
3440
3717
2852
641
2235
4537
3357
3534
4896
3948
3453
3523
3655
609
3545
2409
4903
3755
719
1974
718
1101
1788
4159
2196
3583
845
2911
3833
3620
2855
852
2701
3849
3118
3823
4191
2149
802
2209
2114
1815
1912
545
717
3440
648
2843
502
3554
3600
5383
3660
3618
707
4116
2444
5274
4077
4062
2570
2606
3716
1271
1881
4457
1854
4639
2280
2256
4232
5022
3669
3519
3684
5132
5590
903
5276
5959
3529
923
3716
825
5595
3480
5142
5716
5324
701
6609
3626
583
755
728
3781
688
725
1080
4879
4713
3490
5642
2875
5495
2395
761
5158
4745
618
6493
671
675
3665
6852
6707
6197
4999
6747
3716
991
5628
4781
3510
3777
5543
3434
2519
3574
3431
3776
673
2378
3718
474
4859
3892
4148
3935
4118
3712
5448
969
982
6544
2673
5554
545
4414
6363
6488
7752
2856
3345
4011
5781
2012
5360
3672
6630
5309
5942
1903
6613
713
598
5531
5585
8304
2521
6606
4352
5810
472
3894
4764
2213
3503
1942
3917
3812
4091
6969
2964
6989
4797
3661
5410
6642
7909
969
6929
2197
7280
6820
2208
7392
3532
6953
5837
2412
6470
5479
2183
3805
1874
1635
7036
3649
7229
7856
6827
694
7284
4373
6646
647
2799
5758
3447
6330
8258
3676
1695
399
426
2259
9383
7321
2222
597
508
3809
3542
2649
4353
5991
8045
4811
713
3952
921
7603
5808
5365
5817
8638
5354
2130
7673
7041
750
7602
4806
4377
6489
7802
8964
5694
740
6490
8039
8234
7319
2693
662
6070
3952
5417
3643
5713
1884
4930
8695
5282
4398
5217
4875
8686
2463
8936
6098
6980
10350
4061
4101
10221
5169
2371
8152
9173
8511
7078
5194
6700
5617
10022
8485
5620
4174
5584
5236
5915
4054
3607
2210
3555
8898
6524
7036
5599
9461
5643
3284
5526
4073
9640
9612
5252
8803
3681
3696
9446
724
3750
3520
5917
2785
3499
5608
6545
10147
2999
6907
8847
5614
4585
10427
9877
2995
9906
3058
7651
7392
8680
7643
8509
3763
2692
9756
6430
9530
9790
10283
3682
7063
2524
10752
2769
3801
9887
10275
3594
8499
7665
6592
558
6512
2883
4759
8744
3528
9687
9042
6634
6491
7577
5712
3370
10161
9516
8928
7243
5562
7734
11669
3640
5515
7049
5990
5726
3961
6021
7247
4920
756
5065
5954
793
8646
7058
5457
6776
9680
9656
11526
5819
2677
6681
5603
3858
5553
5704
756
9601
6880
7334
6776
6772
5924
3579
12132
9205
11858
5295
8654
10075
11119
8196
11168
2687
9490
13881
10003
7786
9724
9185
3675
1208
7533
6777
5464
5192
3816
3565
11392
9039
4750
3678
6630
5640
11136
5961
6602
2647
6330
5854
9383
7871
6047
7848
6762
12854
6759
12244
7222
5382
11899
4990
9616
5249
8971
12680
12142
12684
3801
14312
5257
9558
9574
13085
13371
13301
14959
12858
11459
6328
2800
6897
12923
11538
9067
5886
5547
5959
9537
9685
7600
9999
7755
8251
6791
7312
5693
7861
10081
3621
5810
7922
4780
5736
13225
8687
4675
13242
565
9886
11461
12283
7628
3432
3444
9649
9518
7495
11020
7226
13439
9478
6165
6926
3874
3568
9741
3516
6473
8286
8974
7446
6296
12534
6624
4073
13409
12507
8050
9063
7217
14538
7931
10095
9422
9578
12967
7046
9018
11459
9214
8114
11484
12157
10635
15424
7834
14028
3656
5731
15722
6667
12047
13179
10557
5154
10975
8705
3681
6650
2044
5717
6502
14775
4040
6677
12124
15855
569
3663
3686
9809
15652
8767
699
11043
703
620
7086
6747
11720
12402
7554
13486
8155
9649
12637
14690
3774
7063
4660
15245
10242
9189
778
14707
14722
9552
8825
15651
3004
7319
15614
14856
10362
7913
9755
3539
15646
10726
10294
5471
12186
9614
9703
12720
10860
4713
13089
10163
8761
3555
5623
12934
6013
9794
12562
15524
14343
5569
3600
3578
13325
11429
7285
14085
12304
6767
12685
9811
14552
17351
3603
13265
3715
10545
8795
9721
12188
5263
10094
628
6329
2769
12013
10169
9744
13395
6792
12857
8012
16435
6579
10944
2612
6614
721
14663
12710
2228
5977
5569
13524
3672
5715
6291
5757
3713
3565
3537
12260
16282
15222
12694
5789
17284
17674
15599
11459
8991
12567
9483
11110
10879
11587
12951
11807
8857
1043
10084
14375
14043
17123
12772
11616
12823
13189
2187
9754
6900
15641
6762
3682
11121
14042
6715
5119
16434
11049
6312
5060
5458
13286
2590
5814
11169
16242
17783
12030
16083
18679
13997
4145
11476
17785
18962
7330
18092
9787
18143
5878
5798
10904
17580
5804
8795
11004
3260
9289
6230
12978
14547
12594
12498
8338
14682
11217
518
12966
8709
20063
14001
11418
6931
11034
15157
19586
10183
9680
12121
18213
10179
14043
14543
18723
12543
10654
13205
15900
3898
862
19572
2821
17414
19873
13687
8604
15009
9457
19266
19143
7346
19589
16202
14016
5617
17514
8572
20980
5752
5791
9831
14884
17909
6836
12829
17779
13320
3702
5319
19010
19244
3758
10096
17814
8709
1204
6098
14303
15313
5861
16249
13585
9003
11108
16393
9831
14545
8910
14571
6606
15351
14629
18244
17509
20749
13091
8054
21212
14739
15868
15695
15216
10115
6703
2553
15737
18848
7147
14870
14092
8596
21196
19258
9863
2868
7565
20908
15027
3933
16060
11079
12527
7498
1007
14304
22504
14550
16745
17240
21569
8440
21103
15320
20662
7618
20473
16043
17623
14615
15023
9489
8604
8812
827
11424
14831
879
14724
6640
19817
15844
21201
708
16641
19403
7224
17532
20603
8020
17757
6776
15643
22365
12917
16784
14080
8008
13327
22039
23537
17767
21993
8518
9098
5749
802
6884
10432
12826
15858
13565
15254
16426
9486
21316
16457
1108
15128
18046
3272
16063
13303
20844
17357
4602
22799
24022
14710
14555
6314
14602
17538
15969
10574
1153
9397
19342
12071
17774
3880
12067
11783
19347
9822
16008
8127
10602
22625
12346
14599
15685
3754
18068
9030
24072
17582
9322
9573
10050
14722
16124
2391
21665
9879
9476
8771
24715
9823
20316
4462
7114
6448
12958
10334
17244
17818
18335
15782
16267
12592
10710
18255
15965
16801
20375
3651
10766
21225
5687
14664
23893
19726
11623
12992
25456
24015
19428
18635
17633
15551
1114
13500
13544
17088
19328
9490
17169
11449
23790
17334
10744
16537
21131
12697
16777
894
23190
3747
17579
10464
18890
19015
3760
19596
22416
18048
17088
8348
12627
17591
10261
19784
25979
15431
3660
2417
24528
12440
22257
17728
16985
23466
23705
5498
17908
14807
22977
15170
19158
3939
9062
4271
19638
23489
22112
6083
3635
10093
18879
10235
24093
19471
20994
21709
15244
17751
11799
22501
11624
638
25427
10458
10655
25420
15069
19510
14062
21716
12725
11181
13940
11300
5434
18369
12873
18714
21453
20413
21980
23100
10011
13978
18126
10092
24753
17614
9764
6683
27824
24340
19778
18780
21836
24705
12780
13849
25237
9856
20131
16647
22568
10356
12730
21704
6212
25345
15027
18762
6085
19808
21887
4507
19534
13788
19554
22623
18409
11796
20252
16010
6943
12821
26975
20947
18655
20610
26723
21953
26840
2840
10889
11836
959
18834
25778
24526
25737
16528
19911
22517
17237
6837
12947
2781
3882
12908
18448
14486
18563
15710
5873
20461
9905
10110
20736
20813
17710
8529
19859
16364
27557
8878
25844
20506
17518
16036
6716
6600
15375
8614
29846
17919
22236
9526
12528
15655
15680
20068
14459
14894
7500
9724
17809
6672
21013
9675
9695
26799
25308
861
4715
13851
5171
22116
8815
9872
6768
28268
22090
18107
26712
30539
13012
29745
18195
27742
525
12535
5036
2596
26915
22578
3843
10348
26931
23762
29124
15609
18868
15380
18639
27289
17844
13926
24844
21696
29248
4047
23371
3254
28454
11824
13563
8774
16057
5793
19146
27140
17525
16873
28278
22937
4018
8590
9434
6003
16817
13667
19845
12934
24893
25708
24418
16349
5835
9040
25627
27311
5823
20926
15236
24650
11656
12749
15638
16537
5776
10908
23857
9771
26278
14420
26727
4188
30732
19107
9753
21843
9641
25754
20634
17606
14343
5847
26127
10305
23556
26083
28017
29218
24810
12211
18294
3672
17259
24104
7312
20686
29930
21657
25865
25254
17744
25137
26883
19453
15549
1196
20927
24670
9928
4193
16494
9936
4194
30605
9949
24953
27397
22319
25146
28141
31603
24452
8029
24619
26128
10384
12799
17562
31767
5749
5750
8518
5751
24838
7541
18941
16579
21579
18066
8972
27583
4342
11032
29110
26763
19015
28215
28742
33059
18883
3818
18965
5714
12479
19048
27095
28991
34251
33456
17627
26162
31084
15655
12108
19441
752
8959
22329
27922
15464
19988
28406
27572
6625
5892
3918
16713
14495
24693
34831
25277
23658
28496
24546
6554
15905
12866
6137
12912
20109
17912
19984
14076
24558
35213
34417
9806
27336
25994
13280
9323
19301
18707
13276
10061
10088
23804
6026
6916
11940
26420
33962
3646
20068
20607
27613
11851
15525
24037
908
25765
10298
8563
25867
26571
19827
5662
4833
3948
6158
11673
25126
33637
10112
20835
17260
30440
28067
22330
25835
27012
13141
20214
21349
7911
15887
24828
8759
18760
33690
27437
17274
9859
20114
22254
15752
11619
26477
26816
2933
21704
23840
35256
14847
11549
31254
11562
29410
6005
13431
5631
16490
9701
28998
14741
25624
10505
23682
24772
3300
25168
25231
22706
33943
15243
3548
33886
26329
5903
3728
6965
27498
27565
23653
20863
22546
4246
2456
18669
9691
12327
17051
33729
8949
10963
19866
4069
4134
13554
8887
34658
17694
12801
37089
12927
28242
7234
23267
18865
33448
30376
15151
29003
14689
4156
16124
17870
13106
34824
27009
31714
16353
25215
31205
37079
30859
38174
23865
15833
9821
25159
5685
32362
9654
3627
25033
26853
12763
14126
29747
5856
5331
16642
24363
21939
3928
39360
5652
31122
35280
13809
27492
9789
16209
6881
7002
11412
652
23127
15824
8424
12799
33009
8490
33106
37742
16386
26710
4296
18836
23924
15600
17568
35702
753
19149
33400
12982
24560
27974
14561
26207
23814
4755
12939
34153
11805
19367
25222
32708
30681
23625
14841
33742
14899
13202
17133
34803
31191
5687
11244
6612
19083
9778
14698
25638
34939
38182
21182
31682
834
25277
37177
15597
8928
25642
27825
17646
31346
5589
14879
21099
39006
1056
30628
16115
28912
728
39964
3719
3983
18718
1905
6874
34676
26808
8638
15805
37396
31786
9824
15877
20773
8870
37321
14406
12505
16027
12634
36732
30339
30359
16125
32716
6747
38360
9593
2833
25697
19425
13495
9674
35570
34549
33719
35737
26881
9880
28469
3657
35987
26737
18458
35670
19086
23209
24854
3870
3873
33825
28001
27435
2230
4357
10072
8650
27266
27272
36905
9930
4860
27236
22596
10930
11829
29515
1382
35555
33596
10197
27565
11661
7912
28826
10033
35056
21959
9712
7248
12789
39300
31918
37814
18653
16635
8713
41941
34632
9916
703
35977
8514
36872
16804
15779
13697
11715
44386
29048
27277
21007
26028
26767
15002
7679
3940
36803
38150
10085
23854
5765
13425
6609
18777
18785
42462
8960
43369
17537
9598
5723
19031
12814
8211
18507
16105
29562
8990
6111
8801
21857
11957
25760
8465
16903
38230
6557
29820
35873
38454
36792
3909
931
4228
43986
16547
3217
27602
36197
42564
25667
43845
33701
3870
9532
19603
12693
2722
44392
35358
7201
12320
32214
41576
22454
12919
6682
10839
43216
9583
31394
30648
5728
26982
36161
2610
39370
20842
30931
40105
14861
21516
8006
13342
38291
13860
11640
7263
42073
21503
26750
30832
4078
38182
44663
4394
40955
39720
44796
6242
6824
38157
3713
28827
2728
33369
45099
7074
8407
30732
24377
4042
24684
34250
31681
43390
8767
40831
14245
11020
10236
38681
10968
3936
1591
32210
26856
46148
35288
23721
39638
22025
22047
5881
24270
31119
40002
3743
42954
22281
23815
36389
20197
16090
32668
42073
28175
9923
46197
21810
40448
3597
3599
23669
9671
42803
32683
7211
12839
30248
5224
3869
44066
11859
28766
45581
881
17037
21784
15589
6834
47118
40081
27459
32222
37166
21883
44220
19143
26495
22910
36800
9669
6784
24001
9770
12998
23517
36958
34137
7869
2755
6226
14475
21670
45641
45812
17969
42571
646
22682
30325
9241
32995
2860
11341
43326
36176
46056
9486
42484
3969
46953
10850
35458
5384
23560
5947
47550
24890
19587
38894
36697
30117
9972
18908
34691
19735
14540
41490
10116
14142
46368
6051
41793
49076
11591
49558
24663
22317
44779
35037
12518
35744
35495
6722
3914
7921
4131
15655
15766
3983
48730
3927
9871
16028
45956
47325
9188
40568
6963
51638
12169
3780
26171
26670
3902
22859
50525
10977
34865
47100
10041
30867
11292
48661
46310
13380
40976
13435
41211
42900
26526
38961
9076
27190
24999
18995
41440
7102
36930
18938
24218
43795
50532
34642
50225
40000
51412
23333
51446
40575
9711
25206
33339
14432
5509
14967
38759
16775
19937
694
27503
17653
2812
14669
25037
3885
19836
26399
48926
17880
25974
45616
48793
5900
49213
6783
18038
12962
37607
41234
20791
8309
41584
42010
26418
28496
4792
46152
7292
47171
42705
27680
734
36657
52029
19132
47461
20489
10879
7594
36906
21774
24536
38779
12291
39087
9936
21713
15983
15986
3474
53290
21577
3645
7251
48740
32230
41569
20394
3240
17764
9809
48288
7507
48385
16505
6136
20867
35908
50703
51649
33771
29156
49977
48641
49693
47435
7418
48232
45262
11935
40210
25723
42925
50273
45354
47808
12368
53918
3842
3934
22202
45935
22452
16314
54312
51885
22469
41657
2676
17059
17236
43746
13869
10874
14485
23509
35709
12159
7000
51558
6274
20798
27992
29111
7282
47394
23007
48870
10265
46026
14887
10128
8611
20488
5614
10150
5324
18395
53363
10245
54174
3652
34614
7512
43051
48952
879
3680
11751
31534
8579
42944
35111
45427
5821
36915
6290
10081
30334
20919
18958
39425
18977
29027
14416
51931
47414
9090
21055
6642
6645
19217
8743
8754
33210
42818
53947
53689
51995
47709
14806
45647
5945
24181
10674
47416
2141
49498
52550
44954
38807
6090
32091
41390
43065
26761
11464
40143
43178
19148
17936
19087
52172
39000
39647
32997
9852
2931
31541
11260
15548
9738
2800
18787
31437
23860
56103
21367
24671
11360
3959
1255
5899
5264
4258
914
56645
5900
58478
55700
50132
4036
4200
45715
50983
49005
37692
12077
37375
11689
11811
11858
10718
16640
44074
36510
12869
29101
32468
9271
16358
4263
14279
899
6831
24582
20642
30525
23873
33344
21683
58148
21687
46125
45442
41217
39226
9016
54965
21354
30070
6706
53429
5938
49231
37741
25480
33657
50333
9635
9640
5395
45642
49998
43921
14222
25516
2888
13409
40229
13176
860
10231
50564
56189
20705
12888
45898
14850
49563
20930
6539
10539
21033
13821
48823
40955
49790
21691
17170
23174
5995
2928
10265
5890
31061
29979
14689
5886
12936
18663
45272
28117
26752
31059
23709
866
13783
4581
13964
45659
56632
23964
6521
7775
32430
49126
43038
15237
4088
15248
16077
12305
62707
3980
11961
23048
56536
11864
35903
36845
42366
3813
21894
6127
48180
13342
15971
47001
15010
58326
35600
8014
14741
31699
11634
18309
24916
7774
54146
12642
3660
5735
1283
7635
5923
9867
10520
5980
3884
25362
35714
50831
16680
16583
52528
10879
49496
52514
57721
12842
10896
23778
45126
58226
15802
23961
23965
6687
38982
36009
63194
19342
39113
3918
63254
36794
54753
39394
37971
63057
10771
11772
21864
17772
18751
33469
5821
16729
1352
36061
29773
39651
49547
54771
978
5357
13833
980
11531
57289
56027
1003
35957
4067
23180
23606
59839
57921
56031
3146
40683
14616
2915
57052
6928
14747
18865
18315
45715
26125
52955
30358
39452
38050
36886
35001
25682
10246
52551
3598
8739
30951
9460
34913
63573
43518
31616
9692
19206
18310
48582
15628
15861
15678
3622
14935
64976
18533
19962
58840
20267
4550
21728
38789
41435
16915
13253
28577
30515
19515
12351
1069
60599
33024
5872
41737
3896
52126
20457
60138
4313
57279
60778
18535
11823
22196
64695
9754
36038
18695
35311
20379
17698
29321
20896
16800
5042
27371
6523
24165
23777
60294
49872
53892
31935
8777
27538
18772
14907
10850
34225
27781
47661
31859
29953
58845
17481
11097
10387
50561
12296
30116
28106
14921
14927
61890
26409
46590
5784
5833
35974
24409
22201
52269
30711
24060
66283
30111
24281
7284
17845
48037
48930
11959
3212
32540
54989
36206
7622
46081
5635
21874
62472
16252
19171
50429
22324
12578
18418
61355
30851
25030
2976
22964
61656
45931
5692
18819
45338
6865
7356
890
3117
35948
5427
24763
2940
17821
47717
45111
10141
8814
55020
16890
30195
11931
48221
9382
3857
7310
10936
65881
64119
19840
22729
7472
5636
12053
7943
49841
5694
32235
22857
67533
32771
4042
62290
34213
57370
34504
32976
39835
22029
29645
8775
9063
11239
14084
8461
3750
71556
20688
48294
15332
66191
8841
24902
15015
1386
32665
8533
59832
24682
52005
14489
27697
46072
51285
5127
23998
44188
63762
30574
18847
69550
18889
24736
21646
16405
21665
13520
4139
8615
23926
4807
4812
28745
28446
31754
45928
21906
61281
10629
25607
51686
57844
14349
61707
31095
25943
44179
52946
24189
2948
22518
20956
6638
6459
60982
22471
13069
13899
2823
40231
2126
65857
74436
48588
26819
66163
6975
38571
3818
4558
23291
19013
23305
9936
34995
23614
33728
28997
2808
56569
74817
25692
25675
61071
57366
71404
41793
62573
36392
3787
48700
27916
7441
6945
70760
55904
47102
27726
11740
7810
46246
7751
5889
1243
1285
37090
71802
29435
9886
24770
18560
51446
2962
6913
23863
8421
26781
26996
22062
68569
10658
12319
27137
5769
61277
50019
22486
3724
27167
67478
50157
12869
25320
17856
42417
1057
11640
7920
4207
28804
17502
38182
5552
67785
45191
7384
51311
74964
17052
60718
33225
75027
72951
25689
16021
1291
7599
21614
1039
6696
5590
76841
34507
50572
70988
6007
18983
23915
62469
10726
1015
12743
7596
56633
7670
10469
41487
70492
70768
45365
10983
33068
2299
70943
3955
49273
71774
69696
41014
30106
67770
3927
66106
2976
19140
75416
10071
40285
31513
28880
33821
4927
23365
70231
4249
67517
30108
16781
67323
25556
28267
38814
53799
40860
78378
3951
51907
28006
70746
1003
11043
57415
22225
46262
62236
52004
3854
4010
20760
66085
32442
59763
26997
62790
14875
16016
8413
46189
46389
24651
17023
14148
61774
39060
15150
31627
3763
6806
58443
27013
5922
5948
49262
53824
54007
79854
2782
22991
76287
75055
23455
31262
40892
33814
8798
10854
16286
9790
53219
39469
30659
28098
34928
19991
48903
42559
32167
55884
3767
55017
30353
71439
7959
34917
16482
61009
2104
3989
6564
3995
56185
12583
81346
12018
39274
32481
31545
75972
31700
21266
55711
64772
48656
7344
51232
78081
39697
39816
3979
36902
36904
14917
59131
23809
23079
74613
4281
44758
67768
5971
17956
24119
51559
11829
7597
18015
72558
7315
763
76982
21808
1272
45299
3604
16891
5629
9721
15403
71759
26842
4096
62876
6317
43575
45602
11617
13327
79413
4094
4294
1043
26202
8595
24464
31226
52307
46510
29260
69273
58419
55238
40767
62314
4136
44450
66757
8312
13799
8836
3745
38363
38081
70137
73302
3979
18428
7291
6149
7074
18101
23626
36436
40443
5579
16175
5301
4045
33464
8776
34096
81034
45778
9931
15400
75745
71468
15090
2734
10267
23722
23808
79985
24946
59376
989
9691
19335
3929
18962
71716
68374
2906
74590
14916
14826
923
3704
76260
7209
6604
11857
30614
54617
9905
1278
85277
4540
46413
3694
59970
5006
10263
7145
51307
15518
5271
81214
25224
22170
20283
5893
59153
4222
57137
30206
35825
84264
73049
20166
67396
9810
21657
10012
2081
10102
5469
20757
17653
9774
46304
11691
21447
28829
84285
23478
8521
81712
17639
14572
35700
33745
51447
41286
7833
4997
76941
3084
42150
16045
57410
8821
43858
14270
48215
16964
24558
17840
28096
12705
56008
12769
43626
912
20375
17501
62817
12924
82550
75091
5825
16457
7040
39240
7607
80158
5610
36575
11652
5546
10539
7433
10006
11158
8808
25453
23534
6837
6839
59366
22958
7329
23223
69889
8730
14158
22873
3910
90463
11082
73059
10195
9465
35969
30093
66414
4143
43210
24454
35736
90136
11844
6109
6042
13576
70964
21395
3947
40957
13329
10122
3784
30170
56785
15253
20154
3104
51810
3793
41550
9484
18301
15724
7900
6926
72408
14410
69025
61973
2219
5748
7254
22049
84401
70723
42224
79530
7075
13290
54932
44687
17086
23123
85707
48723
88710
92123
4277
55222
37799
4492
37974
7708
39213
8383
10086
10094
10892
65940
6890
7400
9461
55797
30885
10163
10037
16818
3795
47195
37482
91856
92049
31413
63420
6311
32845
16391
771
27979
56749
89884
79575
8015
8215
4305
4142
4349
85150
1027
73198
93769
6961
80348
57148
864
18752
92079
68894
9738
3752
83298
31767
10256
7109
88420
86000
18838
17543
11948
8945
5065
69477
9814
5825
16687
6869
48364
45313
76966
86706
12870
11393
2177
52504
56232
8254
88123
10832
74284
2789
7836
11461
13334
63995
9996
6373
2714
16432
87436
19349
12813
3983
25329
95905
78144
51047
32323
52380
41025
12481
3771
12389
8505
72209
4027
16456
39296
3725
78951
14684
12903
9991
28267
13443
87487
86969
35163
31803
13029
8525
82294
30193
27959
21092
15283
6292
90855
84009
2937
81916
6239
36030
43846
10351
22985
7833
24299
29347
21498
12906
9573
51503
62485
3981
3982
93953
10310
49792
3008
7932
14985
955
97579
3994
852
26679
12995
65727
77899
10634
57527
65342
93629
11188
97649
3934
73425
95557
15491
3647
100015
17933
89118
94189
99642
23990
17474
7970
3766
10320
54976
760
769
33054
85648
98795
22384
8234
15378
16723
3492
43662
8154
88044
5920
23546
14520
8951
6192
8805
92478
102299
21770
10265
92846
17053
40496
2572
9071
9111
19301
11389
6899
38374
31934
930
93598
2811
12343
102161
15015
97547
4137
13218
35674
41742
18771
94298
1012
2812
21613
90095
57667
3928
3935
3875
48770
29896
29402
7310
96678
24940
4666
97598
55913
58306
6844
21309
61887
29612
15014
7970
95486
90090
52638
73257
31771
34506
6061
2957
101032
808
5242
6008
875
8949
22101
97419
36835
91691
11794
67907
6928
9937
13019
22850
81311
22563
11070
67922
13032
12481
68365
20219
5745
3982
66397
96840
4316
1109
9879
21185
94489
23151
97636
36134
96638
4213
9972
54625
50196
10010
2541
99347
101140
9156
63491
57918
101393
23867
38791
106346
4925
96644
11247
61429
88049
13905
45030
36757
25356
4469
32985
38222
74927
31425
50956
101047
83346
4061
16222
10245
2757
2552
11713
8002
8345
100409
6617
11870
69027
3979
31343
35626
64090
12503
103030
12893
10789
7120
9155
102820
46016
47982
12563
59401
14823
13268
13256
99519
24674
72039
2833
13294
13001
69654
768
21620
11694
97208
98691
5755
95980
5769
6422
26159
10418
38517
2938
108665
39938
954
958
39979
1314
64298
12307
35287
109283
940
103483
26468
9761
5904
1853
3677
14593
110285
12335
36114
3123
10573
2943
7749
14235
10235
43112
4223
96706
918
100797
104994
95650
40273
68983
14343
27132
56245
719
5988
3772
11863
67300
45315
102970
16509
101279
16532
106097
12644
80022
25451
2560
11157
100673
102772
5126
6731
2150
102801
2717
10129
1200
106434
15488
6718
2946
3701
105658
16778
29987
5065
28633
55726
10654
42010
752
10719
1548
62838
54007
19057
9440
32171
52887
5944
28548
100071
6862
13156
3252
12274
36997
97022
2312
13234
12727
102777
9869
98813
4967
19762
18097
99970
9543
13044
26155
20221
43439
4063
5558
12287
7239
2921
10385
3912
3914
27214
6298
3865
3787
8250
13271
105090
22307
4264
36396
80070
77976
13058
96666
7520
4046
38745
2746
81603
1122
7691
96743
110895
8124
68673
15188
950
5405
70370
101709
6105
96763
15469
11090
21903
93770
91333
96820
11108
14784
68719
97087
679
14966
7456
101651
7058
89692
8697
14347
6081
11684
14168
4169
5867
19470
12039
8901
1122
38533
5577
10337
7205
8139
4210
12969
63709
15799
78985
1419
9718
6760
5120
68671
12066
12338
117502
110308
12756
12762
107758
20832
8697
3871
115792
97216
102019
5380
20672
6675
941
2663
9778
9896
20669
116136
80257
42209
7507
9789
7940
9508
21423
61233
69838
3976
4173
25215
22014
5822
9902
103006
84256
6894
21890
7103
2934
17669
22051
6145
3933
17857
3227
22242
3837
4801
3860
9567
5465
2856
116069
17664
44003
10436
20822
115176
2916
4610
11518
43734
118108
10756
5174
23858
23116
18815
7197
8813
102884
4845
19022
12104
5834
10314
79389
4170
11650
15777
4620
6188
117686
98828
19308
71680
11741
9204
8335
105112
16827
10263
23988
7860
12199
7417
2848
120363
120453
4017
2299
96064
72100
3981
114112
13355
12932
4285
98274
27624
12053
6365
23542
2633
12929
13949
121134
114878
73757
739
12160
96885
13782
3826
7199
14243
41473
97083
107593
16671
78754
708
721
35909
2429
97922
119697
10543
111561
11885
121123
6833
10624
106793
95710
4435
64737
10633
117010
4379
53738
117153
17485
26451
67648
4267
1014
4428
16263
46869
45903
26803
47472
18789
742
19524
109223
103171
937
95552
3820
99238
82365
68332
12003
11035
879
5792
9337
86086
27261
3293
23030
16896
114546
43573
2453
6985
8623
96705
13180
19713
3945
26320
8347
98963
23450
108997
15054
121337
5800
5809
20256
13784
96206
4587
16900
6361
9709
3762
63139
5780
122088
9850
98938
5931
14375
1019
34662
13206
2945
2697
36311
8693
8983
96936
11991
3605
24784
111697
10287
3162
10890
29097
42760
5956
3784
88508
25624
119480
41391
4066
9943
18077
8486
14508
1095
22328
69956
23049
107940
42490
8181
10810
13036
6867
16611
3684
26322
72755
108407
54537
4595
102565
947
4988
82619
7301
10536
112658
20586
5608
116534
5255
57851
123439
97066
41449
3930
99535
4082
109858
6968
105143
937
10501
5506
27535
31858
4556
12771
9919
109967
97571
103959
12881
7650
28001
17241
120159
104170
107553
10241
15058
29045
19600
15008
9141
4248
8469
972
14803
15251
24961
8218
9236
67772
7080
123618
114192
1027
98904
4635
3018
12475
6846
2738
59387
10415
102798
6288
120781
4163
7026
4026
26443
798
15061
121037
5638
9260
18966
105720
8074
15227
6795
3840
86924
18954
3145
13860
9709
9716
805
10993
53603
21665
3177
37551
8201
3872
18056
7905
824
36496
30420
106599
12613
4130
124470
2253
106849
12879
4024
23344
47116
11719
16908
127614
3986
4747
7241
125164
9109
87504
7218
17164
35997
9763
4258
31358
6966
31488
10032
117081
4248
3984
131771
7220
16812
126770
94281
114065
3717
124359
126449
2453
9777
1049
4340
36810
22553
6154
4757
118216
6075
3762
4486
2841
18748
91637
124624
108739
13395
33275
14592
5707
94015
50539
5754
96186
109134
10097
16056
15486
7582
20927
15623
15007
96735
38729
96756
128835
6636
5466
3648
32996
75691
30448
14956
3695
3953
4081
93841
123498
8824
129981
129012
3555
133155
2848
4536
12746
38297
16827
24878
16132
31134
7474
131327
14344
2075
5923
77348
11779
19831
3027
87657
98352
782
8782
1254
10662
128742
793
120294
17568
9487
7760
7313
98757
26052
96928
98953
96949
96950
8770
17950
104964
36023
15694
95860
123149
40246
29698
4255
978
984
10325
13598
32024
117656
41865
18955
6193
7436
12125
60691
19314
23501
3099
14228
132629
1280
17124
11277
97416
8408
6830
2770
1487
15734
31537
11492
68525
45013
12392
94109
117291
139614
14934
5872
9256
3035
16852
5630
3091
15077
4273
9070
8246
101645
19442
12197
132249
124815
114854
7251
21007
6001
12679
12633
43223
17376
4023
4031
11617
21767
9803
5086
16780
115400
9060
8745
18757
9973
3936
3941
75816
1452
6187
13299
129684
19281
18859
19411
21883
102979
4697
2245
8787
115464
130012
5890
15139
101331
21056
1347
18174
107821
38537
4873
1603
69772
7789
13492
116844
2949
3833
4522
26767
34304
44929
14966
1225
1069
32412
5932
6887
6904
1310
45484
22389
142005
22990
8285
7137
41355
3259
51585
3896
3897
5143
102901
102915
7087
14684
15492
20090
596
3961
103112
8753
8732
14930
37451
16123
3946
31552
11319
4183
2511
841
1299
103466
7298
10434
117131
71366
7884
2926
785
9846
4200
9382
8803
49881
124056
785
106296
4216
4217
95780
65238
4288
714
7599
6543
9087
40313
27067
1169
10286
4714
67003
17074
1849
4717
106717
1431
28012
14890
3912
20516
18712
19571
3668
797
9802
15798
135014
94826
98706
21350
1979
6588
6769
34491
31792
32075
99355
5752
6569
17146
3257
15556
10814
95570
3912
2841
82446
124256
27273
95992
6318
26896
4415
23876
48508
8193
9978
131653
33463
54152
10671
23487
37281
7960
42220
55981
108926
35583
2869
4571
18858
6245
146054
3991
37040
9029
7881
40223
9893
4320
945
23502
25519
81150
5697
19727
9679
8514
14937
105226
16299
6674
13879
5668
5448
11121
141002
6769
6275
1329
4430
5630
6857
5883
5722
109169
757
13479
6182
5034
6302
8314
9666
13274
37884
6471
94306
7470
6616
1599
1207
7712
5860
8302
10696
118815
6928
19285
63261
11282
9280
89363
11479
10356
123923
22862
38622
19953
8257
3116
8825
7712
25029
27976
132473
135559
14063
9910
19221
107325
928
1703
3969
24033
27003
2561
1338
139707
24172
7287
4650
919
9423
29812
111810
79713
111943
29706
4527
1227
119887
112075
25828
12903
9851
10221
13733
32866
35435
3680
3685
710
13236
13257
13260
38281
10667
8581
84468
145248
17759
743
855
6866
7006
17825
141526
27707
131356
151526
4590
10957
114754
113654
112504
17262
8300
52788
79599
3860
3203
669
12157
64774
5484
5127
15731
24674
15645
15098
3532
86192
25910
18430
15405
6034
44027
3993
37863
15951
12612
148764
129857
20278
853
929
4220
148077
2950
21957
12960
115275
1148
6749
140643
115438
2784
6937
3272
32894
6610
28293
31588
13560
2602
13631
972
13686
50875
129722
5778
4813
22688
6339
2970
3958
9497
11973
19647
13607
5011
18961
7817
108762
6439
42320
116631
14392
97285
9082
105756
13618
13616
4122
131938
774
26581
12359
857
14920
15851
133857
922
5941
7160
26835
7258
1909
18873
98879
10217
117650
4566
851
98449
50302
798
156981
3867
4137
142515
148572
15980
83530
855
17523
48696
1386
16699
120517
9646
19355
32529
16446
754
68453
8034
5837
11198
120726
4047
54604
6842
135182
2710
4955
2063
43879
5987
3102
3260
845
847
5240
4429
31867
5473
2538
2564
1114
49116
1119
147921
155809
20556
3980
3233
6961
110994
3495
119837
6644
7640
15858
11339
20874
31772
6197
70062
20979
29715
5719
1986
9859
56225
7244
70354
19149
17356
145453
5936
4226
138959
685
133580
79825
18669
3752
3772
1035
1041
6899
11451
2411
14201
13409
21009
2695
4559
4029
4074
18949
1389
60062
119869
9932
9940
10424
4039
34297
3099
4012
121675
146550
701
4120
7639
17706
1221
6911
10646
1024
1445
14476
2643
4252
48236
26012
664
2798
667
135546
3704
874
13128
9741
22558
4871
9537
61567
924
96047
2625
5785
9841
12363
4399
819
821
116086
8261
7631
2251
2580
1404
14819
13209
28167
4383
40729
3773
155405
11530
93780
2726
2392
13069
734
7771
3605
7267
1227
29544
160646
4534
124607
55858
93933
149029
13450
3807
5937
13940
94247
3954
145479
153395
3259
25968
4034
4262
23397
1367
5966
2817
5136
3057
4828
20949
22722
117247
4525
7657
26967
69257
50379
2729
809
5485
3354
11349
5345
81449
18578
4390
1091
10300
3066
3291
118144
111139
910
3565
5726
5810
46352
9800
6865
11434
3677
5920
5941
25103
3976
5744
9262
5775
24699
10943
106648
3009
146933
3333
6464
9552
5689
58763
129398
10617
3980
16798
23115
15584
907
13649
53208
6106
2833
18909
4282
36658
6943
7672
16749
166830
10127
103383
13272
4656
17020
3957
9522
53882
681
6843
6910
10280
28872
6943
8443
3797
1157
5750
933
7402
140280
5753
6199
12480
6619
36534
71663
4181
1876
11327
4268
161107
163888
3985
11536
18776
8313
21517
9551
57873
84781
169557
69191
6306
9261
69192
6763
2887
2483
4048
4028
5875
12091
786
787
107791
9732
28539
5776
5781
6016
11224
2913
7315
18105
12780
145746
7200
4723
117716
3846
12599
5383
3368
1059
95132
27694
5595
6585
7249
11038
5864
32796
27293
10565
77775
156914
165086
4153
8018
49274
3210
105511
44981
4114
35806
102184
7152
30641
1365
1880
10135
5368
7058
721
728
2664
1218
5105
11255
1216
2721
45891
5893
2850
13171
994
3743
6152
775
3973
168527
6176
15582
8591
15826
12381
11248
30040
24321
173423
32288
3041
173634
100718
4241
817
6900
16284
6965
7486
1187
1152
35672
5377
908
880
23711
23714
1242
607
3829
12130
46178
25695
1428
5690
13915
4445
2918
1792
15896
13531
5926
1122
989
7945
1476
3845
74835
14533
851
2195
34159
151108
4042
6337
11904
14218
31762
8521
34374
8615
3904
34778
2318
2695
26763
1429
14779
2996
175618
1067
4462
2012
1429
14068
3796
1856
1873
5997
122269
3722
99821
9625
2882
1880
7763
147872
1732
17078
10095
905
4000
4425
671
10716
6158
1732
1192
5407
17948
886
9832
25268
27176
4541
10298
3898
162986
3955
736
4405
6054
34554
733
16933
1154
2477
4189
4280
15220
3848
3718
15956
3897
12891
3775
6693
40229
9611
4305
3998
135804
4923
26437
10129
3224
5053
4220
10038
30889
2426
179674
58597
7520
14077
1270
10216
6196
9037
4008
5152
4355
12939
5392
22211
3817
5871
116281
2706
5660
12995
1396
6326
4888
27843
21611
6977
5978
15701
146848
7813
18604
141972
10186
142062
6563
5719
9444
4148
10200
6008
5904
21347
1866
21298
2592
6197
5699
6223
4232
7276
706
725
142918
16929
5804
3089
21324
3090
10097
3802
5862
3086
6490
1479
9199
977
12215
2754
143654
7502
5213
30588
41893
143919
62481
56680
739
3043
8306
8841
9985
904
2369
9863
15989
5858
4207
2658
9599
23022
2739
4790
83765
4309
3974
7024
3993
9870
10032
125902
8951
3980
18898
24641
4317
4341
1491
128442
7487
2806
10370
5624
7038
3936
159013
7370
4112
26311
11186
9396
26438
2785
2411
9645
4095
6539
6348
8853
4696
117497
9971
9974
1233
20063
35769
1191
127291
48290
4685
1045
957
7010
9795
5975
11590
3593
147148
26788
2643
10032
147290
2928
3726
2564
6323
47399
6146
5862
13134
3866
12908
2158
2209
4160
29162
4166
4166
5659
4252
9710
183540
9931
91471
7051
7054
12672
148293
2246
11097
11014
8980
7407
30500
10231
188448
22767
984
8811
14958
3437
996
10584
766
5740
6108
4078
5862
5572
21878
20472
15074
667
4294
5828
12561
185554
186514
9888
88678
4005
173626
763
907
9045
24165
56666
22352
2883
1010
984
2970
8558
7301
13502
28602
2474
1370
9111
17016
6771
9654
14650
10042
10054
151279
13253
18926
167547
12766
2913
1324
2668
3917
6700
1791
7877
8201
4234
2924
25792
30422
16399
8468
2929
9907
8480
3643
131837
3784
8570
7557
5467
2547
167727
12193
6938
4004
4005
10338
15981
8981
10144
4322
9498
16342
1346
898
6045
30923
29356
19199
1570
4342
26812
11149
9929
5229
1263
4482
13474
19229
64178
25743
154090
12282
34674
4317
85207
72916
870
191727
9437
2642
93667
862
27623
17971
22345
33032
1562
3339
52206
7022
1722
161885
13480
44800
19203
1713
1221
6954
12496
10842
95345
798
95476
1089
18984
54465
26596
11478
21446
13166
89390
24397
6784
3730
14430
95979
2656
17258
11771
960
10127
20067
156243
17313
5721
65994
51472
3313
1021
7009
169115
894
896
6205
11401
96707
942
22530
952
9873
26741
1047
1394
3288
23555
16325
17073
712
9978
1302
97255
1147
103400
16787
14956
176527
10255
673
10260
151892
1085
97690
9819
176147
1312
22084
10415
4251
1263
17418
22620
148592
4794
3840
6975
161237
68363
1186
96650
873
874
2498
684
1834
4492
2775
2776
8903
2494
3279
1585
25897
2422
19204
1091
12906
2635
26140
26161
3880
201226
5437
1940
12605
195695
43184
738
174437
5907
5921
130854
4573
17853
3299
2728
2444
198806
6332
3488
3774
6423
10387
10401
9131
828
2934
4066
5111
679
3446
13489
3038
2303
5427
3960
885
4429
9868
5848
808
5497
5977
195189
20870
2020
7675
12988
6055
854
7774
197893
26125
1134
902
18417
3725
8345
102661
102666
1431
6163
11824
5177
102927
6125
3917
5364
1224
1108
23304
808
2166
12302
8878
938
6045
190327
6743
3539
189050
5365
816
3946
725
1130
1137
600
28587
16312
19982
2844
6695
2811
7478
4427
5360
11675
7075
136281
9769
827
8642
8134
1135
2238
1145
3509
11005
745
1416
935
8482
30029
8575
14616
725
19417
1067
8704
3581
742
105741
197841
1211
873
7964
105953
110272
105979
105989
10101
2707
3212
10001
5153
2525
5172
6080
36626
928
3878
3881
8669
2944
5615
26233
1316
4254
199057
26987
3866
13787
4490
2944
4559
21222
1894
14196
107696
25341
888
30926
927
27944
6479
107947
89750
15394
203161
98214
6088
4409
3731
6588
11709
4255
945
945
3276
5786
6173
210919
1276
7704
108952
1286
5301
2611
4632
2680
153242
28695
4955
170560
130549
2997
6769
109504
669
7551
6664
22560
4257
21961
7995
103370
942
7192
5376
6902
4371
1243
7235
8850
9031
17735
3912
3262
717
21898
23340
630
4242
3193
6677
14227
9877
13616
2625
9427
111125
959
969
2303
52775
8661
8717
2765
10292
70513
19910
178349
2887
831
4158
2207
2958
46895
2540
13562
2030
1411
2868
15198
9939
4155
3112
3760
6465
10304
38419
19782
11199
10477
4370
33405
3392
32472
10340
3747
3759
3774
3785
11118
16642
856
17629
923
3992
4004
4030
5917
675
8876
2686
8078
9377
47228
22949
4286
42541
1735
20936
5398
8069
75755
711
25175
33718
1012
4744
5871
5350
10235
32115
5672
5718
115511
4250
5178
25724
14196
2881
5937
100658
705
6958
3791
7010
197277
1572
135639
6214
2509
2540
897
3473
6185
2885
116673
9142
2446
116991
9416
1811
3172
6025
3227
4225
21285
15806
10507
7374
5123
3827
4248
3739
13130
197575
7600
89059
4232
4140
1031
1037
673
14139
23919
1031
57165
11577
3196
950
8686
9504
1185
1195
8771
9658
1064
2490
91377
22028
218566
1567
101032
28468
16365
37726
9532
38229
2565
5721
1522
2390
2714
10007
13546
3957
9871
3163
2662
4054
23548
11021
190421
10622
17716
7325
39676
889
900
3826
1170
17880
3717
137974
193764
4909
4165
12344
1445
14616
2834
3013
4289
935
121733
35725
11692
18192
6163
3993
26170
960
2435
201713
5339
12666
201175
13436
5820
1073
2739
5227
11346
16339
5224
5730
3023
4114
7000
13396
5754
123170
6894
4176
32327
12116
13013
810
1053
6213
6228
6457
3802
3802
836
9492
1251
1110
17435
19696
60144
4111
10303
14076
8398
20226
1204
2687
2512
13186
201037
24299
576
2376
1197
695
4906
4507
961
169975
57044
847
16276
3301
30929
1269
4910
920
8111
141243
5476
974
7987
1589
150233
199584
218204
4017
2638
15592
830
8409
12310
2227
4616
13908
4629
22547
852
13219
187548
33841
3625
4435
5475
1159
9303
9480
49813
2931
628
633
7263
666
3764
861
7185
17924
31331
17570
127408
7653
16490
22075
1182
5835
4012
1122
48038
24360
18053
5553
6436
4955
37282
8591
2389
6463
2515
2658
38293
968
760
766
4119
1285
1515
4709
1098
3751
20257
806
899
1307
9801
9909
3939
857
2628
10012
12749
7069
10146
22286
764
14062
1060
2671
3357
1345
13061
3256
2536
28147
2779
993
10864
123550
5642
27420
40185
6812
886
6193
15693
5458
11472
1241
2688
3311
6866
233877
1402
2858
5905
2753
3986
26543
8216
1423
4282
709
3870
9864
23626
15030
4942
10047
882
1081
13433
5081
4065
2843
13484
16052
6207
5101
16733
1707
13964
27335
833
16750
10380
7070
6900
6954
2240
1171
1345
42693
5725
6187
1608
7392
1289
6864
955
958
6898
12408
3173
719
37620
3135
1034
11316
3851
855
32698
3658
4825
5090
1099
3745
1140
15736
1735
1494
76039
62447
1430
1440
1454
729
106803
2376
5845
97442
1974
2004
1702
1514
1525
7280
38993
5458
2597
2029
7912
59228
898
9643
3260
3776
1169
77029
1526
7805
2752
2618
2685
6077
818
2908
14783
36172
3864
2970
12386
78811
5174
1944
18076
897
894
3751
3125
801
12018
9095
3849
3859
3860
1406
799
3099
3325
4225
3906
1461
4037
11255
4128
4667
2345
8674
4643
4508
2711
80432
84957
735
7363
3884
7282
41660
72363
7783
4838
52098
1143
717
2873
5270
2701
3627
869
8396
1336
1684
830
5826
1779
1460
5451
561
514
4122
1031
746
1443
5540
15085
7976
698
10495
1670
1679
3913
4216
981
2689
1186
2755
19047
17016
11170
9711
3381
7319
4473
7217
978
3755
35369
1651
1652
2771
5006
3709
759
243274
1379
1406
7956
856
3291
142455
8045
7351
1214
970
5422
5460
3401
1097
3920
1909
2335
742
1114
1280
6044
3902
23262
3915
1016
4762
5968
2864
4623
197740
4228
4231
1314
4804
4161
906
973
1133
4425
143857
3059
4709
1989
8244
651
3511
15156
4405
920
949
1080
31298
5228
1671
205842
4536
5198
7617
1395
9094
2763
4252
3006
5672
3226
34276
3243
2699
987
997
39610
770
821
822
2248
4013
8472
1271
2220
880
453
3735
4284
1567
1616
2704
642
1018
22148
1924
4027
3061
911
3093
772
5777
7556
4960
1070
4734
6078
1030
777
63527
3701
946
3907
1716
1138
13138
2377
3015
10014
3264
8197
13599
3968
6335
20019
2059
3854
3850
4308
1169
7246
2512
3566
12513
4647
809
2989
8039
2548
5122
3200
19026
4669
227421
1461
11300
3910
4373
1166
10915
4472
3191
3198
6439
4363
4596
4791
10167
2999
3835
2267
12250
11363
1912
54895
764
766
771
7333
1023
14570
648
642
1821
1050
3290
5319
4655
3774
1303
7920
1352
688
120515
6295
1758
5321
1195
921
153054
2111
25130
6328
1513
23899
5500
14755
12711
6352
1497
4728
3228
4119
1748
12579
575
903
2377
923
217625
14271
1401
11054
4326
15156
248395
959
2689
90846
734
3841
757
757
7459
15868
1629
1650
1017
11755
4217
885
890
1279
149060
4597
10040
14962
1595
187827
4152
3228
1331
3691
4295
4530
1630
9996
2999
4399
5559
45887
4212
3086
10572
3901
4227
15750
2785
6903
30046
2775
3415
8822
13058
1431
3341
4687
782
13117
875
873
3493
5488
220683
6807
3444
3771
798
72061
1423
670
1406
1163
6156
13853
5484
192802
4347
1086
690
3132
1841
5303
8241
4151
12210
13230
668
758
4372
633
1429
100046
141092
5082
1739
856
819
1478
1085
5171
3767
1052
5497
1447
2351
6126
1906
572
727
29995
3170
621
7939
2691
15021
4782
1037
4024
9035
8106
6537
24882
4110
2971
3326
24648
931
808
3948
3591
261073
7130
3757
957
648
847
2746
805
8011
3915
7625
7637
4392
7745
222809
3748
1042
4530
1469
4076
5338
3110
1145
2971
891
16330
3084
804
1929
1364
3237
264325
3419
3526
3473
741
10483
655
659
3748
3596
3479
2008
3563
880
606
2429
2995
256073
5859
2678
40276
29357
867
4783
2894
2898
3930
2530
21636
5520
1179
877
878
254249
3751
6741
3853
3830
16382
17746
61657
1069
1774
1799
5877
3883
1257
2159
4556
3640
3393
4549
1495
5541
954
3196
4760
1224
940
3868
1079
954
5369
2617
2343
3788
37402
23193
251916
2809
808
2671
1152
645
646
653
656
676
679
682
1037
2167
3314
848
2986
594
604
1130
633
3140
6235
15397
1249
1284
1330
23843
749
756
810
1805
1886
4105
2180
2168
2478
3967
3971
1591
10400
847
10357
6786
230424
795
4187
1410
28646
4300
2325
2480
4528
24435
4568
9661
2722
2729
858
861
4830
878
912
10118
3007
671
672
36757
1409
3182
3095
1102
1126
1017
233191
5803
3711
128517
41076
1214
3963
1672
3712
703
3738
3741
12484
3833
3947
3953
5934
228586
2122
4216
4240
4258
819
820
4384
724
735
916
922
1004
975
2514
1657
1065
4649
2679
3942
1278
1302
1136
4877
3378
487
2649
5100
1508
10876
813
2407
7280
5355
26092
2227
3541
1968
794
20822
1169
273290
7796
5400
813
2526
2418
55701
8185
846
2761
4016
2893
754
898
6958
5488
6781
8832
7270
1741
4109
3120
3819
733
3951
3954
3807
1792
5303
2258
5950
4233
5800
1848
4421
2022
34628
2741
13874
4811
3107
2585
2870
5459
709
1379
9232
933
971
2212
764
1185
1226
1331
3858
1191
255771
6730
2386
5445
21984
1479
888
7201
9877
12344
3446
6892
1069
2221
1498
24331
10780
1057
1332
971
2652
2680
2685
3630
696
2544
2823
11668
2994
4035
54128
3950
3267
854
13599
600
1689
651
864
2125
3767
6727
1238
3823
12301
1721
1004
4251
571
498
5487
4544
707
5724
6087
2369
4897
38283
1051
5112
13516
5000
812
2777
1422
6472
5397
1801
4540
787
1368
184025
3026
2773
3908
2758
1225
1402
932
4210
4402
4383
4606
19226
4464
726
227696
853
119648
1261
711
714
452
825
1248
738
4304
760
716
650
12690
3165
7936
437
440
443
977
629
2287
6175
279992
8578
2464
2231
676
953
583
2393
458
3334
512
4502
2223
3644
1093
21929
569
580
10605
592
143420
974
786
771
801
10090
4090
4095
825
1135
213097
1001
3793
2791
19384
1992
1071
705
865
868
2739
1307
2543
2166
3146
4306
16424
11779
1094
4663
6815
3438
964
3001
2898
1555
2774
1491
884
3265
2761
780
1474
203418
4360
1190
3829
10245
891
283620
578
792
799
812
822
830
2769
826
4223
1012
1051
2416
9639
1391
2183
3201
764
1238
1299
2780
4504
2223
512
513
954
39027
750
757
1781
2367
1567
4097
7208
3026
2433
2676
1018
738
739
714
1940
5764
2297
1586
2955
3570
2414
20931
2498
3563
3602
3605
3610
2548
2589
5851
6378
3754
6425
2701
12344
2435
2818
4229
3997
6572
2953
3985
3217
971
561
567
7023
568
1249
7905
2086
8052
819
1063
1020
1025
16139
3790
4383
7525
3170
30625
1055
5028
9969
1112
795
796
995
1283
7464
2495
799
1562
1029
1203
1605
1324
93563
953
933
14746
4099
4104
994
4928
2214
1248
4711
2915
7676
4286
4459
831
2160
7280
10481
3784
2394
1860
611
613
3041
1239
10169
3167
824
828
622
625
626
630
633
1025
683
2329
816
10317
1241
712
722
689
2689
2218
3718
3722
6151
634
3743
3758
10783
6367
3243
2304
2109
805
6907
1176
2547
1301
2779
1174
1202
1222
391
393
643
11081
11120
523
1511
2440
639
1102
1639
516
9627
555
9655
752
1015
5547
5562
588
464
624
5953
767
1467
6868
7107
10348
10701
1912
3866
29005
17082
3914
3917
14107
4175
4429
4445
2758
936
13258
3231
4704
4808
6589
3560
5162
5175
839
2547
1003
2200
22654
855
857
5940
696
5018
2032
649
837
1483
1377
1048
532
2562
9376
1061
7887
1307
6824
759
764
767
781
531
3650
1016
1064
819
1279
1329
1345
88720
812
2330
1118
3678
1704
4243
849
2549
3832
625
631
2773
30597
2897
2921
10197
4299
1100
4413
828
895
1279
9080
14350
2031
3402
3748
815
3558
1817
112890
6162
548
942
782
1988
617
4075
854
951
4787
719
1113
2753
411
1177
1350
10487
4444
636
637
535
342
415
2214
1960
792
803
480
527
4790
35711
15886
2918
357
1027
183340
345
346
421
510
522
488
12491
3791
3457
702
911
1158
859
932
2823
631
834
4463
898
879
11220
2501
1341
1349
1383
2982
5727
1880
2228
4734
3234
4968
3218
656
2695
4057
8832
4199
1100
6604
840
882
1119
5583
6155
1309
1342
1343
1347
1391
3002
1759
3743
1813
26277
1827
2016
433
453
472
476
504
2719
1847
657
4854
611
1532
996
2530
955
980
985
4590
2456
1188
1236
1270
1010
804
5217
675
711
694
1704
1737
1742
1821
1909
2049
1866
1566
2124
8259
675
2220
4519
1416
23195
2007
3767
2517
1723
2527
3805
545
4040
1152
3965
2900
2955
4231
4327
3962
2922
1064
777
673
3362
1017
3555
1041
3043
1139
3714
3755
3757
3248
959
3836
1358
3735
628
1594
4047
4051
14437
5360
4089
1621
1670
4301
1772
3815
8096
3817
3537
2029
1164
2170
4497
5697
2790
5519
6568
4789
3789
4347
4668
3727
699
701
5277
2800
1000
5325
2502
2915
1239
1243
3553
841
2046
1280
1304
2575
5417
547
548
1620
931
409
415
7832
615
3897
8158
7873
938
4426
2600
859
2361
3712
398
7066
491
1035
1072
614
4363
502
972
1716
4075
803
1208
1044
1010
791
4005
1136
32879
3737
1394
1798
655
3793
617
4110
868
3574
3853
866
1134
1405
1010
1020
1033
1133
1049
19130
1070
1090
1463
2295
1572
1091
2630
9673
1672
1874
729
738
9950
3292
962
967
986
3917
1202
610
2206
9357
2248
1254
2102
839
3497
2815
1451
2774
1468
4621
760
1227
6915
1738
3420
676
963
1182
2436
1286
869
993
1604
5296
1292
961
591
875
986
4560
640
1241
1068
7835
1718
566
607
751
1133
2765
581
593
831
544
548
550
561
1181
826
932
1372
1381
1389
1406
1051
2028
1707
1292
6519
3670
1625
2151
2169
1338
15109
573
4303
649
2882
1107
7500
1027
6512
2744
1180
2556
765
1362
3061
1249
968
837
5354
4181
908
2043
938
949
952
847
1243
958
960
973
1520
41468
782
1669
700
3670
2886
2436
2120
774
779
1922
1334
917
860
42833
4544
1637
2446
570
702
2620
764
769
707
672
1258
3276
668
1622
4207
1558
2007
735
11336
394
395
545
507
884
773
2558
1447
9960
3725
2719
2999
14429
1065
2880
1151
1194
2730
747
3509
1181
648
649
1082
1289
797
1220
2161
696
2341
742
790
1802
732
1014
1025
1027
20134
864
867
2203
1250
1254
1678
1520
735
1603
1396
1073
1607
741
3544
1891
2320
1132
516
2770
1110
798
1125
832
1083
875
530
1883
490
696
724
3822
737
3176
715
572
537
1111
716
803
727
998
1486
2903
765
5086
2210
4980
950
769
1965
785
940
3163
4938
338009
3442
1117
2833
29881
4172
598
746
3526
780
787
791
794
1063
1114
1781
3668
9133
1381
4277
5193
1560
966
238370
31783
4237
1765
618
717
2332
2442
444
450
970
984
874
450
737
1376
770
788
2872
933
940
4848
782
3484
2702
2692
1082
884
890
724
1174
1335
935
4214
1132
3844
1951
761
1298
843
858
1318
1469
1612
807
809
1369
2267
1065
737
1384
773
1395
1397
2006
3846
855
133268
771
771
33423
1198
1531
945
1039
1139
588
1180
402
794
1391
852
184722
363
378
3395
1543
488
454
672
23947
671
2660
2110
9973
2151
2933
3786
2626
337
338
340
526
608
782
753
778
782
786
1087
985
995
995
690
3654
1221
666
2404
668
669
671
1543
696
2559
1128
668
4406
1400
1348
1221
2659
637
1373
1898
1311
1314
1160
4356
5537
2684
1434
2034
750
7024
2234
2601
2025
140090
375
981
835
2486
1452
2853
1129
1215
675
9405
513
2260
686
687
695
708
642
691
697
888
2417
629
899
1558
1085
1095
1087
2024
610
2306
619
622
645
649
20810
823
834
865
1078
1087
1092
1113
9833
5301
720
353865
2590
2335
1471
2358
4000
2681
2638
719
946
5855
994
1246
2653
959
973
648
734
746
3361
3223
2503
7950
6273
3522
1281
762
2734
537
631
819
646
651
1140
606
745
633
831
4443
729
1009
1032
1204
653
1256
1262
486
1942
1457
664
672
4605
1916
979
844
9839
995
1011
6224
43064
802
802
1528
4079
2665
2545
6130
682
3212
913
339
461
895
1091
439
4162
603
629
1417
570
1809
990
1005
573
917
624
921
577
692
318
402
1333
513
393
541
542
370
547
386
721
5889
563
567
570
595
609
618
630
806
2030
779
783
803
1084
1102
2314
5904
1360
1053
5369
1606
2026
1916
1237
1595
2668
1146
2429
2532
845
1143
1130
569
575
577
471
423
869
4383
4464
783
569
368
836
503
3504
781
1180
489
165193
777
191782
986
827
2520
900
997
1110
810
1232
2343
539
1556
331
457
407
408
445
453
614
634
636
797
761
787
71367
311236
2468
962
633
1179
467
1260
476
1335
660
664
1639
661
2911
1921
1100
445
553
554
744
758
2502
1013
2648
1197
1396
324993
3530
1072
911
5063
1137
1114
39488
1078
702
763
736
743
602
1197
1198
628
818
830
2502
839
1074
1498
588
596
2715
1763
820
2951
636
642
653
3631
2899
1071
824
850
571
878
1016
933
2179
1174
19427
548
493
1339
419
711
620
736
573
446
1518
3647
615
406
176
573
479
1094
242
1842
3973
174
725
437
438
589
786
632
643
749
858
891
4236
861
1188
723
738
742
775
3236
905
1295
1306
1361
4797
3779
3989
1193
3696
933
2168
1496
1458
831
2669
2673
1333
2761
6553
1202
2909
3063
2419
656
658
667
669
676
680
1211
9485
486
1331
5611
767
1278
1005
1039
1049
1070
3610
558
470
1300
529
6306
1506
1313
1365
360
377
1798
7444
4368
836
2246
1857
2258
2067
433
434
4373
2565
7412
638
463
6024
2920
7576
5515
360
361
376
650
2294
496
1038
633
688
3951
3535
10443
3511
540
460
461
473
2004
478
928
643
753
869
265544
4076
1070
1643
6909
1223
1190
1196
1314
549
872
657
1494
1976
1541
1619
590
1664
1798
861
448
872
9866
900
9912
553
558
865
1008
705
463
3825
2373
970
378545
504
1558
3836
501
509
519
589
896
451
712
895
914
3242
601
8686
3620
1362
1382
1399
663
2596
1299
325
1518
1575
284
543
3552
11047
538
2498
3455
343
883
318
320
322
327
328
333
1029
874
555
492
506
4826
255
576
847
899
4415
415
3709
505
743
1634
814
1484
533
2149
578
362
478
633
641
794
845
854
899
618
975
889
896
3625
398
443
848
424
508
533
576
782
798
513
527
530
535
539
546
560
1062
949
702
706
726
961
980
1062
1084
497
1167
709
660
1301
1350
1351
1449
1506
4093
1020
1035
1272
2138
1697
752
1892
557
509
522
1531
393
394
704
543
543
676
1082
2247
684
477
625
412
363
1821
1129
608
1136
1268
550
552
1036
1368
1109
1188
3283
652
1535
891
3244
1274
511
621
631
1197
773
565
1228
534
547
548
503
878
1540
917
579
1099
3341
1176
399
607
621
1616
1280
768
3018
258
1128
350
508
611
504
488
717
3779
1372
683
663
1496
2357
1092
533
534
544
551
555
4004
703
584
585
587
548
856
864
1089
946
772
776
780
1359
2263
1153
304
505
506
507
1768
407
1519
524
1936
919
926
558
1010
1657
414
492
759
2881
1957
501
775
753
372
3510
1098
644
471
635
608
740
4256
1069
1053
1216
991
1735
735
934
1096
548
577
1317
942
516
529
608
766
425
510
473
1087
1293
1163
1035
1568
1991
1982
439
767
312766
407120
271
854
980
877
827
1064
717
720
1969
881
1024
769
783
875
494
1105
1937
1328
342
416
416
557
473
1618
235
2544
319
177
416
809
409
786
484
487
663
639
691
3976
1457
1117
746
596
1012
790
526
1360
482
1183
1491
1100
542
357
516
577
449
1516
588
604
1071
821
963
1038
1199
1203
1221
289
614
1540
309
311
317
1568
333
383
554
927
459
530
950
965
614
918
773
1528
2440
1439
2479
2381
579
485
307
315
321
487
329
440
464
2664
606
619
939
832
613
2587
930
1302
1183
3693
742
1078
674
7597
417
463
512
420
251
608
358
2635
2058
266
346
526
945
2769
724
556
571
799
924
957
795
959
534
923
950
804
1096
1112
1113
511
8025
1505
1597
1786
953
531
4586
462
472
977
471
1579
1039
386
554
593
821
1197
1371
1189
1532
396
206
193
935
375
552
577
461
466
468
521
627
593
796
538
542
764
889
714
1120
856
330
764
779
376
712
1301
1140
1190
818
682
1382
591
543
575
7106
375
475
463
2821
483
2087
676
807
203
279
580
340
353
375
368
1108
418
416
983
773
1088
1134
927
1056
613
615
797
460
749
629
810
810
814
819
3959
858
1475
1279
1709
600
806
728
1429
909
937
944
1035
692
249
465
257
829
845
852
572
353
813
1396
424
1118
314
316
624
748
1572
656
4131
742
844
1720
2478
1107
306
751
680
388
418
714
4537
3446
641
891
1456
672
521
525
717
921
518
925
565
551
554
573
577
586
463
666
738
754
757
779
1913
1063
1054
1206
1143
515
671
1050
1525
1638
459
1053
767
998
4289
640
565
899
920
941
1283
1521
1574
422
926
1087
290
1306
481
486
1436
2714
715
738
861
2870
1653
852
1207
140
2364
3761
773
40136
4530
871
767
1612
470
421
401
334
1138
467
343
641
357
368
370
371
545
849
520
529
531
822
752
849
977
880
4115
473
475
977
1021
1035
746
607
1471
780
347
352
446
547
1283
672
411
1289
345
664
1071
2446
266
268
270
270
279
2984
203
467
481
1162
892
473
684
922
1332
921
703
767
1046
1176
624
619
2215
598
691
800
409
410
325
484
1117
379
1431
692
482
177
843
270
477
509
860
661
1578
1062
481
483
1497
635
840
453
461
471
616
680
831
532
3340
1137
1351
1392
537
1594
1890
436
441
444
1383
472
519
522
1079
517
550
1256
2617
406
1702
934
483
489
502
724
519
753
671
938
689
812
825
1374
563
1321
1555
1419
1756
996
2315
818
2004
667
1036
2199
350
393
3306
3041
510
511
513
1033
1063
958
844
1222
1274
641
644
3653
939
1704
961
860
1281
869
1516
521
727
1542
365
530
1689
2733
373
401
1430
249
518
3556
2760
2961
1540
2470
768
896
1351
1189
487
1657
639
659
1695
571
942
560
561
1171
752
756
431
1329
9667
610
611
615
709
804
2605
957
773
614
621
1032
1413
819
1089
1229
581
583
2228
1450
1802
1291
838
834
835
1760
1684
2119
385
2004
1711
1578
293
731
3819
2499
230
231
2180
234
2725
327
480
747
427
580
952
696
617
519
722
382
4308
1085
4593
595
1564
760
761
765
768
602
953
967
968
313
490
1135
551
560
1389
389
1635
790
204
250
336
496
640
470
679
3958
3424
1259
1051
2784
1189
865
677
557
2130
658
659
695
697
699
703
932
858
904
1394
997
1002
1024
1064
1036
578
926
1501
14346
783
784
787
552
1682
1975
3511
467
1360
2237
1045
739
743
745
755
831
867
2525
1291
1106
2022
2877
656
712
225
491
283
3622
1840
3404
3405
877
911
2068
436
3721
436
456
584
585
587
592
593
603
745
4375
1154
2514
816
617
3296
3466
3351
548
252
3010
330
454
4628
464
646
658
595
803
3414
2960
2675
718
1137
6583
1564
887
1398
3656
612
5497
431
435
1605
689
601
1833
40274
302
1056
578
363
860
592
717
1769
524
559
817
3355
767
750
960
962
579
585
587
602
605
828
852
1471
1046
1083
1213
432
1253
1466
255
483
268
968
331
434
2214
1068
2409
331
2489
1011
507
818
631
202
1558
560
1349
745
363
841
249
509
559
978
194
652
348
679
420
387
1155
1324
534
1318
4704
1253
1259
393
1369
588
714
330
352
365
525
643
696
719
729
840
552
892
570
571
1002
760
783
969
1250
501
1134
973
387
1913
1688
1722
381
1001
2035
344
1101
585
2622
1498
1184
537
792
742
1655
2463
694
514
4368
4439
384
477
597
884
3606
330
1057
404
513
727
735
771
1102
553
1100
1125
373
462
916
467
334
547
801
638
1273
2378
1098
1165
601
2234
289
907
839
345
237
250
652
331
218
363
519
998
225
660
486
1093
1130
1214
865
714
418
419
424
424
1284
567
1155
970
825
633
596
597
432
793
809
470
1043
946
380
1255
1264
1267
1320
341
343
344
496
744
597
1879
480
560
930
604
671
654
655
1364
717
540
242
745
662
539
610
934
1648
1087
1387
1011
716
449
767
703
1439
2074
2628
575
576
1960
1030
922
936
1011
664
1140
1230
462
431
473
619
417
417
423
439
763
603
374
737
736
1056
472
781
1534
469
633
407
482
495
502
513
770
771
712
683
689
707
495
895
431
1049
1061
1222
730
449
462
624
627
630
778
842
1376
647
952
958
2174
2287
1003
541
401
402
813
519
160
623
742
500
565
559
1096
725
323
323
335
452
564
1963
598
606
478
2164
470
3437
734
377
1209
1271
552
561
610
755
761
979
537
525
526
669
1120
3519
1291
1201
2751
855
566
1316
1236
396
2217
140
191
401
34520
466
6257
676
4247
887
3760
799
1624
798
496
625
1045
723
722
1343
1180
2460
1673
306
4184
508
385
530
535
543
555
746
895
925
938
989
1157
1387
1392
1532
4625
722
401
598
1695
312
375
607
815
1093
788
1467
790
1028
540
274
242
300
298
178
421
396
546
993
702
967
813
735
836
341
1212
341
561
564
569
939
781
1156
1183
2068
1097
295
296
304
513
153
274
302
203
205
316
1053
543341
343
350
175
984
759
617
676
322
323
326
339
453
465
1005
620
1118
2189
513
647
658
59
893
80
267
540
1080
569
529
556
925
786
894
654
408
455
1761
639
805
636
713
1453
1026
1657
1753
587
2173
254
566
1474
1460
891
261
2086
531
535
1117
497
623
573
819
855
2895
985
1092
355
321
680
556
1163
1099
701
705
707
921
1499
938
754
1488
1324
2065
1176
1520
2087
1721
526
2920
2400
1023
1048
1620
954
1338
959
1430
386
992
2338
714
261
262
253
274
275
276
457
490
403
433
466
467
534
3882
411
605
617
1671
926
956
656
948
454
1217
1260
420
1466
1231
903
2644
1135
468
4704
686
357
471
416
3127
709
957
1806
833
525
2371
538
4038
3883
687
688
3952
805
527
813
916
5269
823
4383
609
502
508
509
511
511
290
821
881
905
5389
562
453
842
458
1258
1500
516
1798
2010
882
715
423
926
557
486
967
963
2103
906
4560
1375
1409
344
679
357
370
371
375
493
985
626
643
657
821
1083
1138
1785
1355
1376
1195
2022
253
343
5008
518
3110
584
976
2229
671
525
534
214
670
289
775
740
741
374
385
480
445
861
506
283
1485
999
1456
1283
698
796
644
1322
640
1097
1027
793
678
357
293
768
473
563
680
645
650
730
441
802
862
424
342
556
539
1120
600
635
479
799
439
558
706
841
497
499
846
558
562
575
600
762
776
348
786
588
1150
1217
425
1416
942
683
695
1599
844
567683
739
298
1041
304
494
490
493
595
609
652
743
1195
512
867
906
375
817
530
538
1242
705
525
526
535
728
550
555
557
1014
1482
1008
905
934
454
1079
1116
1271
323
1768
1026
2126
1324
237
241
314
398
634
300
301
311
322
327
445
779
3551
1010
621
645
760
790
1199
1001
510
669
912
469
490
664
1533
795
831
534
537
538
542
545
550
568
961
969
974
1076
704
403
1159
957
1078
667
717
1157
873
1144
2094
1718
832
846
2875
1013
1076
611
383
1101
1211
1231
585
1110
281
281
3042
367
492
1661
589
1008
600
481
673
557
407
2864
145
149
150
463
2045
66
313
431
1313
2367
409
141
1200
487
245
533
2450
605
622
565
576
589
793
521
527
537
538
3865
710
1148
2160
933
937
954
1341
1082
690
1543
1170
1317
1906
925
1688
2166
2164
2259
487
479
2501
248
753
223
563
562
686
475
476
480
485
487
587
616
648
666
749
754
1058
1084
1258
1300
510
679
835
326
34269
2294
194
196
559
1375
848
173
174
296
1050
629
377
499
221
252
432
792
1518
1908
640
796
325
694
311
265
311
316
428
419
526
521
524
949
996
288
485
281
441
610
518
417002
1813
908
1845
271
643
545
526
279
567
587
293
525
325
197
425
388
576
1280
797
1054
316
764
878
155
200
283
275
371
152
152
158
362
572
574
521
255
2629
370
246
543
624
294
101
271
455
463
217
302
303
321
544
705
678
817
820
388
347
344
359
361
504
669
584
816
854
697
1059
2060
823
477
488
506
516
898
584
994
994
637
1176
974
1359
459
462
1376
468
599
612
620
757
734
737
770
774
1827
1821
2138
1831
652
1629
211
242
500
349
353
2292
643
290
4183
785
625
435
444
463
604
732
579
1546
845
900
939
1082
308
572
589
592
1520
611
612
841
750
761
1209
732
1132
1906
904
2028
369
2109
357
633
826
15559
949
1037
1165
910
322
414
231
618
130
131
179
424
427
432
578
1000
523
1626
391
484
685
502
290
250
224
309
314
1117
727
406
602
684
331
385
404
410
536
401
717
721
768
777
912
923
935
1062
867
893
1142
1291
895
160778
1376
1148
1193
245
993
535
632
1020
633
250
296
166
248
111
238
332
357
357
440
552
357
251
588
689
375
712
251
257
537
341
166
413
632
353
185
699
697
702
443
263
366
225
481
932
774
619
918
1036
204
259
320
370
450
383
184
169
253
326
94
591
355
923
377
378
389
396
397
405
410
415
424
428
436
437
441
442
450
497
511
548
577
588
626
645
649
654
657
357
711
715
743
496
507
837
552
925
977
983
1139
970
1308
1439
1453
506
1486
548
443
196
187
472
738
167
192
264
184
504
635
564
517
547
235
242
397
899
553
586
774
827
849
1371
598
1603
144
980
233
852
618
371
1117
412
357
461
466
288
355
653
482
450
607
765
564
636
619
763
2385
612
1035
3226
240
1404
117
241
197
403
214
215
318
290
326
789
1051
342
249
329
244
245
223
418
345
243
363
212
277
491
844
167
524
455
270
274
45
524
70
375
506
620
461
302
1462
423
352
246
223
239
261
319
549
263
417
269
430
506
151
381
185
215
743
272
350
337
818
1198
413
347
471
553
377
362
1310
206
208
208
214
217
228
297
306
323
261
303
362
398
407
418
357
668
331
470
472
473
1099
1053
1438
273
402
407
411
280
199
166
345
240
1988
390
357
248
250
261
264
403
457
1906
490
483
213
213
287
661
1216
269
1289
385
268
166
227
237
352
306
419
277
892
124
709
205
864
1025
609
493
355
470
593
442
595
429
739
788
697
10856
381
334
238
240
241
354
597
601
805
814
637
1232
850
236
240
310
448
445
595
263
203
209
458
304
542
357
477
488
494
420
316
841
421
282
217
712
215
386
243
272
149
155
156
194
116
212
255
258
263
888
279
290
291
292
238
343
351
364
662
302
349
214
522
359
125
166
129
657
192
305
406
375
198
206
261
215
312
317
280
466
409
515
745
746
819
284
283
167
485
1132
265
681
327
199
208
359
806
2232
1024
676
771
278
130
346
224
295
298
317
321
322
394
429
502
512
525
587
560
610
697
492
819
352
423
431
433
434
572
346
217
707
142
152
409
129
130
132
194
205
207
208
251
217
354
236
1168
596
846
693
748
445
457
603
604
618
774
912
928
725
771
814
1773
299
1896
394
2001
597
155
374
481
481
424
498
643
292
185
811
673
226
410
208
942
354
201
713
486
386
836
361
366
428
474
492
495
507
605
649
756
309
451
848
344
1154
1177
808
558
493
501
1390
1028
2144
651
2233
630
48
44
67
1113
720
724
453
311
289
598
311
295
902
598
1348
352
262
362
735
247
268
607
362
471
548
335
861
493
813
714
248
463
478
2055
496
575
517
828
611
638
660
681
692
698
534
746
778
798
898
348
2320
999
549
199
202
273
273
124
170
665
489
498
684
488
759
359
364
262
623
3170
3172
280
582
281
170
129
171
127
170
200
288
821
343
245
249
349
350
361
362
446
354
317
502
1376
239
124
112
305
708
214
268
272
468
232
485
1616
677
837
203
932
168
208
83
38
412
697
277
346
1392
1046
549
1667
58
405
413
422
425
426
196
554
665
767
772
580
802
804
1248
1026
262
267
64
446
48
54
55
109
564
242
454
208
420
246
478
203
204
265
174
575
3453
1507
5121
100
1697
595
31
117
633
736
107
869
412
994
205
207
366
346
148
151
231
232
355
542
1398
214
176
613
213
535
248
1085
169
184
186
191
192
194
226
255
257
321
591
693
268
175
474
289
469
398
531
550
576
3157
420
357
804
696
483
498
1008
1587
645
689
671
537
165
155
123
124
129
137
233
1220
1105
543
353
768
1229
1275
689
509
1499
3706
304
344
333
580
1014
541
554
592
902
1511
403
600
620
702
561
188
189
205
209
653
723
366
770
380
806
820
914
556
11814
790
618
944
1405
262
1065
394
445
719
548
771
361
677
580
383
938
942
338
325
410
208
269
695
340
362
421
331
591
373
628
544
559
584
683
252
272
130
215
655
417
443
736
262
1435
347
424
428
597
623
656
521
536
123
860
972
220
228
264
265
551
439
215
410
214
473
689
171
262
99
107
108
540
141
275
267
341
202
205
206
273
352
132
1001
493
587
1374
1005
306
893
168
411
868
1367
688
353
511
476
246
916
128
125
129
181
184
831
234
604
357
580
965
563
311
265
218
124
316
129
133
451
262
267
745
440
268
313
638
842
829
571
416
425
431
431
450
458
459
463
575
617
620
703
719
759
780
741
219
899
440
1063
188
1075
349
338
507
507
177
203
313
1731
460
466
860
2045
718
1157
2003
649
865
871
935
1393
307
1502
320
219
643
222
475
323
309
382
416
465
454
203
233
503
300
304
909
420
443
498
540
543
594
415
610
633
865
320
217
416
417
730
309
408
647
384
410
412
281
128
176
195
226
840
260
272
385
416
406
520
570
422
717
260
325
394
523
632
647
771
881
966
1052
344
645
143
150
151
196
204
228
271
331
503
530
533
591
799
1018
380
953
957
317
296
298
388
429
472
491
495
496
309
594
852
318
319
321
1003
383
493
623
737
744
862
867
885
782
777
411
309
406
618
523
529
2017
1115
929
1021
397
400
1358
494
1001
1024
1037
1070
1355
475
321
526
414
515
523
544
413
997
1052
144
297
302
304
167
363
1043
174
511
128
744
442
187
1148
329
910
399
317
198
281
101
688
894
408
485
317
566
530
748
649
426
348
940
959
471
315
322
1109
589
420
425
962
803
846
923
1039
534
125
216
304
310
451
420
515
535
355
470
1044
1234
253
1040
176
355
282
411
905
780
423
931
449
460
651
728
847
717
475
487
608
630
173
960
141
1036
360
636
1661
1918
430
433
441
390
509
520
608
624
721
34
42
304
54
99
409
995
606
315
1145
1193
430
441
445
723
174
660
404
194
801
171
465
226
384
292
152
153
156
1348
248
929
341
317
136
517
443
937
452
751
184
264
266
284
750
117
118
355
359
154
194
454
460
472
472
449
449
454
455
407
751
908
304
309
318
319
321
410
427
1227
496
331
478
847
253
289
292
301
337
957
406
493
378
631
493
495
502
610
803
812
1213
618
186
305
249
259
626
220
358
442
277
229
1055
537
332
383
196
385
424
975
652
554
1085
352
344
172
344
464
850
592
966
515
832
963
625
222
110
111
112
115
125
378
125
128
129
132
424
678
817
955
271
458
166
474
224
294
217
627
1632
515
520
949
445
262
272
272
448
450
548
707
552
751
443
585
590
262
263
559
445
894
903
632
477
313
316
322
325
333
340
343
344
360
369
375
385
426
429
443
447
450
495
535
601
621
636
637
641
661
696
700
702
706
714
770
433
588
905
907
909
969
977
978
1000
1011
1060
1061
1091
1108
1015
1033
1200
1211
1212
1221
1257
1135
558
1438
648
756
1571
1586
1611
1616
1632
1656
1685
1770
1874
1878
389
546
1979
639
651
663
1230
545
1033
1164
1170
2579
232
1476
2965
690
292
293
298
3046
675
784
343
448
496
231
1052
1173
1225
285
262
264
284
643
648
220
221
278
288
342
345
347
403
421
431
437
419
597
226
777
402
356
494
494
411
388
610
166
400
622
407
628
515
510
223
789
765
415
310
1352
1436
415
310
423
537
632
340
867
1620
897
352
362
1693
336
791
557
561
795
654
166
248
167
1071
331
199
1010
445
119
202
1399
432
1517
126
341
352
430
441
444
491
274
542
560
566
768
671
995
790
438
564
442
644
253
332
329
331
336
340
357
1045
594
479
498
504
644
590
637
670
416
871
1096
608
1155
1236
1326
599
1449
1019
1465
1487
1524
1330
591
670
337
213
446
199
170
266
262
193
362
198
1213
707
716
727
264
273
274
281
283
284
295
299
309
327
328
330
335
349
355
412
428
432
525
530
578
595
612
613
635
676
711
741
1057
1038
1047
1084
1098
1188
248
637
1463
260
262
265
266
884
770
686
698
699
788
2191
238
912
1030
664
593
952
1009
682
416
512
622
637
648
960
329
527
329
335
444
561
789
796
364
177
887
352
442
197
901
410
418
638
464
465
598
605
622
742
762
915
927
1200
358
597
443
359
363
365
596
599
602
23
23
323
244
496
569
408
747
515
325
447
1042
502
72
23
170
285
192
310
251
498
614
237
914
793
153
246
188
582
990
308
348
908
326
314
249
186
176
178
179
241
337
361
362
371
372
312
316
380
366
381
462
462
466
489
481
568
574
617
790
268
370
1106
1197
1164
264
266
269
364
352
440
452
925
290
194
250
328
335
561
580
437
261
612
703
343
257
536
321
540
393
565
859
1048
1095
638
1514
459
327
354
265
269
270
281
374
349
729
828
846
964
367
1018
355
1077
313
816
373
373
649
809
472
436
442
323
776
625
235
174
260
329
489
315
407
518
417
118
60
259
336
348
602
434
1079
612
253
467
998
612
477
209
201
205
207
209
1262
333
354
612
687
916
838
457
287
160
261
473
263
476
748
317
183
112
544
315
623
557
1026
455
577
571
258
584
395
238
692
414
427
427
756
844
697
712
1010
264
221
276
151
1454
2457
432
108
109
130
145
238
358
639
373
872
194
226
312
543
106
110
115
115
155
164
225
293
304
543
349
354
304
383
202
97
623
382
191
264
272
362
456
993
415
566
893
125
221
323
357
3675
364
365
333
1734
94
3737
340
348
109
273
110
692
584
309
536
41
22
34
325
6265
286
418
749
330
193
1674
317
366
351
357
384
812
638
712
521
528
773
747
609
610
623
811
343
987
822
1482
44
22
36
734
320
428
530
638
1006
1883
885
952
106
288
106
569
57
198
673
316
383
384
508
442
326
423
775
446
760
356
911
437
601
489
1773
215
2012
1342
357
360
365
456
473
466
612
690
797
890
919
412
427
1155
1208
570
297
298
301
389
402
1166
478
499
198
598
680
699
518
552
95
831
204
229
477
479
595
421
647
342
576
264
198
345
465
892
342
746
196
459
466
570
270
705
442
905
1100
1362
1190
1311
114
94
318
320
321
207
421
533
539
765
445
792
267
354
360
464
665
730
350
359
469
710
953
308
730
223
360
196
195
443
776
221
1224
312
328
980
328
317
335
541
360
593
2456
466
747
874
357
352
464
1018
708
97
100
104
206
263
308
323
185
146
134
95
3438
619
290
4565
253
255
257
262
5010
267
338
823
214
771
455
456
618
791
906
926
1265
1619
1688
352
346
264
440
381
385
232
280
353
481
621
622
453
260
344
823
349
833
879
892
483
966
294
829
1312
1330
1107
1161
1441
1466
10395
645
1133
949
449
570
574
169
769
102
998
1409
231
790
336
487
312
345
346
440
447
846
320
669
689
542
945
1060
1062
51
1156
27
30
38
44
84
854
417
1338
512
1012
603
339
1277
658
811
475
559
202
275
323
392
562
648
972
262
317
131
420
218
440
444
458
468
589
590
604
611
621
701
711
718
742
755
758
855
1045
911
1182
449
1442
262
213
168
1044
347
351
360
597
612
753
592
133
108
109
118
130
138
150
823
207
218
1066
267
357
140
1083
130
263
201
197
404
167
202
595
447
94
1050
1051
98
108
205
251
129
127
265
196
258
124
621
443
265
621
539
22
24
30
172
94
593
625
262
894
413
555
833
1120
56
24
124
127
130
437
1232
577
384
777
389
390
677
1420
205
937
200
219
273
826
340
361
387
1241
423
643
1129
470
596
213
216
534
401
262
862
211
312
401
444
328
488
216
262
1249
556
523
622
665
98
97
128
161
905
185
263
493
319
450
748
272
353
281
284
359
435
401
542
554
495
743
652
658
685
370
777
885
273
274
288
303
1018
382
407
358
1206
513
405
770
314
878
906
259
919
240
128
326
415
127
496
217
821
513
565
568
276
841
206
501
401
475
212
125
273
274
401
487
478
593
402
242
243
258
409
416
430
434
762
639
353
353
473
195
407
406
1223
241
327
408
422
418
282
275
1329
1353
807
1711
386
2174
2445
243
237
125
125
264
196
738
265
267
487
242
357
320
324
344
352
246
588
605
207
765
197
333
264
291
283
283
360
485
224
270
1129
241
272
273
275
147
1203
339
342
343
456
468
472
573
736
284
449
1188
909
540
1311
1359
334
771
948
1506
777
254
229
169
649
350
467
188
11850
348
355
439
558
1898
239
441
320
323
700
818
130
142
347
193
45
50
359
476
601
727
967
1096
316
126
43
59
86
92
3223
324
214
235
3576
284
694
202
532
234
266
287
1090
561
648
1071
8725
123
136
152
180
182
207
217
274
305
663
387
388
618
667
872
1036
1507
1053
1871
723
22
822
34
63
68
70
76
110
139
154
160
163
168
211
248
607
548
251
347
124
128
171
213
332
129
475
217
446
1342
194
199
239
239
245
577
590
224
367
442
523
329
44
57
217
150
148
168
178
187
227
259
291
307
331
355
365
369
408
1245
505
506
556
745
783
404
248
259
271
272
272
327
337
341
346
347
351
354
415
425
538
1167
214
399
342
286
271
944
617
307
315
410
422
425
629
730
832
332
442
1018
440
516
1059
413
414
937
563
317
331
335
337
428
433
437
440
512
535
553
634
748
837
1409
124
124
470
407
946
727
131
226
720
408
305
442
936
1053
333
329
1009
329
1026
671
202
414
294
146
247
596
304
747
318
411
414
417
745
539
514
742
320
322
326
461
1220
1274
565
775
1088
410
167
170
271
215
219
287
356
588
31
129
357
219
259
358
262
356
239
238
556
622
144
409
332
340
341
331
335
339
423
431
446
465
518
602
606
674
668
475
786
909
603
1050
729
1043
536
476
346
666
1541
390
1010
265
203
451
335
218
738
649
740
640
725
793
347
433
968
352
410
407
328
420
209
218
955
364
512
523
788
727
586
467
782
197
668
1179
328
343
353
353
449
278
558
559
589
718
224
245
248
253
254
258
277
376
391
898
421
428
429
456
493
512
548
550
560
573
575
584
584
593
599
608
616
707
718
724
895
1424
1454
1020
1042
540
912
287
288
303
304
310
376
384
397
399
414
503
578
604
425
752
882
897
145
938
146
502
201
204
291
451
459
460
462
334
414
268
432
437
494
780
669
565
777
516
217
126
126
516
443
454
1802
356
275
201
516
408
305
630
1288
620
307
310
411
515
531
727
755
1055
719
711
745
312
356
360
361
451
481
485
715
595
597
609
758
412
727
606
166
176
1394
564
1494
1383
476
379
286
716
359
364
364
369
469
488
604
845
848
514
306
309
310
311
410
411
525
518
304
843
42
653
92
97
124
162
163
214
604
157
230
459
144
464
473
479
480
593
636
660
774
776
805
841
937
964
999
474
488
502
676
319
710
1152
1166
1208
136
678
180
1309
808
841
522
574
984
1180
1653
1120
1126
1127
1151
240
570
2203
1653
923
1040
305
471
1335
312
516
526
752
945
1082
415
594
167
229
356
1858
541
167
323
178
182
188
424
237
239
293
351
560
561
457
488
634
862
907
1385
1455
1110
479
750
354
360
362
402
475
490
979
590
1220
349
899
203
646
317
893
542
444
275
284
288
451
459
471
483
486
543
636
635
971
1162
311
130
223
482
150
195
199
295
1089
838
919
217
131
225
260
443
741
747
260
125
130
133
134
310
515
336
210
474
506
555
742
734
665
308
1052
197
308
517
684
895
720
380
753
142
199
350
459
480
363
596
605
606
401
203
846
553
442
450
567
570
791
260
257
592
442
757
537
1045
268
375
465
545
560
829
952
958
263
594
713
358
472
598
610
614
1032
809
1255
1302
172
173
226
643
357
352
318
316
601
322
742
601
723
666
292
375
1227
1362
521
304
411
413
631
307
313
317
432
434
446
573
735
1452
928
665
55
71
226
401
3486
3591
3594
3597
3707
2338
464
33
44
49
103
175
821
591
408
310
314
316
316
531
594
593
961
180
443
444
455
457
460
461
468
471
167
598
224
769
771
800
127
931
1057
1242
1511
197
196
622
166
517
170
316
687
463
13061
1441
414
497
352
358
363
364
375
331
493
601
608
613
332
555
855
1236
201
66
43
543
202
206
212
268
354
582
409
300
434
310
344
303
320
568
337
793
503
549
550
620
809
637
1006
592
1136
483
596
714
1332
445
1663
328
329
443
447
565
280
597
283
1042
773
262
197
458
453
351
758
269
446
636
264
210
218
278
299
323
355
370
406
415
556
510
634
579
731
335
336
266
461
588
597
415
433
212
459
755
675
637
664
249
303
783
340
372
380
879
463
1114
531
321
1502
551
693
170
169
177
585
323
714
1190
1234
475
1126
448
1338
459
263
268
256
449
573
343
342
350
371
592
464
491
597
608
715
552
803
827
865
473
482
1050
327
328
1113
716
448
1319
758
781
287
1069
351
1264
548
1533
479
824
1239
150
2414
166
196
766
365
774
429
445
452
745
901
1059
554
329
397
170
303
199
1218
772
633
749
562
563
1012
706
709
759
761
820
807
925
479
2637
1523
520
2020
736
2168
566
308
853
264
3326
3507
238
111
116
3718
175
219
226
463
791
470
54
30
37
69
74
79
360
130
210
635
761
443
744
1100
365
481
410
556
847
593
971
48
670
40
54
62
66
87
456
459
464
118
143
152
973
760
365
904
464
379
444
644
265
266
442
1586
219
302
217
144
358
643
597
358
371
378
382
392
482
483
493
596
597
609
648
269
744
757
852
137
171
61
902
32
44
993
1278
128
196
167
206
209
222
229
242
625
303
455
338
377
402
259
477
491
514
574
629
754
491
501
899
1084
400
806
1083
494
468
952
967
77
28
1100
668
572
331
450
287
599
472
703
1037
887
624
1205
804
341
281
287
377
344
671
758
167
219
320
777
280
376
389
477
492
684
320
305
419
312
415
416
532
319
1091
525
646
659
961
758
572
973
412
1082
448
247
239
440
305
238
240
262
328
199
476
954
595
442
895
168
143
334
286
246
341
449
246
676
189
236
178
336
488
341
213
755
458
610
284
1186
514
345
465
321
588
525
164
204
280
351
360
579
444
453
672
544
578
471
608
317
401
196
163
167
171
402
239
249
260
273
282
283
285
292
295
299
300
304
306
329
340
361
392
393
395
412
430
435
435
457
462
464
499
504
605
623
632
727
473
184
151
152
598
302
344
369
617
1175
1261
1227
353
836
326
245
352
361
364
469
498
160
633
210
212
652
253
761
437
425
863
890
463
624
709
391
142
196
449
618
2333
2193
227
238
238
413
419
239
321
635
767
347
188
362
591
477
269
987
987
318
464
334
1312
444
315
1086
335
442
621
1161
377
268
258
478
266
270
272
284
295
297
598
346
358
428
402
407
463
472
482
497
554
568
589
596
623
662
723
184
512
702
458
474
565
949
346
695
613
649
759
860
483
491
774
671
686
1270
850
1057
536
367
1171
1052
1087
1720
1122
2200
603
683
393
494
609
355
275
221
226
766
440
516
480
498
508
965
662
689
691
860
865
998
1068
1211
1265
903
469
1675
1845
1847
960
593
425
296
1154
725
562
319
320
323
761
590
626
997
1221
1301
1969
1595
1675
606
592
270
204
275
206
349
212
160
256
181
766
615
368
530
1205
879
511
1059
752
766
985
1005
1018
2667
1136
162
153
354
349
438
3410
475
348
446
274
719
694
853
3505
319
333
433
434
443
446
448
290
540
614
1703
1703
273
595
1099
761
901
2415
1721
824
827
828
377
1139
391
365
1285
1456
652
692
361
266
758
224
380
464
465
354
375
603
636
662
880
1296
602
420
345
206
269
270
625
458
474
378
686
324
890
927
360
715
199
368
138
141
250
266
784
140
795
154
160
271
489
491
500
655
679
835
879
993
1181
1224
645
708
709
1087
1341
1387
1549
1563
379
255
493
222
447
2664
359
367
446
452
647
667
1070
388
3823
395
309
148
5943
791
1136
701
730
1310
420
429
430
176
714
141
150
158
213
293
1284
1368
597
653
366
267
498
499
408
409
410
669
937
63606
1191
632
361
362
993
322
491
333
339
341
341
505
281
355
356
420
425
461
963
692
745
974
1001
1045
1379
129
95
127
171
145
629
702
634
275
98
195
113
417
315
522
828
197
289
142
107
426
257
258
262
350
422
433
440
444
1085
581
351
354
355
499
598
601
605
629
847
1094
1216
1360
345
106
418
312
318
330
338
341
342
417
432
529
530
549
558
346
644
753
349
350
476
589
1195
1541
1093
206
722
353
703
354
347
760
737
2216
605
411
199
805
400
518
382
1045
665
742
146
246
571
206
214
232
233
235
737
308
367
381
466
469
508
527
533
337
651
556
426
1032
210
162
163
268
788
337
362
212
168
221
321
329
350
938
411
413
747
442
280
632
41
74
896
460
170
268
893
442
596
4013
312
317
332
333
347
436
445
456
464
476
532
540
543
667
677
853
897
980
1406
267
195
332
246
134
137
148
155
180
220
235
255
259
263
297
406
444
697
259
13120
205
255
258
1522
596
719
817
1133
550
1289
441
128
172
310
159
205
144
107
417
146
418
206
412
419
270
302
134
671
400
315
315
451
454
829
284
200
94
280
470
124
316
110
285
361
416
311
319
526
528
509
1504
377
169
441
129
300
751
1359
28
181
281
442
288
292
397
471
481
588
670
873
272
143
191
332
347
357
377
279
292
384
388
572
444
493
262
207
57
28
279
381
283
295
376
381
384
493
772
597
771
45
43
51
54
69
78
104
120
132
148
161
184
279
324
356
31
53
641
505
265
117
122
77
152
156
233
115
203
587
641
344
896
413
271
276
568
505
129
132
137
169
231
242
319
415
424
350
283
201
202
224
275
341
271
399
167
346
218
223
646
222
202
426
124
323
312
112
113
889
1382
513
345
271
1278
569
300
124
125
138
147
151
169
178
193
195
222
231
257
269
273
276
277
307
326
668
591
471
598
125
218
247
537
534
95
241
317
539
197
97
104
105
106
137
150
169
180
332
29
104
281
667
190
247
279
305
364
371
799
910
167
876
474
281
290
292
293
297
475
497
909
988
798
918
308
764
727
512
638
1284
443
582
142
498
593
146
493
172
133
249
259
316
342
363
553
1213
194
149
151
252
369
903
568
280
586
679
986
197
196
266
23
22
87
27
45
46
164
122
125
178
249
531
521
661
379
484
988
750
700
423
4124
1280
765
519
1424
261
316
534
734
516
314
318
321
306
533
522
622
731
540
119
307
362
1090
533
643
335
341
606
612
1600
306
310
313
407
522
533
552
646
868
311
529
2008
626
297
298
319
323
328
333
395
395
438
803
452
455
465
487
548
551
342
680
712
931
1023
620
142
193
293
575
281
283
202
215
205
418
404
622
303
414
729
143
142
146
251
299
306
412
171
202
203
207
1570
124
2102
22
79
29
52
171
307
244
255
591
374
9012
28
45
57
212
213
445
1296
511
538
149
65
216
154
199
203
248
420
78
31
56
216
169
219
266
476
482
870
124
212
69
52
56
76
83
89
102
418
345
630
713
416
312
323
332
335
338
414
426
431
432
436
546
552
1002
1360
22
24
30
34
38
317
189
191
529
250
260
746
538
270
271
316
201
184
189
192
199
273
343
347
383
391
542
428
773
904
444
125
629
341
345
148
168
144
145
146
151
208
423
256
641
1056
125
126
260
190
408
185
184
53
27
90
552
674
906
427
1000
1057
415
418
528
313
417
554
485
754
325
540
552
645
667
770
418
168
172
317
320
327
337
341
427
449
469
536
541
577
652
860
929
937
993
1115
1410
742
533
448
324
432
536
1055
1197
268
1671
265
346
243
736
63
29
487
736
118
118
321
242
244
329
338
415
582
3215
316
739
127
135
196
232
261
287
336
413
5246
496
248
652
379
185
969
858
273
311
336
537
429
431
438
453
460
461
287
533
581
653
758
799
989
1027
346
202
172
491
125
205
118
121
487
447
185
186
187
189
354
431
324
326
503
700
126
125
128
130
131
262
362
218
302
505
542
143
297
310
842
557
346
727
1278
329
331
132
129
711
184
639
409
435
463
465
159
346
118
1085
414
244
445
268
372
463
536
734
1007
316
325
326
422
549
638
647
293
119
464
207
122
125
126
126
130
831
173
206
392
498
205
210
350
352
633
446
582
262
347
175
180
267
394
721
263
263
805
582
346
273
208
490
28
40
761
355
888
925
475
263
243
143
445
275
280
373
383
447
463
640
642
646
691
956
442
1045
200
203
391
214
217
288
289
413
423
472
276
371
684
1056
660
1179
352
470
597
607
812
817
942
110
1616
208
740
418
525
467
198
339
303
552
647
461
545
271
639
647
663
356
360
1293
496
159
1422
425
42
62
998
779
395
823
1163
431
523
306
639
643
310
317
895
1103
587
842
449
185
262
221
117
208
664
465
280
281
349
349
583
344
1541
730
182
110
264
1751
355
125
180
181
211
217
830
463
438
454
723
268
541
1137
625
286
1087
132
151
560
194
459
1222
126
204
347
1578
627
426
113
869
538
113
661
208
292
306
1011
335
162
526
199
199
418
263
515
1730
710
960
981
1073
316
1290
311
310
716
749
1173
202
254
259
344
280
558
251
585
337
289
823
971
502
1789
310
106
217
785
124
132
133
134
138
138
169
171
225
322
424
537
1388
75
28
30
68
198
127
28
32
40
57
353
448
708
635
129
310
262
418
415
273
336
251
426
258
261
179
135
143
918
425
521
593
624
277
279
369
172
177
458
96
135
559
637
647
729
845
1192
526
531
52
33
171
28
28
29
30
40
537
448
215
260
31
28
84
428
633
339
433
444
348
957
442
415
753
895
534
765
377
128
173
256
191
244
430
353
519
264
212
352
123
124
547
560
462
175
226
231
540
675
684
565
774
363
543
449
263
263
265
398
143
156
157
158
168
194
202
254
261
267
323
498
384
385
745
585
310
417
225
227
193
146
414
631
824
223
318
345
632
316
623
318
423
615
321
400
321
429
642
649
657
485
287
245
207
356
353
749
276
213
1363
842
632
310
425
119
120
347
351
592
310
318
322
441
765
870
897
1003
1158
446
262
263
265
350
445
196
197
199
445
359
417
450
111
118
214
231
246
261
737
1282
913
1168
589
690
812
938
313
158
248
965
203
202
575
357
348
349
456
462
474
545
710
813
945
351
285
346
535
752
939
311
694
313
314
318
321
427
340
640
737
631
388
1579
600
196
686
720
340
340
342
582
807
822
821
442
346
352
419
343
341
343
473
574
826
1273
202
762
343
274
792
297
756
346
350
358
462
587
422
839
272
563
202
203
346
162
527
118
521
1098
351
631
444
268
446
744
692
263
413
415
355
281
627
202
282
295
367
421
571
934
319
832
263
744
274
210
281
353
363
418
723
273
360
212
366
363
838
649
665
265
830
190
106
156
698
192
311
419
837
418
203
489
722
464
350
583
144
109
112
259
351
592
750
589
600
722
945
782
1329
263
344
143
145
190
340
457
947
243
329
586
446
262
358
535
216
466
132
133
134
138
139
173
185
222
465
448
446
706
824
350
268
269
446
210
208
836
213
221
223
282
292
304
349
358
368
382
443
481
820
581
1168
512
691
649
269
270
361
378
464
1155
785
191
745
279
1017
577
553
230
822
178
263
629
262
499
311
244
255
355
505
584
624
701
886
249
251
446
351
715
351
632
444
420
415
252
254
705
268
527
336
342
345
357
436
502
510
356
689
804
346
203
125
675
252
249
202
459
277
1041
349
358
375
472
486
501
587
603
269
443
738
842
978
360
276
288
309
373
422
469
565
568
326
1315
1329
616
639
714
823
984
1046
1019
4158
723
465
953
3413
586
10248
714
250
253
253
311
472
469
159
165
171
181
212
239
252
276
320
343
344
354
368
382
559
627
682
798
800
1111
859
320
239
252
583
428
526
573
590
927
197
334
405
709
585
325
884
358
380
385
323
329
506
508
432
623
633
560
673
988
990
993
719
293
1418
812
1686
350
459
475
823
1216
1243
1268
489
263
1287
330
345
431
600
14434
1431
572
771
350
1045
832
930
200
414
469
142
353
280
281
510
369
370
455
244
254
332
335
340
760
701
284
362
367
416
497
707
345
346
839
520
276
144
240
272
1497
417
142
674
412
583
584
315
317
322
326
329
334
354
356
358
359
363
369
372
383
384
385
401
404
423
452
459
485
502
511
545
562
586
594
602
612
624
636
646
744
753
769
789
814
819
841
856
450
879
907
907
911
920
1049
1053
1079
1088
1089
1161
1184
1260
398
1285
413
413
415
418
1292
1292
1389
575
599
624
1516
1566
1620
1622
764
884
929
936
1970
1981
1206
2134
2212
510
1632
340
443
465
597
927
955
339
276
278
354
624
190
155
156
157
158
160
164
166
1106
208
425
346
455
187
189
202
207
811
365
371
382
387
321
322
386
490
500
627
697
697
392
648
735
752
914
661
1084
1307
1382
1581
1632
1654
576
262
247
340
119
265
131
168
173
290
293
511
460
598
577
471
626
445
331
342
625
844
575
340
343
346
831
572
591
691
357
602
952
974
94
199
207
572
455
832
219
940
207
263
729
449
262
160
175
210
270
389
264
479
584
444
346
633
201
262
337
703
350
343
225
761
324
771
979
469
263
352
481
600
638
959
1302
244
206
951
351
358
365
464
492
589
608
826
853
952
458
166
236
255
286
292
693
695
704
758
860
420
421
1012
826
409
203
355
341
581
1000
282
171
263
196
32
41
47
95
617
198
97
170
208
229
283
267
956
277
336
341
532
567
854
190
219
1066
304
127
449
265
268
353
642
995
125
125
134
134
147
154
155
162
203
207
221
243
302
366
391
479
786
576
429
805
905
673
365
343
419
702
585
581
613
953
1083
402
1536
1225
267
423
448
336
84
30
334
773
280
205
203
330
332
338
343
439
502
596
279
204
978
354
574
498
480
663
202
209
279
289
354
926
205
121
246
194
456
420
192
202
203
340
239
331
337
675
745
296
345
272
202
566
202
346
444
328
263
330
725
143
245
287
385
112
687
326
403
267
270
398
462
830
837
295
33
354
455
745
219
137
138
194
232
238
3444
281
293
376
665
214
555
262
690
1098
11599
344
1277
198
151
425
490
333
342
444
369
222
663
1090
507
196
333
443
262
267
276
282
287
288
470
478
496
554
628
648
679
741
862
965
340
196
201
204
206
573
32
36
695
1282
1069
350
695
702
197
444
262
272
622
626
333
339
475
235
119
161
442
197
157
263
267
118
120
124
143
144
170
176
183
223
228
281
296
422
456
680
155
233
824
464
115
157
728
291
169
174
176
231
299
519
559
199
203
333
463
347
833
119
113
516
409
409
317
433
754
193
197
201
249
454
516
411
416
618
920
347
353
848
921
351
966
347
534
302
785
1858
129
258
344
339
726
468
700
569
124
731
133
142
146
191
196
212
229
280
455
541
203
202
449
347
268
170
176
294
543
738
306
274
202
490
218
220
237
244
272
292
312
348
375
397
403
425
544
563
606
660
881
884
1064
233
117
317
273
204
207
211
216
348
640
1261
593
268
454
281
1147
349
361
450
381
926
1040
1323
216
124
285
353
284
1227
287
132
166
179
214
231
367
1119
271
273
352
446
1022
226
167
642
643
376
484
495
576
585
513
274
515
205
538
561
316
648
571
340
811
1042
168
261
168
262
1166
412
176
310
319
324
354
414
415
422
170
524
476
482
357
1059
206
414
421
263
271
354
411
493
572
1169
601
876
464
936
433
1246
644
641
721
357
476
638
280
1358
122
122
779
382
632
202
172
179
385
460
486
544
554
315
185
146
147
221
235
895
923
342
360
1033
436
449
484
514
314
326
328
329
330
333
339
340
344
407
430
530
745
771
861
355
1049
1096
1204
1417
648
348
352
355
1629
599
833
458
273
533
1587
119
206
408
127
169
749
318
533
571
267
354
391
948
473
496
576
417
304
408
418
516
554
1040
1325
744
1232
532
1216
407
344
271
282
422
937
1004
301
346
214
127
128
182
231
284
401
485
281
207
119
120
777
392
951
652
308
309
774
120
260
123
128
124
183
1433
365
573
573
582
667
263
127
129
582
1038
819
377
720
305
309
311
314
330
341
419
426
548
568
633
644
661
747
764
347
946
369
1209
1386
463
353
127
226
293
470
261
262
626
265
280
283
303
355
359
368
405
407
411
453
464
475
511
583
661
674
768
850
452
184
353
447
476
477
488
605
712
356
627
1092
273
423
481
595
357
360
163
364
368
368
378
163
604
609
634
733
1077
1134
1236
167
167
401
324
223
316
624
267
263
353
357
345
455
626
272
322
418
726
325
408
407
247
196
266
272
560
722
278
291
295
354
370
411
412
475
664
1009
1710
1242
286
534
880
267
416
360
592
648
491
361
504
575
695
270
209
285
354
482
499
473
352
124
125
599
601
169
172
228
728
473
483
318
534
356
357
448
441
352
205
203
376
279
502
146
185
188
234
88
34
38
120
128
390
458
469
586
694
197
718
351
263
470
358
447
267
271
442
353
414
415
623
124
830
142
147
282
369
334
632
237
671
360
271
388
498
672
950
949
1245
1357
1390
387
186
256
324
573
337
403
351
353
482
476
599
282
87
527
380
186
454
267
511
332
809
443
273
359
363
442
659
837
106
446
188
355
177
172
183
666
837
996
1173
285
1347
538
354
44
42
332
